0 0.133073 0.343519 0.00572917 0.0259259 0.101939
0 0.259115 0.326852 0.00572917 0.0259259 0.102867
0 0.332552 0.399074 0.00989583 0.05 0.103161
0 0.532552 0.384259 0.0130208 0.0314815 0.11212
0 0.448698 0.380093 0.0109375 0.0435185 0.132954
0 0.529427 0.358333 0.00885417 0.0259259 0.14326
0 0.279427 0.398148 0.00885417 0.0351852 0.150464
0 0.672396 0.363889 0.00729167 0.0388889 0.167226
0 0.489062 0.376389 0.009375 0.0416667 0.173052
0 0.13125 0.430093 0.00729167 0.0305556 0.174339
0 0.441667 0.376389 0.00833333 0.0361111 0.175638
0 0.477604 0.378704 0.00833333 0.0407407 0.191117
0 0.328125 0.39213 0.00833333 0.0342593 0.2155
0 0.635938 0.379167 0.00520833 0.0157407 0.222807
0 0.70599 0.364352 0.00885417 0.0435185 0.250386
0 0.778385 0.368519 0.00885417 0.0444444 0.253517
0 0.680469 0.358796 0.0119792 0.0361111 0.270634
0 0.436198 0.377315 0.00572917 0.0305556 0.272921
0 0.0789063 0.450463 0.00885417 0.0490741 0.275341
0 0.785677 0.366204 0.0078125 0.0472222 0.302061
0 0.501302 0.374074 0.0119792 0.0444444 0.31072
0 0.459375 0.379167 0.0104167 0.0453704 0.313044
0 0.0872396 0.449074 0.0109375 0.0537037 0.316336
0 0.809896 0.367593 0.009375 0.0425926 0.332004
0 0.33724 0.398611 0.0130208 0.0509259 0.367079
0 0.752083 0.364352 0.0104167 0.0546296 0.381215
0 0.535156 0.394907 0.0182292 0.0509259 0.394141
0 0.0960938 0.441204 0.0119792 0.0527778 0.435886
0 0.189063 0.423611 0.0104167 0.0546296 0.435942
0 0.0640625 0.442593 0.0114583 0.05 0.445646
0 0.307813 0.397685 0.00625 0.0398148 0.463689
0 0.351562 0.394907 0.0125 0.0453704 0.465895
0 0.196354 0.428241 0.009375 0.0435185 0.479729
0 0.628906 0.366204 0.00885417 0.0398148 0.484816
0 0.719792 0.361574 0.0104167 0.0490741 0.517221
0 0.791927 0.363426 0.0078125 0.0546296 0.522877
0 0.644271 0.365278 0.00833333 0.0435185 0.528109
0 0.00859375 0.465741 0.00989583 0.05 0.548728
0 0.0367187 0.461574 0.0151042 0.0675926 0.653602
0 0.211198 0.423611 0.0109375 0.0490741 0.687745
0 0.835417 0.382407 0.0125 0.0296296 0.711537
0 0.951042 0.367593 0.0104167 0.062963 0.75041
0 0.73099 0.393519 0.0161458 0.0648148 0.782119
0 0.523438 0.430556 0.0333333 0.0888889 0.807361
0 0.411719 0.406944 0.0171875 0.106481 0.826443
0 0.680729 0.396759 0.01875 0.0546296 0.856768
0 0.316667 0.441204 0.0197917 0.0842593 0.862317
0 0.123438 0.494907 0.0239583 0.126852 0.87649
0 0.985417 0.428704 0.0291667 0.218519 0.916575
0 0.58125 0.427315 0.0333333 0.0805556 0.917567
0 0.465885 0.431944 0.0338542 0.0935185 0.949844
