0 0.563802 0.377778 0.0046875 0.0148148 0.103919
0 0.0830729 0.35463 0.00572917 0.0240741 0.104346
0 0.735937 0.362037 0.0114583 0.0388889 0.120706
0 0.621875 0.363426 0.009375 0.0416667 0.132895
0 0.845573 0.372685 0.00677083 0.0268519 0.147217
0 0.781771 0.356019 0.00833333 0.0472222 0.147691
0 0.583854 0.362963 0.00729167 0.037037 0.165065
0 0.554688 0.356944 0.009375 0.0268519 0.182135
0 0.959115 0.352315 0.00572917 0.0157407 0.189398
0 0.939323 0.35 0.00677083 0.0185185 0.200432
0 0.183073 0.330556 0.00572917 0.0259259 0.225244
0 0.154167 0.421296 0.0104167 0.0481481 0.229193
0 0.607031 0.359722 0.0119792 0.0435185 0.252064
0 0.25599 0.404167 0.00885417 0.0509259 0.256168
0 0.348698 0.388426 0.00989583 0.0490741 0.264225
0 0.279427 0.396296 0.0119792 0.0518519 0.279805
0 0.357031 0.387037 0.0109375 0.0481481 0.299966
0 0.326823 0.389815 0.0119792 0.0425926 0.335
0 0.236979 0.410648 0.0125 0.0435185 0.340221
0 0.302604 0.394907 0.0135417 0.0490741 0.340791
0 0.341406 0.389352 0.00989583 0.0453704 0.341353
0 0.65625 0.360648 0.009375 0.0453704 0.359849
0 0.194792 0.407407 0.009375 0.0333333 0.381917
0 0.251042 0.407407 0.0125 0.0462963 0.392883
0 0.678125 0.360185 0.0114583 0.0537037 0.398193
0 0.572135 0.363426 0.0078125 0.0398148 0.403406
0 0.646094 0.35787 0.00989583 0.0490741 0.419086
0 0.176823 0.415278 0.00989583 0.037963 0.434885
0 0.377865 0.375926 0.00885417 0.0351852 0.498808
0 0.227865 0.406019 0.0078125 0.0416667 0.504881
0 0.979948 0.360648 0.00677083 0.0342593 0.50584
0 0.716667 0.358333 0.00833333 0.0518519 0.517883
0 0.028125 0.456019 0.0177083 0.0583333 0.599658
0 0.166667 0.418981 0.0125 0.0453704 0.625352
0 0.945052 0.373611 0.00885417 0.0416667 0.62546
0 0.0526042 0.350926 0.00625 0.0277778 0.625546
0 0.668229 0.369907 0.009375 0.0435185 0.641984
0 0.535677 0.377315 0.00989583 0.0509259 0.665656
0 0.869531 0.357407 0.00989583 0.0537037 0.679854
0 0.632552 0.374537 0.0109375 0.0527778 0.680867
0 0.557552 0.383333 0.00989583 0.0425926 0.697319
0 0.764063 0.384259 0.0229167 0.0537037 0.745326
32 0.841146 0.400926 0.00625 0.0111111 0.798246
0 0.748958 0.390741 0.01875 0.0796296 0.807422
0 0.705469 0.385648 0.0140625 0.0675926 0.825669
0 0.102604 0.490741 0.0260417 0.125926 0.844373
0 0.913542 0.4125 0.034375 0.197222 0.873369
0 0.51224 0.383333 0.0151042 0.0888889 0.875794
0 0.314844 0.455556 0.0223958 0.124074 0.903045
