0 0.00286458 0.474074 0.00572917 0.0425926 0.103715
0 0.114063 0.341204 0.00833333 0.0416667 0.112921
0 0.32526 0.3875 0.00677083 0.0361111 0.127101
0 0.739844 0.358333 0.0078125 0.0481481 0.143112
0 0.91849 0.347222 0.00677083 0.0203704 0.151917
0 0.320052 0.387963 0.0078125 0.037037 0.185447
0 0.222135 0.409259 0.00989583 0.0444444 0.188467
0 0.661458 0.360648 0.00833333 0.0416667 0.18999
0 0.877604 0.372685 0.00625 0.0268519 0.191466
0 0.613021 0.362037 0.00729167 0.0388889 0.192052
0 0.333854 0.387963 0.00833333 0.0462963 0.219375
0 0.424219 0.373148 0.0078125 0.037037 0.23985
0 0.707031 0.360185 0.0109375 0.0518519 0.26121
0 0.351042 0.389815 0.0104167 0.0481481 0.262779
0 0.697656 0.362037 0.00989583 0.0481481 0.27652
0 0.359375 0.391204 0.009375 0.0435185 0.295202
0 0.675781 0.356481 0.0109375 0.0481481 0.300403
0 0.404167 0.382407 0.0104167 0.0444444 0.304931
0 0.989323 0.358333 0.00885417 0.0314815 0.322923
0 0.0851562 0.348611 0.00677083 0.0287037 0.324671
0 0.214062 0.328704 0.00625 0.0259259 0.364526
0 0.389323 0.383796 0.00989583 0.0453704 0.377814
0 0.24375 0.412963 0.0114583 0.0444444 0.395519
0 0.600781 0.3625 0.0078125 0.0416667 0.399854
0 0.582812 0.361111 0.0104167 0.0425926 0.436563
0 0.689844 0.369907 0.0109375 0.0435185 0.437596
0 0.746354 0.35787 0.00833333 0.0527778 0.441199
0 0.978125 0.373148 0.009375 0.0425926 0.460844
0 0.255208 0.404167 0.0104167 0.0564815 0.490588
0 0.734635 0.387963 0.0140625 0.0611111 0.525638
0 0.789844 0.375926 0.0119792 0.0296296 0.580826
0 0.286719 0.400463 0.00989583 0.0509259 0.593982
0 0.542448 0.378704 0.0078125 0.0444444 0.604517
0 0.901823 0.359722 0.0109375 0.0583333 0.636402
0 0.159896 0.419907 0.009375 0.0435185 0.63864
0 0.116406 0.433796 0.00885417 0.0546296 0.649134
0 0.567708 0.383333 0.009375 0.0462963 0.660053
0 0.622917 0.37963 0.0135417 0.0574074 0.773046
0 0.0101562 0.464352 0.0119792 0.0564815 0.777577
0 0.720312 0.398148 0.0270833 0.0851852 0.817744
0 0.759115 0.380093 0.0234375 0.0712963 0.819366
0 0.133854 0.485185 0.0270833 0.122222 0.895942
0 0.945833 0.415741 0.0302083 0.203704 0.8982
0 0.266667 0.464352 0.0302083 0.115741 0.900027
0 0.489844 0.387963 0.0203125 0.0925926 0.92215
0 0.671094 0.400463 0.0234375 0.0731481 0.92664
