0 0.821094 0.365741 0.00989583 0.0407407 0.104044
0 0.686458 0.356944 0.0114583 0.0361111 0.113326
0 0.426302 0.382407 0.0109375 0.0462963 0.118603
0 0.509896 0.366667 0.00729167 0.0314815 0.132135
0 0.269792 0.40463 0.00833333 0.0425926 0.135818
0 0.664323 0.363889 0.00677083 0.037037 0.137022
0 0.816667 0.365741 0.00833333 0.0407407 0.137141
0 0.335677 0.387963 0.00885417 0.0314815 0.143299
0 0.666927 0.363889 0.00677083 0.037037 0.148312
0 0.7 0.363889 0.009375 0.0425926 0.154367
0 0.759115 0.362963 0.0119792 0.0518519 0.155008
0 0.0169271 0.458333 0.00885417 0.0444444 0.159056
0 0.678385 0.362037 0.0078125 0.0425926 0.164072
0 0.472135 0.37963 0.00885417 0.0407407 0.164107
0 0.48151 0.377315 0.00989583 0.0398148 0.167075
0 0.0273438 0.457407 0.00989583 0.0351852 0.186673
0 0.93151 0.377315 0.00677083 0.0268519 0.186921
0 0.217448 0.411574 0.00677083 0.0305556 0.206243
0 0.313021 0.398148 0.009375 0.0425926 0.219319
0 0.265365 0.325926 0.00572917 0.0259259 0.258749
0 0.388021 0.3875 0.00833333 0.037963 0.260864
0 0.641927 0.377315 0.00572917 0.0157407 0.26657
0 0.501302 0.369907 0.00885417 0.0398148 0.299936
0 0.373437 0.396759 0.00729167 0.0398148 0.302018
0 0.278385 0.407407 0.0119792 0.05 0.303227
0 0.167969 0.338426 0.0078125 0.0416667 0.307903
0 0.650521 0.364352 0.00833333 0.0398148 0.311074
0 0.43724 0.383333 0.0109375 0.0481481 0.335245
0 0.241406 0.425463 0.0109375 0.0305556 0.339861
0 0.597917 0.363889 0.0104167 0.0388889 0.342423
0 0.798177 0.361574 0.00885417 0.0527778 0.348087
0 0.411198 0.37963 0.00572917 0.0314815 0.381398
0 0.0335938 0.440278 0.00885417 0.025 0.38526
0 0.7125 0.3625 0.009375 0.0435185 0.396585
32 0.541146 0.440278 0.009375 0.0138889 0.418959
0 0.582292 0.381944 0.009375 0.0416667 0.420511
0 0.0533854 0.448148 0.0109375 0.037037 0.426593
0 0.00989583 0.461111 0.0145833 0.05 0.467695
0 0.139583 0.343056 0.00625 0.025 0.49298
0 0.726042 0.359722 0.0104167 0.0490741 0.509987
0 0.738802 0.381944 0.0151042 0.0583333 0.578977
0 0.0825521 0.450463 0.00989583 0.0509259 0.581113
0 0.0885417 0.45 0.0104167 0.0481481 0.582543
0 0.842188 0.380093 0.0125 0.0287037 0.61724
0 0.257552 0.416204 0.0130208 0.0453704 0.621625
0 0.633333 0.3625 0.00833333 0.0435185 0.674221
0 0.532292 0.40463 0.0125 0.0685185 0.697211
0 0.688542 0.385648 0.0145833 0.0453704 0.769958
0 0.571354 0.392593 0.015625 0.0722222 0.770703
0 0.958333 0.364815 0.0104167 0.0574074 0.771899
0 0.541667 0.411574 0.0208333 0.0731481 0.796793
0 0.455469 0.398611 0.0161458 0.0990741 0.830977
0 0.326042 0.437963 0.0208333 0.0740741 0.874267
0 0.142448 0.489352 0.0307292 0.119444 0.904564
0 0.989323 0.428241 0.0213542 0.219444 0.910811
