13 0.89349 0.379167 0.0234375 0.025 0.106537
0 0.277865 0.398148 0.0078125 0.0351852 0.117985
0 0.258594 0.403704 0.0078125 0.0388889 0.124174
0 0.670313 0.366667 0.00729167 0.0444444 0.126374
0 0.526302 0.358333 0.00677083 0.0240741 0.1452
0 0.486198 0.377778 0.0078125 0.0388889 0.159439
0 0.740885 0.365741 0.0109375 0.05 0.164888
0 0.257552 0.327315 0.00572917 0.025 0.179202
0 0.433594 0.377315 0.00677083 0.0305556 0.181038
0 0.655208 0.365278 0.00729167 0.037963 0.181484
0 0.496094 0.373611 0.00989583 0.0435185 0.195584
0 0.678646 0.35787 0.0125 0.0342593 0.197229
0 0.784115 0.365278 0.0078125 0.0472222 0.206884
0 0.325521 0.391667 0.009375 0.0351852 0.207608
0 0.777083 0.369444 0.009375 0.0425926 0.266953
0 0.704167 0.364815 0.009375 0.0425926 0.274321
0 0.336198 0.399537 0.0130208 0.0527778 0.286668
0 0.346094 0.394907 0.0151042 0.0453704 0.319213
0 0.75026 0.364352 0.0119792 0.0546296 0.324574
0 0.304167 0.396759 0.00625 0.0398148 0.345877
0 0.530729 0.393056 0.0104167 0.0490741 0.361495
0 0.5375 0.389815 0.009375 0.05 0.37223
0 0.634375 0.379167 0.00625 0.0157407 0.375941
0 0.455729 0.380093 0.0125 0.0472222 0.391226
0 0.717969 0.361574 0.0109375 0.0490741 0.393612
0 0.0770833 0.450926 0.00833333 0.05 0.398322
0 0.808333 0.36713 0.009375 0.0416667 0.408779
0 0.0882813 0.444907 0.0151042 0.062037 0.413313
0 0.642969 0.364815 0.0078125 0.0425926 0.45026
0 0.198698 0.428241 0.0109375 0.0435185 0.480384
0 0.789844 0.363426 0.00885417 0.0546296 0.511365
0 0.0604167 0.443981 0.0145833 0.0453704 0.511568
0 0.191406 0.424074 0.0119792 0.0555556 0.574862
0 0.626823 0.366204 0.0078125 0.0398148 0.595362
0 0.00572917 0.468519 0.0114583 0.0425926 0.646917
0 0.21224 0.423611 0.0130208 0.0472222 0.698013
0 0.833854 0.381481 0.0125 0.0296296 0.719037
0 0.948958 0.366667 0.0104167 0.0611111 0.783625
0 0.730729 0.393056 0.0166667 0.0601852 0.796061
0 0.0328125 0.4625 0.0208333 0.0675926 0.813209
0 0.679427 0.39213 0.0171875 0.062037 0.817893
0 0.521094 0.425463 0.0255208 0.0861111 0.840998
0 0.313021 0.440741 0.0166667 0.087037 0.856417
0 0.410937 0.406019 0.015625 0.108333 0.871103
0 0.477083 0.426852 0.0229167 0.0888889 0.884582
0 0.572917 0.423148 0.0270833 0.0777778 0.909131
0 0.131771 0.496759 0.0354167 0.121296 0.915044
0 0.984635 0.428704 0.0307292 0.218519 0.918025
