0 0.305729 0.394907 0.00833333 0.0342593 0.100861
0 0.63151 0.377315 0.00572917 0.0138889 0.102233
0 0.402344 0.380556 0.00885417 0.0425926 0.109077
0 0.157031 0.338889 0.0078125 0.0407407 0.109724
0 0.325781 0.389815 0.00885417 0.0296296 0.118675
0 0.892448 0.363889 0.0078125 0.0444444 0.12122
0 0.652083 0.363426 0.00729167 0.0398148 0.121353
0 0.0111979 0.462037 0.0119792 0.0333333 0.123625
0 0.408854 0.38287 0.00833333 0.0472222 0.126755
0 0.65651 0.362037 0.00677083 0.0388889 0.128608
0 0.21875 0.407407 0.00520833 0.0203704 0.134506
0 0.254427 0.326389 0.00572917 0.025 0.142367
0 0.459115 0.377778 0.00885417 0.0425926 0.166117
0 0.747396 0.362037 0.0114583 0.0537037 0.167205
36 0.45026 0.443981 0.0130208 0.00833333 0.190727
0 0.495833 0.366204 0.00833333 0.0324074 0.191138
0 0.775 0.363889 0.00833333 0.0481481 0.191286
0 0.667448 0.361574 0.0078125 0.0416667 0.203122
0 0.396354 0.381481 0.00833333 0.0314815 0.203657
0 0.919792 0.377778 0.00625 0.0277778 0.223239
0 0.676042 0.360185 0.0114583 0.0425926 0.260579
0 0.372656 0.387037 0.0078125 0.0351852 0.265556
0 0.424479 0.382407 0.0104167 0.0444444 0.271673
0 0.532031 0.395833 0.0119792 0.0490741 0.284279
0 0.486719 0.369907 0.0078125 0.0398148 0.289745
0 0.276042 0.398611 0.00833333 0.0361111 0.30177
0 0.434375 0.38287 0.009375 0.0435185 0.327693
0 0.805469 0.364352 0.00989583 0.0435185 0.327764
0 0.365625 0.394444 0.00729167 0.0425926 0.334734
0 0.702083 0.362037 0.009375 0.0444444 0.341004
0 0.715104 0.362037 0.0104167 0.0481481 0.345031
0 0.786719 0.3625 0.00885417 0.0546296 0.379476
0 0.128385 0.343519 0.00572917 0.0259259 0.381721
0 0.640885 0.363426 0.00885417 0.0416667 0.385206
0 0.0192708 0.449537 0.009375 0.0398148 0.385664
0 0.298438 0.396296 0.00833333 0.0407407 0.396424
0 0.255469 0.411111 0.0109375 0.05 0.414701
0 0.726562 0.371296 0.009375 0.0425926 0.424071
0 0.573438 0.381944 0.009375 0.0416667 0.433341
0 0.0382813 0.450463 0.00989583 0.037963 0.49664
0 0.071875 0.454167 0.0145833 0.0490741 0.505383
0 0.251302 0.4125 0.0109375 0.0527778 0.527013
0 0.236458 0.418056 0.009375 0.0472222 0.585975
0 0.622917 0.3625 0.009375 0.0416667 0.603792
0 0.83099 0.379167 0.0119792 0.0287037 0.621441
0 0.735677 0.382407 0.0119792 0.0574074 0.646644
32 0.541146 0.446296 0.009375 0.0148148 0.676982
0 0.563542 0.392593 0.0114583 0.0685185 0.729263
0 0.945833 0.363889 0.0114583 0.0592593 0.735771
0 0.683594 0.380556 0.0140625 0.0518519 0.761122
0 0.519271 0.406019 0.0145833 0.0657407 0.762824
0 0.44974 0.397222 0.0151042 0.0962963 0.789437
0 0.540625 0.411574 0.0302083 0.0768519 0.860073
0 0.304948 0.438889 0.0213542 0.0814815 0.886148
0 0.121875 0.490741 0.0177083 0.122222 0.894296
0 0.983594 0.424537 0.0328125 0.215741 0.918551
