0 0.445312 0.375926 0.0104167 0.0351852 0.103
0 0.283594 0.397685 0.0078125 0.0342593 0.105977
0 0.660417 0.366667 0.00729167 0.0388889 0.110262
0 0.263281 0.326852 0.00572917 0.0240741 0.114383
0 0.755208 0.365741 0.0114583 0.0537037 0.128004
0 0.535417 0.36713 0.0104167 0.0398148 0.129854
0 0.511198 0.373611 0.0078125 0.0435185 0.136259
0 0.746094 0.368056 0.00989583 0.0453704 0.139584
0 0.684115 0.362963 0.0109375 0.0425926 0.151313
0 0.505729 0.374537 0.009375 0.0416667 0.160258
0 0.789583 0.366667 0.00729167 0.0481481 0.166186
0 0.108073 0.424537 0.00885417 0.0287037 0.209829
36 0.415625 0.456944 0.0177083 0.00833333 0.213755
0 0.496354 0.376852 0.009375 0.0425926 0.214574
0 0.676042 0.365741 0.00729167 0.0425926 0.215141
0 0.484115 0.379167 0.00885417 0.0435185 0.219427
0 0.423958 0.382407 0.00729167 0.0351852 0.229481
0 0.783073 0.369444 0.0078125 0.0462963 0.230473
0 0.530208 0.385185 0.01875 0.0388889 0.234882
0 0.351823 0.394444 0.00677083 0.0407407 0.243459
0 0.315365 0.395833 0.00677083 0.0416667 0.25386
0 0.465365 0.379167 0.0109375 0.0453704 0.259049
0 0.813802 0.368519 0.00885417 0.0425926 0.261191
0 0.136979 0.343519 0.00625 0.0259259 0.276165
0 0.639063 0.380556 0.00625 0.0166667 0.283054
0 0.735677 0.374537 0.00885417 0.0398148 0.293724
0 0.0833333 0.450463 0.009375 0.0490741 0.305826
0 0.709635 0.363889 0.00885417 0.0444444 0.312048
0 0.346875 0.394444 0.00729167 0.0425926 0.325495
0 0.927604 0.368981 0.00833333 0.0490741 0.336508
0 0.0914062 0.45 0.0109375 0.0481481 0.354066
0 0.128646 0.431944 0.00833333 0.0324074 0.360391
0 0.1875 0.425926 0.0114583 0.05 0.381483
0 0.364323 0.394444 0.0130208 0.0444444 0.430056
0 0.647917 0.366204 0.00833333 0.0435185 0.43638
0 0.335156 0.399537 0.0119792 0.0509259 0.438704
0 0.795573 0.364815 0.00885417 0.0555556 0.443551
0 0.0697917 0.441204 0.0114583 0.0453704 0.482105
0 0.195573 0.42963 0.0151042 0.0444444 0.528272
0 0.0161458 0.464815 0.0104167 0.0481481 0.581047
0 0.0447917 0.459259 0.0135417 0.0666667 0.62651
0 0.632812 0.365741 0.00833333 0.0407407 0.649612
0 0.729427 0.392593 0.0151042 0.0666667 0.688527
0 0.838802 0.38287 0.0119792 0.0287037 0.690007
0 0.210417 0.423148 0.0114583 0.05 0.707806
32 0.532292 0.462963 0.0104167 0.0185185 0.746235
0 0.955208 0.368519 0.0104167 0.062963 0.809773
0 0.457292 0.432407 0.0177083 0.0907407 0.829576
0 0.414062 0.406944 0.0197917 0.106481 0.854627
0 0.685156 0.398148 0.0130208 0.0555556 0.861738
0 0.534115 0.433333 0.0307292 0.0833333 0.877641
0 0.98776 0.430556 0.0244792 0.218519 0.885763
0 0.321094 0.443056 0.0182292 0.0824074 0.901809
0 0.111458 0.497222 0.0333333 0.124074 0.907068
0 0.589323 0.420833 0.0338542 0.0972222 0.930323
