0 0.264583 0.335185 0.00625 0.0240741 0.105661
0 0.873177 0.378704 0.00989583 0.0481481 0.118718
0 0.784635 0.374074 0.0078125 0.0388889 0.122441
0 0.945573 0.381944 0.0109375 0.0472222 0.127386
0 0.790625 0.374074 0.00729167 0.0388889 0.129336
0 0.651302 0.376852 0.00677083 0.0388889 0.132257
0 0.80026 0.373611 0.0078125 0.0435185 0.142031
38 0.0666667 0.496296 0.0125 0.0111111 0.151656
0 0.417969 0.407407 0.0119792 0.0351852 0.151699
0 0.919531 0.378241 0.00885417 0.0527778 0.159772
0 0.772917 0.37037 0.00833333 0.0351852 0.169419
0 0.00338542 0.472222 0.00677083 0.0481481 0.174772
0 0.0109375 0.453704 0.00833333 0.0222222 0.175526
0 0.501823 0.384722 0.0078125 0.0398148 0.181146
0 0.0138021 0.430556 0.00572917 0.0222222 0.184349
0 0.127344 0.426389 0.00677083 0.0231481 0.185158
0 0.821875 0.378241 0.009375 0.0416667 0.190407
0 0.0838542 0.443519 0.009375 0.0351852 0.191274
0 0.646615 0.375463 0.0119792 0.0435185 0.198549
0 0.259375 0.419907 0.00833333 0.0527778 0.212363
0 0.679948 0.367593 0.0078125 0.0333333 0.21468
0 0.186719 0.425463 0.00677083 0.037963 0.226709
0 0.753906 0.372222 0.00885417 0.0407407 0.241128
0 0.264583 0.423611 0.0145833 0.0453704 0.24445
0 0.721615 0.370833 0.00989583 0.0435185 0.248869
0 0.128125 0.435648 0.00833333 0.0416667 0.258165
0 0.46276 0.387037 0.0078125 0.0333333 0.259376
0 0.236719 0.428241 0.0109375 0.0472222 0.267001
0 0.884635 0.376852 0.0130208 0.0574074 0.271554
0 0.0268229 0.475926 0.00885417 0.0296296 0.284578
0 0.836719 0.376852 0.00885417 0.0462963 0.288008
0 0.580729 0.380093 0.00833333 0.0342593 0.295041
0 0.697917 0.369444 0.009375 0.0407407 0.30994
1 0.642708 0.385185 0.01875 0.0259259 0.314262
0 0.809635 0.372222 0.0119792 0.0462963 0.316969
0 0.558594 0.384259 0.0078125 0.0407407 0.328314
0 0.155729 0.435185 0.0114583 0.037037 0.348307
0 0.972135 0.4 0.0140625 0.0314815 0.366053
0 0.193229 0.425463 0.009375 0.037963 0.375457
0 0.515885 0.406019 0.00989583 0.0435185 0.390145
0 0.926302 0.377315 0.00885417 0.0583333 0.39119
0 0.403646 0.399074 0.00833333 0.0555556 0.395795
0 0.544792 0.388889 0.0104167 0.0388889 0.410856
0 0.85 0.373148 0.0104167 0.0537037 0.429231
0 0.222656 0.42963 0.0130208 0.0592593 0.445521
0 0.482031 0.385648 0.0109375 0.037963 0.447478
0 0.508333 0.416667 0.0104167 0.0648148 0.456793
0 0.139844 0.4375 0.0109375 0.0416667 0.526567
0 0.178906 0.440278 0.00989583 0.0435185 0.544535
0 0.857292 0.386111 0.015625 0.0481481 0.574214
0 0.288802 0.418981 0.0109375 0.0472222 0.575508
0 0.101823 0.446296 0.0119792 0.0444444 0.671377
0 0.25651 0.477315 0.0255208 0.0768519 0.688965
0 0.340885 0.406019 0.0140625 0.0472222 0.726209
32 0.51224 0.47963 0.00989583 0.0185185 0.77092
0 0.23724 0.479167 0.0307292 0.0990741 0.791832
0 0.752865 0.41713 0.0192708 0.0787037 0.796025
0 0.76901 0.415741 0.0192708 0.087037 0.817806
0 0.613542 0.41713 0.021875 0.0842593 0.848107
0 0.492448 0.439352 0.0244792 0.10463 0.869797
0 0.439844 0.42037 0.0296875 0.111111 0.872768
0 0.0614583 0.505093 0.0229167 0.10463 0.899289
