34 0.932552 0.405556 0.0109375 0.0222222 0.100497
0 0.771875 0.3625 0.00729167 0.037963 0.10196
0 0.265365 0.388426 0.00677083 0.0268519 0.11474
0 0.252344 0.40787 0.00989583 0.0435185 0.116356
0 0.828906 0.357407 0.0109375 0.0518519 0.12536
0 0.747135 0.343981 0.00989583 0.025 0.13583
0 0.398698 0.383796 0.0078125 0.0416667 0.166503
0 0.697135 0.368056 0.00885417 0.0472222 0.169084
0 0.239844 0.412037 0.0078125 0.0462963 0.170697
0 0.735937 0.361574 0.00833333 0.0453704 0.172832
0 0.707812 0.359259 0.0125 0.0518519 0.182556
0 0.429948 0.375 0.00677083 0.0388889 0.187065
0 0.286458 0.39537 0.009375 0.0388889 0.20554
0 0.411719 0.376852 0.00989583 0.0444444 0.207745
0 0.392969 0.384259 0.0078125 0.0425926 0.214727
0 0.407031 0.378704 0.00885417 0.0462963 0.270972
0 0.766406 0.362037 0.0109375 0.0407407 0.29205
0 0.992188 0.35787 0.00625 0.0324074 0.310221
0 0.214844 0.328704 0.00572917 0.0259259 0.312582
0 0.435417 0.377315 0.00833333 0.0416667 0.313627
0 0.353906 0.387963 0.00989583 0.05 0.317941
0 0.315365 0.388426 0.0078125 0.0361111 0.326602
0 0.322917 0.388426 0.00833333 0.0342593 0.334575
0 0.211719 0.406019 0.00885417 0.0416667 0.341849
0 0.877865 0.373611 0.00572917 0.0287037 0.345326
0 0.0859375 0.348611 0.00625 0.0268519 0.357656
0 0.6625 0.360185 0.009375 0.0407407 0.363882
0 0.234375 0.409259 0.0114583 0.0481481 0.375658
0 0.291667 0.396759 0.00729167 0.0398148 0.383627
0 0.361458 0.388426 0.009375 0.0453704 0.403291
0 0.584115 0.361111 0.00989583 0.0425926 0.403837
0 0.601823 0.362963 0.0078125 0.0425926 0.405872
0 0.676302 0.357407 0.0109375 0.0481481 0.414775
0 0.00442708 0.471296 0.00885417 0.0444444 0.458133
0 0.689062 0.368981 0.009375 0.0435185 0.477713
0 0.225521 0.408796 0.0114583 0.0453704 0.48808
0 0.165625 0.419444 0.009375 0.0444444 0.528665
0 0.979427 0.374074 0.00885417 0.0444444 0.545325
0 0.790625 0.375463 0.0114583 0.0287037 0.553439
0 0.726562 0.389815 0.015625 0.0611111 0.588085
0 0.54349 0.378704 0.00885417 0.0444444 0.613694
0 0.568229 0.385185 0.0104167 0.0444444 0.695639
0 0.61901 0.379167 0.0130208 0.0564815 0.721431
0 0.902865 0.360648 0.0109375 0.0601852 0.724941
0 0.749479 0.383333 0.0114583 0.0666667 0.727999
0 0.0122396 0.463889 0.0130208 0.0537037 0.779211
0 0.708854 0.393519 0.034375 0.0814815 0.859832
0 0.133854 0.484722 0.0302083 0.123148 0.890986
0 0.651302 0.402315 0.0286458 0.075 0.893355
0 0.946615 0.415741 0.0296875 0.203704 0.903482
0 0.486719 0.389352 0.0234375 0.0953704 0.906658
0 0.252604 0.463426 0.025 0.113889 0.906669
