35 0.530729 0.4125 0.00833333 0.0175926 0.104385
0 0.670313 0.361111 0.00625 0.0407407 0.10487
0 0.75026 0.362963 0.00989583 0.0555556 0.113059
0 0.160156 0.341667 0.0078125 0.0351852 0.125312
0 0.678646 0.351389 0.0114583 0.025 0.130427
0 0.0294271 0.450926 0.00989583 0.0444444 0.131601
0 0.257292 0.325926 0.00625 0.0259259 0.133142
0 0.740625 0.363889 0.00833333 0.0462963 0.135664
0 0.489323 0.376852 0.00885417 0.0351852 0.145464
0 0.494531 0.376852 0.00572917 0.0333333 0.147704
0 0.465885 0.377315 0.00677083 0.0435185 0.151026
0 0.258333 0.402315 0.00729167 0.0361111 0.160557
0 0.277083 0.398148 0.00833333 0.037037 0.162166
0 0.703906 0.362037 0.00885417 0.0425926 0.172486
0 0.654948 0.362963 0.00677083 0.0388889 0.179844
0 0.717448 0.348148 0.00989583 0.0277778 0.186417
0 0.784115 0.3625 0.0078125 0.0490741 0.188484
0 0.777865 0.365278 0.0078125 0.0435185 0.193132
0 0.476823 0.375926 0.00677083 0.0388889 0.196743
0 0.324479 0.39537 0.009375 0.0425926 0.212137
0 0.316927 0.397222 0.00989583 0.0444444 0.23112
0 0.33099 0.394444 0.00989583 0.037037 0.236188
0 0.0145833 0.468519 0.0166667 0.0611111 0.2866
0 0.46224 0.378704 0.00885417 0.0444444 0.307214
0 0.516146 0.366204 0.0104167 0.037963 0.309858
0 0.13099 0.344444 0.00572917 0.0259259 0.331054
0 0.808854 0.364352 0.0104167 0.0416667 0.362359
0 0.288802 0.399074 0.00885417 0.0407407 0.398182
0 0.21875 0.421296 0.009375 0.0481481 0.402389
0 0.642708 0.363889 0.00833333 0.0425926 0.404774
0 0.35026 0.399074 0.0119792 0.0425926 0.443727
0 0.72474 0.371296 0.00989583 0.0444444 0.449263
0 0.20651 0.423148 0.00885417 0.0481481 0.465269
0 0.446615 0.380093 0.0109375 0.0453704 0.477517
0 0.0385417 0.448611 0.009375 0.0435185 0.485417
0 0.790104 0.361574 0.00833333 0.0546296 0.505538
32 0.525 0.436574 0.00625 0.0101852 0.536424
0 0.0554687 0.449537 0.0151042 0.0509259 0.541873
0 0.40026 0.383333 0.00885417 0.0351852 0.573163
0 0.625521 0.362963 0.00833333 0.0425926 0.637471
0 0.545313 0.4 0.0197917 0.0648148 0.642909
0 0.564844 0.383333 0.0119792 0.0462963 0.646799
0 0.0726563 0.452315 0.00989583 0.0490741 0.658056
0 0.225781 0.41713 0.0140625 0.0546296 0.667983
0 0.948438 0.364352 0.0104167 0.062037 0.687155
0 0.0861979 0.450463 0.0119792 0.0490741 0.698794
0 0.833594 0.378704 0.0130208 0.0296296 0.725186
0 0.710417 0.386574 0.0114583 0.0583333 0.740415
0 0.679167 0.387963 0.0125 0.0555556 0.75593
0 0.533594 0.400463 0.0161458 0.0731481 0.761429
0 0.517708 0.408796 0.0229167 0.0731481 0.770804
0 0.30651 0.440278 0.0140625 0.0842593 0.855665
0 0.425781 0.403704 0.0203125 0.101852 0.872176
0 0.1375 0.493056 0.0229167 0.121296 0.892273
0 0.984635 0.425926 0.0307292 0.218519 0.917837
