0 0.770312 0.363889 0.00833333 0.0351852 0.101906
0 0.116146 0.343981 0.00729167 0.0398148 0.117004
0 0.6375 0.35787 0.0125 0.0435185 0.133423
0 0.995833 0.357407 0.00833333 0.0296296 0.140184
0 0.818229 0.373148 0.009375 0.0203704 0.151463
0 0.765365 0.3625 0.00885417 0.0416667 0.172007
0 0.829427 0.357407 0.0109375 0.0518519 0.180418
0 0.5625 0.365278 0.00833333 0.0324074 0.182881
0 0.286198 0.39213 0.0078125 0.0324074 0.185994
0 0.357292 0.388889 0.009375 0.0481481 0.196058
0 0.27526 0.399537 0.0119792 0.0490741 0.214654
0 0.364062 0.388426 0.0104167 0.0453704 0.233053
0 0.924479 0.348611 0.00729167 0.0212963 0.235511
0 0.663281 0.361574 0.00885417 0.0416667 0.241824
0 0.236719 0.413426 0.0119792 0.0546296 0.244244
0 0.676562 0.357407 0.0104167 0.0481481 0.304601
0 0.878125 0.373148 0.00625 0.0277778 0.305294
0 0.227344 0.406944 0.0078125 0.0453704 0.32681
0 0.215104 0.328704 0.00520833 0.0259259 0.337615
0 0.326302 0.3875 0.0078125 0.0324074 0.348033
0 0.407813 0.381481 0.009375 0.0444444 0.354055
0 0.747917 0.355093 0.00833333 0.0490741 0.3712
0 0.294271 0.395833 0.00729167 0.037963 0.378302
0 0.311719 0.388889 0.00885417 0.037037 0.387388
0 0.601823 0.362963 0.0078125 0.0407407 0.387733
0 0.432552 0.37037 0.00677083 0.0333333 0.391481
0 0.689323 0.368981 0.00885417 0.0453704 0.395668
0 0.0864583 0.349074 0.00625 0.0277778 0.40872
29 0.254167 0.512037 0.009375 0.0111111 0.410029
0 0.414844 0.375926 0.00885417 0.0425926 0.410436
0 0.443229 0.374537 0.0114583 0.0398148 0.411857
0 0.395833 0.383796 0.0104167 0.0416667 0.416739
0 0.134896 0.435648 0.0145833 0.0509259 0.472097
0 0.584896 0.362037 0.009375 0.0407407 0.481312
0 0.617188 0.381019 0.0104167 0.0546296 0.561406
0 0.169792 0.418056 0.0104167 0.0435185 0.585549
0 0.979948 0.374537 0.0078125 0.0435185 0.601382
0 0.903385 0.360185 0.0109375 0.0574074 0.609759
0 0.56875 0.385185 0.0104167 0.0444444 0.617498
0 0.790885 0.375926 0.0119792 0.0296296 0.627837
0 0.54349 0.378704 0.0078125 0.0444444 0.661876
0 0.0135417 0.463889 0.015625 0.0518519 0.664023
0 0.71901 0.393056 0.0182292 0.0583333 0.693012
0 0.704687 0.405093 0.0166667 0.0712963 0.836718
0 0.741146 0.386111 0.0197917 0.0666667 0.845282
0 0.638021 0.409259 0.025 0.0759259 0.86005
0 0.479688 0.390278 0.0145833 0.0972222 0.871365
0 0.133333 0.484722 0.0302083 0.123148 0.882217
0 0.946875 0.415278 0.0302083 0.202778 0.899647
0 0.246094 0.461574 0.0255208 0.112037 0.90444
