0 0.730208 0.361574 0.0104167 0.0546296 0.108993
0 0.75599 0.363426 0.0078125 0.0416667 0.11543
0 0.216667 0.410185 0.00625 0.0259259 0.125594
0 0.146354 0.342593 0.00833333 0.0333333 0.12616
0 0.635156 0.363426 0.00677083 0.037963 0.126693
0 0.307031 0.390278 0.00989583 0.0324074 0.166931
0 0.65 0.362963 0.00833333 0.0444444 0.168932
0 0.00260417 0.447222 0.00520833 0.0481481 0.168932
0 0.13724 0.342593 0.00885417 0.0388889 0.194315
0 0.871094 0.363426 0.00989583 0.0453704 0.247555
0 0.613802 0.377315 0.00572917 0.0157407 0.25058
0 0.401823 0.383796 0.00989583 0.0453704 0.256056
0 0.540104 0.366667 0.009375 0.0407407 0.260836
0 0.474479 0.36713 0.00729167 0.0324074 0.279363
0 0.411458 0.384722 0.009375 0.0435185 0.286494
0 0.658333 0.361111 0.0114583 0.0444444 0.295317
32 0.545313 0.455556 0.009375 0.00925926 0.309071
0 0.900521 0.376389 0.00625 0.0268519 0.337457
0 0.786979 0.363889 0.009375 0.0425926 0.339311
0 0.683854 0.361111 0.009375 0.0407407 0.347605
0 0.76875 0.360185 0.00833333 0.0537037 0.349823
0 0.697656 0.359722 0.00989583 0.0490741 0.362637
38 0.955208 0.410185 0.0114583 0.0222222 0.407066
0 0.273177 0.397685 0.0109375 0.037963 0.40977
0 0.236458 0.327315 0.00625 0.025 0.419254
0 0.710417 0.371759 0.009375 0.0435185 0.470174
0 0.372917 0.385185 0.0114583 0.0444444 0.474996
0 0.0161458 0.452778 0.009375 0.0425926 0.480626
0 0.622917 0.362963 0.00833333 0.0425926 0.50305
0 0.605469 0.362963 0.00885417 0.0407407 0.514228
0 0.464063 0.371296 0.0104167 0.0407407 0.531379
0 0.109115 0.344907 0.00572917 0.0268519 0.558985
0 0.22526 0.418056 0.0119792 0.0472222 0.569946
36 0.109115 0.546759 0.0244792 0.012037 0.576475
0 0.522656 0.393519 0.0109375 0.0518519 0.581475
0 0.0466146 0.457407 0.00989583 0.05 0.595013
0 0.351823 0.394444 0.0130208 0.0462963 0.616518
0 0.0549479 0.455093 0.0109375 0.0490741 0.624485
0 0.241146 0.415741 0.0125 0.0462963 0.625364
0 0.926562 0.362963 0.0104167 0.0592593 0.660668
0 0.81276 0.378241 0.0119792 0.0287037 0.660967
0 0.557292 0.392593 0.015625 0.0611111 0.674365
0 0.67526 0.383333 0.0161458 0.0481481 0.741045
0 0.722656 0.383333 0.0119792 0.0592593 0.743491
0 0.538281 0.4125 0.0265625 0.0898148 0.814574
0 0.508594 0.405556 0.0182292 0.0685185 0.838597
0 0.279427 0.44213 0.0171875 0.0842593 0.854698
32 0.557031 0.449537 0.00885417 0.0157407 0.868403
0 0.439844 0.398611 0.0244792 0.0990741 0.884193
0 0.107031 0.490278 0.0223958 0.119444 0.889768
0 0.966667 0.422685 0.0375 0.210185 0.910934
