0 0.0695312 0.4375 0.00572917 0.0231481 0.12452
0 0.867969 0.376852 0.0078125 0.0444444 0.129331
13 0.0575521 0.457407 0.0463542 0.0277778 0.129431
0 0.873698 0.375463 0.0078125 0.0453704 0.14022
0 0.525 0.383796 0.009375 0.0398148 0.173734
0 0.529688 0.401852 0.0177083 0.0444444 0.176776
0 0.422917 0.389352 0.00833333 0.0361111 0.199048
0 0.776563 0.371759 0.0104167 0.0453704 0.203549
0 0.576563 0.375463 0.0104167 0.0342593 0.2108
0 0.599219 0.376852 0.00885417 0.0388889 0.213148
0 0.167448 0.433333 0.0109375 0.0444444 0.256445
0 0.39401 0.405556 0.0109375 0.0351852 0.269788
0 0.728906 0.368056 0.00885417 0.037963 0.275338
0 0.828906 0.373611 0.00885417 0.0490741 0.289617
0 0.899479 0.376852 0.0104167 0.0462963 0.306352
0 0.791667 0.371296 0.009375 0.0444444 0.31626
0 0.719792 0.384722 0.00625 0.0175926 0.328294
0 0.175521 0.436574 0.009375 0.0435185 0.330063
0 0.141146 0.430556 0.00729167 0.037037 0.330771
0 0.0984375 0.442593 0.0104167 0.0388889 0.342236
0 0.591667 0.376389 0.009375 0.0416667 0.351474
0 0.880208 0.372222 0.009375 0.0574074 0.357542
0 0.192188 0.422685 0.0104167 0.0435185 0.372787
0 0.183073 0.436574 0.00989583 0.0472222 0.386014
0 0.628125 0.366204 0.00625 0.0305556 0.410223
0 0.840365 0.373148 0.0109375 0.0555556 0.43275
0 0.265104 0.419444 0.0104167 0.0481481 0.435654
0 0.244271 0.425 0.009375 0.0444444 0.442222
0 0.558854 0.379167 0.0104167 0.0435185 0.443376
0 0.447917 0.388426 0.0104167 0.0398148 0.463217
0 0.81276 0.381944 0.0151042 0.0453704 0.467881
0 0.25599 0.418056 0.0119792 0.0490741 0.472534
0 0.121094 0.446759 0.00885417 0.0435185 0.47257
0 0.641406 0.368981 0.00989583 0.0416667 0.475376
0 0.805469 0.369907 0.00989583 0.0527778 0.476242
0 0.0757812 0.449074 0.0109375 0.0444444 0.50809
0 0.216146 0.42037 0.00833333 0.0407407 0.515638
0 0.488542 0.386111 0.0104167 0.0425926 0.52962
0 0.711458 0.37037 0.00833333 0.0425926 0.57836
0 0.159896 0.439815 0.015625 0.0592593 0.588314
0 0.925521 0.393056 0.0125 0.0305556 0.597465
0 0.0315104 0.459722 0.0140625 0.0490741 0.679084
32 0.542448 0.463426 0.00989583 0.0157407 0.80822
0 0.527865 0.431019 0.0328125 0.0805556 0.842699
0 0.764323 0.404167 0.0151042 0.0824074 0.850622
0 0.441146 0.414815 0.028125 0.109259 0.884286
0 0.0911458 0.504167 0.0270833 0.113889 0.894116
0 0.577083 0.421759 0.040625 0.0842593 0.902816
0 0.730208 0.408333 0.01875 0.0722222 0.905528
0 0.351562 0.459259 0.0489583 0.116667 0.906201
