0 0.473437 0.381944 0.00729167 0.0324074 0.107121
0 0.334115 0.393981 0.00885417 0.0416667 0.11962
0 0.0239583 0.45787 0.0114583 0.0472222 0.119871
0 0.265104 0.401852 0.00833333 0.0351852 0.124643
0 0.168229 0.339815 0.00729167 0.0333333 0.128532
0 0.785937 0.366204 0.00729167 0.0453704 0.128581
0 0.71276 0.360648 0.00989583 0.0416667 0.136977
0 0.932031 0.376852 0.00572917 0.0277778 0.139479
17 0.238542 0.419907 0.00833333 0.0416667 0.153047
0 0.663542 0.363889 0.00833333 0.0407407 0.166644
0 0.265365 0.325926 0.00572917 0.0259259 0.178561
0 0.628385 0.3625 0.00572917 0.0398148 0.184121
0 0.00234375 0.457407 0.0046875 0.0425926 0.187933
0 0.00546875 0.459259 0.0078125 0.0444444 0.193876
0 0.432031 0.376389 0.00677083 0.037963 0.199771
0 0.816927 0.365741 0.00989583 0.0407407 0.200869
24 0.143229 0.483796 0.0135417 0.0490741 0.204842
0 0.51875 0.369907 0.00729167 0.0416667 0.219064
0 0.553125 0.406944 0.0135417 0.0601852 0.219944
0 0.641927 0.377315 0.00572917 0.0157407 0.248316
0 0.247917 0.409722 0.00625 0.0509259 0.249908
0 0.31901 0.394444 0.0078125 0.037037 0.253154
0 0.513281 0.37037 0.00677083 0.0425926 0.256227
0 0.326042 0.394444 0.00729167 0.0407407 0.257811
0 0.489062 0.377315 0.00833333 0.0398148 0.282724
0 0.244531 0.412037 0.0109375 0.0555556 0.282939
0 0.0588542 0.446296 0.00729167 0.0388889 0.290599
0 0.422656 0.378241 0.00677083 0.0324074 0.290868
0 0.480208 0.377778 0.00833333 0.0407407 0.30159
0 0.286979 0.4 0.0104167 0.0407407 0.335569
0 0.725521 0.360185 0.0104167 0.0518519 0.33704
0 0.798437 0.361574 0.00833333 0.0527778 0.343579
0 0.461198 0.379167 0.00885417 0.0435185 0.362875
0 0.366146 0.397222 0.009375 0.0444444 0.383659
0 0.185417 0.419444 0.00729167 0.0296296 0.385024
0 0.61901 0.363889 0.0119792 0.0388889 0.389617
0 0.238281 0.417593 0.00885417 0.0462963 0.39712
0 0.650521 0.363426 0.00833333 0.0416667 0.443225
0 0.139844 0.343519 0.00572917 0.0259259 0.470747
0 0.40026 0.384259 0.00989583 0.0351852 0.472461
0 0.633594 0.3625 0.0078125 0.0435185 0.47948
0 0.733333 0.369907 0.0114583 0.0472222 0.541353
0 0.30651 0.400463 0.0109375 0.0472222 0.573834
0 0.0408854 0.453704 0.0140625 0.0537037 0.607409
0 0.0158854 0.468981 0.0192708 0.0638889 0.625064
0 0.0809896 0.452778 0.00885417 0.0481481 0.626962
0 0.225521 0.419907 0.0114583 0.0490741 0.650569
0 0.841927 0.37963 0.0130208 0.0296296 0.694757
0 0.579687 0.381481 0.0135417 0.0444444 0.697018
0 0.0927083 0.447222 0.0104167 0.0518519 0.699527
0 0.560417 0.404167 0.0197917 0.0657407 0.727746
32 0.53151 0.437963 0.0078125 0.012963 0.731723
0 0.958333 0.365278 0.0104167 0.0601852 0.733781
0 0.44401 0.400926 0.0182292 0.0981481 0.737373
0 0.715104 0.385185 0.0145833 0.0518519 0.75498
0 0.684115 0.386111 0.0140625 0.05 0.815791
0 0.317448 0.436111 0.0171875 0.0796296 0.847407
0 0.539583 0.403241 0.0260417 0.0694444 0.854495
0 0.149219 0.494444 0.0255208 0.112963 0.887792
0 0.989323 0.427778 0.0213542 0.22037 0.908232
