0 0.276302 0.398611 0.0078125 0.0342593 0.119278
0 0.339323 0.398148 0.00989583 0.0481481 0.136446
0 0.654167 0.365741 0.00729167 0.037037 0.140835
0 0.135937 0.428704 0.00625 0.0296296 0.14825
13 0.0140625 0.465278 0.0177083 0.025 0.148739
0 0.333073 0.395833 0.00885417 0.0472222 0.15898
0 0.470833 0.378704 0.009375 0.0425926 0.168714
0 0.129948 0.343981 0.00572917 0.0268519 0.170901
0 0.430729 0.377778 0.00729167 0.0314815 0.18382
0 0.322917 0.391204 0.00833333 0.0342593 0.207789
0 0.257031 0.402778 0.0078125 0.0388889 0.213629
0 0.633073 0.379167 0.00677083 0.0157407 0.223661
32 0.52474 0.447685 0.0078125 0.0157407 0.224541
0 0.739583 0.365278 0.009375 0.0509259 0.229999
0 0.782552 0.364815 0.0078125 0.0481481 0.238066
0 0.776042 0.366667 0.00833333 0.0462963 0.244071
0 0.00416667 0.469444 0.00833333 0.0407407 0.291226
0 0.749219 0.364815 0.0109375 0.0537037 0.292159
0 0.0536458 0.443519 0.0114583 0.0425926 0.30105
0 0.300781 0.397222 0.00885417 0.0407407 0.308908
0 0.084375 0.447685 0.0145833 0.0564815 0.31623
0 0.716927 0.361111 0.00989583 0.0481481 0.3213
0 0.807292 0.366204 0.00833333 0.0416667 0.340291
0 0.0617188 0.443981 0.00989583 0.0416667 0.361955
0 0.703125 0.364352 0.009375 0.0435185 0.406802
0 0.0763021 0.447685 0.0119792 0.0583333 0.410334
0 0.529688 0.396296 0.0104167 0.0518519 0.421653
0 0.453906 0.380093 0.0109375 0.0472222 0.433938
0 0.2 0.423611 0.0145833 0.0509259 0.49072
0 0.641667 0.365278 0.00833333 0.0398148 0.530501
0 0.192708 0.423611 0.0114583 0.0527778 0.568507
0 0.788542 0.362963 0.00833333 0.0537037 0.579185
0 0.538802 0.385185 0.00989583 0.05 0.580021
0 0.625 0.365741 0.00833333 0.0388889 0.585357
0 0.213021 0.422685 0.0125 0.0472222 0.675102
0 0.0302083 0.464352 0.0197917 0.0675926 0.751237
0 0.832812 0.380556 0.0125 0.0296296 0.761436
0 0.947917 0.36713 0.0104167 0.0638889 0.765221
0 0.729167 0.386574 0.0166667 0.0731481 0.768515
0 0.680208 0.391204 0.0177083 0.0601852 0.836302
0 0.309896 0.443981 0.015625 0.0824074 0.865689
0 0.521615 0.421296 0.0182292 0.0814815 0.869596
0 0.410937 0.406481 0.015625 0.107407 0.874491
0 0.480208 0.424537 0.0270833 0.0916667 0.884204
0 0.132812 0.496296 0.03125 0.118519 0.918824
0 0.983854 0.427778 0.0322917 0.218519 0.91968
0 0.565365 0.421296 0.0307292 0.0833333 0.926631
