0 0.342448 0.391204 0.00885417 0.0416667 0.101476
0 0.141927 0.343519 0.0078125 0.0296296 0.105593
0 0.75651 0.360648 0.0078125 0.0490741 0.117599
0 0.23125 0.327778 0.00625 0.0259259 0.142235
0 0.629948 0.363426 0.00677083 0.037963 0.143823
0 0.723958 0.361111 0.0135417 0.0537037 0.149899
0 0.302083 0.389815 0.009375 0.0314815 0.152603
0 0.895052 0.375926 0.00677083 0.0277778 0.154602
34 0.95026 0.409722 0.0130208 0.0231481 0.155142
0 0.644531 0.362963 0.0078125 0.0444444 0.158112
0 0.851823 0.362037 0.00989583 0.0481481 0.167694
0 0.456771 0.371296 0.00833333 0.0407407 0.167894
0 0.532812 0.368981 0.0104167 0.0398148 0.186475
0 0.132552 0.346759 0.00677083 0.0305556 0.191119
0 0.677865 0.360648 0.00989583 0.0398148 0.243935
0 0.468229 0.368519 0.00729167 0.0314815 0.255543
0 0.782292 0.363426 0.0114583 0.0435185 0.275426
0 0.379948 0.383796 0.00885417 0.0453704 0.292987
0 0.652865 0.360185 0.0119792 0.0444444 0.312121
38 0.94974 0.409259 0.0119792 0.0222222 0.315403
0 0.364844 0.387037 0.0140625 0.0481481 0.33622
0 0.00859375 0.452778 0.00885417 0.0425926 0.344676
0 0.346875 0.395833 0.0145833 0.0435185 0.358557
0 0.0401042 0.45787 0.009375 0.0490741 0.360853
0 0.863021 0.362963 0.0104167 0.0462963 0.369603
0 0.26875 0.4 0.0104167 0.0425926 0.401684
0 0.405208 0.385648 0.0104167 0.0453704 0.415805
0 0.214062 0.414815 0.009375 0.0518519 0.421729
0 0.395312 0.384722 0.0104167 0.0472222 0.422001
0 0.616927 0.363426 0.00885417 0.0416667 0.432755
0 0.692187 0.359259 0.0104167 0.05 0.43352
0 0.763281 0.359259 0.00885417 0.0537037 0.454182
0 0.705469 0.371296 0.00989583 0.0425926 0.48471
36 0.10599 0.547685 0.0286458 0.0138889 0.495806
0 0.221875 0.417593 0.0114583 0.0481481 0.500697
0 0.558333 0.39213 0.0114583 0.0601852 0.525911
0 0.103646 0.346296 0.00625 0.0277778 0.587858
0 0.520573 0.392593 0.0119792 0.05 0.609648
0 0.0479167 0.456481 0.0125 0.05 0.626617
0 0.806771 0.377778 0.0125 0.0296296 0.632369
0 0.239063 0.414815 0.0104167 0.0462963 0.636013
0 0.60026 0.362963 0.00885417 0.0407407 0.665267
0 0.920313 0.361574 0.0114583 0.0583333 0.696409
0 0.719531 0.386111 0.0130208 0.0537037 0.732276
0 0.673437 0.381481 0.0135417 0.05 0.750593
0 0.509375 0.405556 0.015625 0.0685185 0.803788
0 0.542448 0.422222 0.0276042 0.0814815 0.829172
0 0.436979 0.397685 0.0177083 0.0972222 0.831205
0 0.272917 0.447222 0.0166667 0.0814815 0.870389
32 0.563802 0.450926 0.00885417 0.0166667 0.879465
0 0.963542 0.422222 0.034375 0.209259 0.893756
0 0.105208 0.492593 0.0270833 0.118519 0.898021
