0 0.760677 0.362037 0.00989583 0.0407407 0.107863
0 0.588542 0.376389 0.00625 0.0157407 0.10862
0 0.632812 0.358333 0.0114583 0.0388889 0.109444
0 0.327865 0.39213 0.0119792 0.0490741 0.11328
0 0.740625 0.359259 0.0125 0.0537037 0.123337
0 0.335938 0.391667 0.00833333 0.0481481 0.132845
0 0.909375 0.348148 0.00625 0.0185185 0.141876
37 0.133854 0.541204 0.0197917 0.0138889 0.14914
0 0.205208 0.408796 0.00833333 0.0416667 0.155916
0 0.226302 0.405556 0.0078125 0.037037 0.158567
0 0.980208 0.358333 0.00625 0.0351852 0.162251
0 0.609115 0.363426 0.0078125 0.0398148 0.163614
0 0.110417 0.345833 0.00729167 0.037963 0.165411
0 0.742448 0.346759 0.00885417 0.0287037 0.180944
0 0.572135 0.361111 0.00677083 0.037037 0.181069
0 0.365625 0.387963 0.0104167 0.0425926 0.181789
0 0.233594 0.393519 0.0078125 0.0259259 0.182143
0 0.658854 0.360185 0.009375 0.0425926 0.185272
0 0.349479 0.390741 0.00833333 0.0444444 0.199524
0 0.282292 0.390741 0.00833333 0.0314815 0.20263
0 0.276302 0.402315 0.0119792 0.0472222 0.212397
0 0.342708 0.390278 0.0104167 0.0490741 0.212605
0 0.671615 0.357407 0.00989583 0.0481481 0.216592
0 0.359115 0.391667 0.00885417 0.0407407 0.224098
0 0.219531 0.409259 0.00885417 0.0388889 0.229986
0 0.703125 0.360648 0.0125 0.0527778 0.322689
0 0.417448 0.372685 0.00989583 0.0342593 0.335588
0 0.210156 0.328704 0.00572917 0.0259259 0.339612
0 0.381771 0.385648 0.0104167 0.0435185 0.35786
0 0.396354 0.381944 0.0104167 0.0453704 0.401597
0 0.210938 0.412037 0.009375 0.0462963 0.412867
0 0.597396 0.362963 0.00833333 0.0407407 0.440452
0 0.245052 0.411111 0.00885417 0.0462963 0.449431
0 0.308854 0.389815 0.00625 0.0351852 0.453717
0 0.579948 0.362037 0.00885417 0.0425926 0.474357
0 0.0809896 0.348611 0.00677083 0.0268519 0.50737
0 0.147396 0.422685 0.00729167 0.0453704 0.516714
0 0.541146 0.379167 0.009375 0.0453704 0.522603
0 0.259115 0.409259 0.0130208 0.0444444 0.528576
0 0.785677 0.375926 0.0130208 0.0296296 0.530248
0 0.974219 0.375 0.00885417 0.0444444 0.555921
0 0.100521 0.437963 0.0135417 0.0555556 0.576384
0 0.898177 0.361111 0.00989583 0.0592593 0.585068
0 0.767448 0.382407 0.0161458 0.062963 0.61254
32 0.79401 0.393981 0.00572917 0.0101852 0.642006
0 0.564583 0.383333 0.0104167 0.0444444 0.682491
0 0.628125 0.379167 0.0135417 0.0527778 0.698343
0 0.729948 0.388889 0.0140625 0.0592593 0.723699
0 0.00546875 0.464352 0.0109375 0.0583333 0.793408
0 0.500781 0.3875 0.0213542 0.0916667 0.856505
0 0.129427 0.485185 0.0203125 0.125926 0.856577
0 0.691927 0.394444 0.0182292 0.0777778 0.863695
0 0.941667 0.415278 0.03125 0.200926 0.87708
0 0.742448 0.400463 0.0359375 0.075 0.888165
0 0.283594 0.464352 0.0369792 0.117593 0.933498
