0 0.24401 0.407407 0.00989583 0.0518519 0.101252
0 0.207813 0.408796 0.00833333 0.037963 0.101645
0 0.353906 0.390741 0.00989583 0.0444444 0.105096
29 0.283073 0.443056 0.0130208 0.00833333 0.10651
0 0.659635 0.359259 0.00885417 0.0425926 0.107552
0 0.983854 0.351852 0.00520833 0.0185185 0.111035
0 0.685417 0.356019 0.00833333 0.0324074 0.11762
29 0.135937 0.539815 0.0197917 0.012963 0.122404
0 0.590365 0.375926 0.00572917 0.0148148 0.148018
0 0.91224 0.362037 0.00677083 0.0481481 0.161942
0 0.610677 0.3625 0.00677083 0.037963 0.168203
0 0.91224 0.348611 0.00677083 0.0194444 0.188472
0 0.672656 0.356944 0.00989583 0.0453704 0.200495
0 0.411458 0.376389 0.009375 0.0398148 0.219173
29 0.277344 0.514815 0.0213542 0.012963 0.225298
0 0.345833 0.389815 0.0104167 0.0481481 0.240173
0 0.211719 0.328241 0.00677083 0.025 0.243705
0 0.357552 0.39213 0.00989583 0.0416667 0.256431
0 0.228906 0.406019 0.00885417 0.037963 0.257176
0 0.704948 0.359722 0.0119792 0.0527778 0.261444
0 0.420833 0.372222 0.00833333 0.0333333 0.296825
0 0.634635 0.359259 0.0109375 0.0425926 0.299399
0 0.398958 0.38287 0.009375 0.0453704 0.318712
0 0.374219 0.387037 0.00989583 0.0444444 0.356095
0 0.744271 0.358333 0.00833333 0.0518519 0.356975
0 0.575 0.363889 0.00729167 0.037037 0.36243
0 0.329427 0.391667 0.0119792 0.05 0.381855
0 0.31276 0.390278 0.00989583 0.0342593 0.38633
0 0.280208 0.397685 0.0104167 0.0435185 0.391526
0 0.385677 0.385185 0.00989583 0.0425926 0.400697
0 0.0828125 0.348611 0.00625 0.0268519 0.412275
0 0.598958 0.363426 0.00833333 0.0416667 0.465014
0 0.214323 0.411111 0.00885417 0.0462963 0.473365
0 0.581771 0.362037 0.00833333 0.0407407 0.493776
0 0.788021 0.375463 0.0114583 0.0287037 0.502073
0 0.541406 0.379167 0.0078125 0.0453704 0.525847
0 0.257812 0.406481 0.0114583 0.0481481 0.536024
0 0.565885 0.383796 0.00989583 0.0453704 0.583795
0 0.152865 0.422222 0.0109375 0.0444444 0.599026
0 0.766406 0.376852 0.0140625 0.0722222 0.667113
0 0.00729167 0.465278 0.0125 0.0583333 0.676082
0 0.89974 0.361111 0.00989583 0.0592593 0.684058
0 0.105469 0.437963 0.00989583 0.0537037 0.702129
0 0.976302 0.375 0.00885417 0.0425926 0.710431
0 0.627604 0.378704 0.0114583 0.0555556 0.7169
32 0.786198 0.399074 0.00572917 0.0111111 0.730722
0 0.13099 0.484259 0.0213542 0.125926 0.839667
0 0.688021 0.398611 0.0208333 0.0694444 0.855776
0 0.94401 0.415741 0.0317708 0.203704 0.88043
0 0.498958 0.3875 0.0177083 0.0935185 0.887501
0 0.735417 0.400463 0.0197917 0.0768519 0.90009
0 0.277865 0.460648 0.0234375 0.121296 0.906431
