0 0.0911458 0.349537 0.00729167 0.0305556 0.105354
0 0.152604 0.42037 0.0104167 0.0481481 0.107266
0 0.938542 0.35 0.00729167 0.0185185 0.122588
0 0.596615 0.361111 0.00677083 0.0388889 0.131065
13 0.129167 0.439815 0.059375 0.0388889 0.142614
0 0.279427 0.393519 0.00989583 0.0462963 0.144123
0 0.151562 0.408796 0.00729167 0.0231481 0.153002
0 0.582552 0.3625 0.0078125 0.037963 0.163281
0 0.733854 0.362037 0.00833333 0.0407407 0.168475
0 0.780729 0.356944 0.00833333 0.0472222 0.173984
0 0.255729 0.404167 0.009375 0.0509259 0.176622
0 0.554167 0.358796 0.009375 0.0287037 0.186933
0 0.182552 0.330556 0.00572917 0.0259259 0.246421
0 0.347917 0.387963 0.009375 0.05 0.281578
0 0.677083 0.360185 0.0114583 0.0537037 0.28329
0 0.60599 0.359722 0.0130208 0.0435185 0.284782
0 0.35599 0.385648 0.0119792 0.0472222 0.32432
0 0.32526 0.390278 0.0130208 0.0416667 0.358265
0 0.2375 0.411111 0.0125 0.0444444 0.358272
0 0.340104 0.388426 0.009375 0.0472222 0.368991
0 0.655729 0.361574 0.0104167 0.0472222 0.391682
0 0.571875 0.363889 0.00833333 0.0407407 0.403372
0 0.0257812 0.456481 0.0140625 0.0592593 0.442461
0 0.19401 0.40787 0.00989583 0.0324074 0.446867
0 0.645312 0.358333 0.009375 0.0481481 0.452417
0 0.175521 0.415741 0.0104167 0.0388889 0.460127
0 0.250781 0.411111 0.0119792 0.0388889 0.466521
0 0.227083 0.406481 0.009375 0.0407407 0.486433
0 0.301562 0.39537 0.0135417 0.0481481 0.493966
0 0.715885 0.358796 0.00885417 0.0527778 0.501044
0 0.377344 0.375463 0.00885417 0.0361111 0.502974
0 0.978906 0.360185 0.00677083 0.0333333 0.541069
0 0.0523437 0.351389 0.00677083 0.0287037 0.545642
0 0.944531 0.373148 0.00885417 0.0407407 0.622746
0 0.165365 0.418981 0.0130208 0.0453704 0.643027
0 0.868229 0.357407 0.0114583 0.0537037 0.646622
0 0.668229 0.369444 0.009375 0.0444444 0.646776
0 0.535937 0.376852 0.009375 0.05 0.661237
0 0.557292 0.383333 0.009375 0.0425926 0.661841
0 0.633333 0.374537 0.009375 0.0546296 0.674592
0 0.764063 0.384259 0.0208333 0.0518519 0.798992
0 0.74974 0.390278 0.0203125 0.0805556 0.812823
32 0.842448 0.4 0.00572917 0.0111111 0.830374
0 0.913281 0.4125 0.0348958 0.199074 0.838519
0 0.705208 0.386111 0.0166667 0.0685185 0.840189
0 0.102604 0.491667 0.0260417 0.124074 0.841804
0 0.51276 0.382407 0.0140625 0.0888889 0.864318
0 0.316927 0.45463 0.0234375 0.125926 0.921354
