0 0.584115 0.412037 0.0296875 0.0555556 0.136247
0 0.733854 0.368519 0.00729167 0.0425926 0.142782
0 0.197917 0.339352 0.00625 0.0268519 0.154631
0 0.849479 0.372685 0.00833333 0.0472222 0.163997
0 0.148958 0.437963 0.00729167 0.05 0.173029
0 0.717708 0.367593 0.00729167 0.037037 0.181928
0 0.722917 0.368519 0.00729167 0.037037 0.183383
0 0.111719 0.428241 0.0078125 0.025 0.193743
0 0.00338542 0.441204 0.00677083 0.0564815 0.198625
0 0.521354 0.378704 0.0114583 0.0462963 0.219888
0 0.56276 0.375926 0.00677083 0.0407407 0.224397
0 0.391667 0.39537 0.0104167 0.0462963 0.235904
0 0.172396 0.428241 0.00729167 0.0305556 0.239992
0 0.53151 0.37963 0.00885417 0.0444444 0.245282
0 0.552083 0.378704 0.0104167 0.0388889 0.248229
0 0.510417 0.381481 0.00729167 0.0444444 0.258929
0 0.697135 0.383333 0.00677083 0.0166667 0.286324
0 0.805208 0.372222 0.009375 0.0481481 0.293337
0 0.742708 0.366667 0.0114583 0.0444444 0.311845
0 0.49401 0.381019 0.00677083 0.0342593 0.323229
0 0.416927 0.388889 0.0130208 0.0425926 0.351848
0 0.76849 0.369444 0.00989583 0.0444444 0.375289
0 0.449219 0.388889 0.0109375 0.0425926 0.391849
0 0.0421875 0.454167 0.0135417 0.0472222 0.419432
0 0.85599 0.369907 0.00885417 0.0546296 0.448652
0 0.87526 0.373611 0.0109375 0.0453704 0.456832
0 0.781771 0.368056 0.0104167 0.0527778 0.464943
0 0.0669271 0.448611 0.0109375 0.0398148 0.472969
0 0.565885 0.424537 0.0182292 0.0953704 0.474425
0 0.705729 0.368981 0.00833333 0.0416667 0.481976
0 0.535417 0.401389 0.0125 0.0509259 0.515607
0 0.134375 0.434259 0.00833333 0.0407407 0.515806
0 0.815885 0.370833 0.0109375 0.0546296 0.551223
0 0.0898438 0.451389 0.00885417 0.0398148 0.56815
0 0.789583 0.379167 0.0145833 0.0453704 0.600466
0 0.543229 0.404167 0.015625 0.0583333 0.659145
0 0.900781 0.390278 0.0119792 0.0305556 0.665959
0 0.154167 0.434722 0.0135417 0.0583333 0.672315
0 0.233854 0.425463 0.0125 0.0490741 0.681006
0 0.688542 0.368981 0.00833333 0.0435185 0.697731
0 0.252344 0.420833 0.0119792 0.0490741 0.71182
0 0.12526 0.443981 0.0171875 0.0601852 0.725156
0 0.578385 0.428704 0.0421875 0.0907407 0.739232
0 0.210677 0.423148 0.0130208 0.0518519 0.754177
0 0.439844 0.412037 0.0276042 0.107407 0.849395
32 0.582812 0.464815 0.0104167 0.0166667 0.849972
0 0.755208 0.399074 0.0145833 0.0796296 0.853082
0 0.715885 0.404167 0.0255208 0.0657407 0.900651
0 0.411198 0.443981 0.0380208 0.0990741 0.908125
0 0.106771 0.499537 0.03125 0.119444 0.913254
0 0.380208 0.451389 0.025 0.102778 0.922394
