0 0.215104 0.328241 0.00520833 0.025 0.100942
0 0.770573 0.363889 0.00885417 0.0351852 0.111428
0 0.830208 0.356944 0.0104167 0.0527778 0.113163
26 0.123438 0.483333 0.0135417 0.0407407 0.114638
0 0.925781 0.350463 0.00677083 0.0231481 0.12144
0 0.260938 0.397222 0.00520833 0.0203704 0.142073
0 0.742448 0.359259 0.0078125 0.05 0.142685
0 0.627604 0.360648 0.00833333 0.0416667 0.146061
0 0.996615 0.358333 0.00677083 0.0314815 0.152821
0 0.765625 0.361574 0.00833333 0.0416667 0.15638
0 0.417188 0.375463 0.00729167 0.0398148 0.157307
0 0.00963542 0.465741 0.00885417 0.0518519 0.169429
0 0.651823 0.363426 0.0078125 0.0416667 0.169868
0 0.278906 0.394907 0.00885417 0.0416667 0.18667
0 0.450781 0.368981 0.0078125 0.0324074 0.191284
0 0.611458 0.368981 0.0104167 0.0305556 0.20073
0 0.63724 0.359259 0.0119792 0.0425926 0.206702
0 0.239323 0.40787 0.00885417 0.0453704 0.232549
0 0.286979 0.398611 0.00833333 0.0453704 0.241956
0 0.30625 0.390741 0.00833333 0.0388889 0.257941
0 0.434375 0.37037 0.00833333 0.0333333 0.27562
0 0.368229 0.387963 0.0104167 0.0444444 0.284532
0 0.410417 0.381481 0.0104167 0.0425926 0.285624
0 0.557813 0.366204 0.00625 0.0305556 0.292276
0 0.663021 0.362037 0.009375 0.0444444 0.310301
0 0.676302 0.358333 0.00989583 0.05 0.314362
0 0.878646 0.373148 0.00625 0.0277778 0.324928
0 0.248958 0.409722 0.0114583 0.0472222 0.328357
0 0.926042 0.362963 0.00729167 0.05 0.331946
0 0.602083 0.3625 0.00833333 0.0416667 0.351035
0 0.328906 0.387037 0.00677083 0.0333333 0.389044
0 0.747656 0.35787 0.00885417 0.0527778 0.404061
36 0.134375 0.522685 0.0177083 0.0472222 0.409326
0 0.359375 0.3875 0.0114583 0.0490741 0.417552
0 0.398177 0.38287 0.0078125 0.0416667 0.434362
0 0.23125 0.410648 0.0104167 0.0490741 0.470259
0 0.980208 0.375 0.00833333 0.0425926 0.524489
0 0.711458 0.387037 0.0177083 0.0518519 0.528053
0 0.298438 0.396296 0.0104167 0.037037 0.529896
0 0.0864583 0.348611 0.00625 0.0268519 0.533174
0 0.584896 0.361574 0.009375 0.0416667 0.594832
0 0.791406 0.375926 0.0119792 0.0296296 0.60536
0 0.544271 0.379167 0.009375 0.0453704 0.648723
0 0.172396 0.41713 0.00833333 0.0435185 0.672949
0 0.0145833 0.463426 0.015625 0.0527778 0.68399
0 0.902865 0.360185 0.0119792 0.0574074 0.686533
0 0.565625 0.385185 0.009375 0.0444444 0.708324
0 0.142188 0.430093 0.0135417 0.0490741 0.727156
0 0.694792 0.4 0.0197917 0.0759259 0.792109
32 0.711979 0.43287 0.00833333 0.0157407 0.801071
0 0.733333 0.388889 0.01875 0.0611111 0.803284
0 0.129948 0.485185 0.0265625 0.122222 0.854244
0 0.611719 0.408796 0.0328125 0.0712963 0.868035
0 0.241406 0.465278 0.0182292 0.100926 0.894386
0 0.947135 0.415741 0.0296875 0.203704 0.906567
0 0.471354 0.392593 0.0229167 0.0962963 0.92065
