0 0.54375 0.366204 0.00625 0.0342593 0.101458
0 0.705469 0.367593 0.0078125 0.0407407 0.105786
0 0.513802 0.375463 0.0078125 0.037963 0.119097
0 0.14375 0.343056 0.00625 0.0268519 0.121223
0 0.453125 0.375463 0.00729167 0.0305556 0.126767
0 0.7625 0.366667 0.0104167 0.0537037 0.12826
0 0.489323 0.37963 0.0078125 0.0407407 0.131333
0 0.953646 0.361111 0.00729167 0.0333333 0.137188
0 0.0817708 0.439352 0.00833333 0.0435185 0.144281
0 0.752604 0.368056 0.009375 0.0472222 0.168754
0 0.795833 0.367593 0.00729167 0.0481481 0.172627
0 0.690625 0.362037 0.0114583 0.0388889 0.179763
0 0.789844 0.370833 0.0078125 0.0435185 0.187071
0 0.729948 0.362037 0.00989583 0.0462963 0.192189
0 0.463281 0.381481 0.0130208 0.0425926 0.192199
0 0.0317708 0.453241 0.00833333 0.0398148 0.209831
0 0.492969 0.37963 0.00989583 0.0407407 0.22763
0 0.190625 0.428704 0.00833333 0.0462963 0.23376
0 0.36224 0.39213 0.0078125 0.037963 0.237308
0 0.820312 0.369444 0.009375 0.0425926 0.242932
0 0.715885 0.363426 0.00989583 0.0435185 0.261687
0 0.547656 0.36713 0.00989583 0.0398148 0.270049
0 0.377344 0.393056 0.0078125 0.0472222 0.299595
0 0.645573 0.381019 0.00677083 0.0175926 0.311604
0 0.357292 0.392593 0.0104167 0.0407407 0.331343
0 0.182292 0.423611 0.00833333 0.0453704 0.337902
0 0.0848958 0.438889 0.00729167 0.0462963 0.359278
0 0.504167 0.376389 0.00833333 0.0416667 0.391382
0 0.654167 0.36713 0.00833333 0.0435185 0.411511
0 0.802083 0.365741 0.00833333 0.0537037 0.417696
0 0.340104 0.399537 0.0104167 0.0490741 0.45342
0 0.47474 0.380093 0.0109375 0.0453704 0.47081
0 0.935938 0.370833 0.0104167 0.0527778 0.476391
0 0.740365 0.376852 0.00885417 0.0444444 0.482058
0 0.433073 0.383333 0.0078125 0.037037 0.495951
0 0.521354 0.393519 0.0135417 0.0444444 0.536806
0 0.00416667 0.459259 0.00833333 0.0425926 0.559071
0 0.194271 0.429167 0.0114583 0.0453704 0.575746
0 0.0755208 0.441204 0.009375 0.037963 0.588607
0 0.639323 0.366204 0.0078125 0.0435185 0.643317
0 0.845833 0.383796 0.0125 0.0305556 0.663104
0 0.129948 0.434722 0.0161458 0.0527778 0.692103
0 0.0255208 0.463426 0.0104167 0.0453704 0.697352
0 0.2125 0.423148 0.0114583 0.05 0.790135
0 0.532031 0.399537 0.0192708 0.0509259 0.790672
0 0.961458 0.369907 0.0114583 0.0638889 0.792125
0 0.0570313 0.456481 0.0171875 0.062963 0.804049
0 0.685938 0.39537 0.0166667 0.0648148 0.82829
0 0.728646 0.396759 0.0208333 0.0638889 0.839449
0 0.411979 0.409722 0.021875 0.10463 0.853642
0 0.991406 0.431481 0.0171875 0.22037 0.885468
0 0.444531 0.432407 0.0432292 0.0907407 0.901922
0 0.0958333 0.501852 0.0291667 0.12037 0.905697
0 0.554688 0.435648 0.03125 0.0805556 0.917582
0 0.32526 0.444444 0.0338542 0.0907407 0.921652
0 0.59349 0.427315 0.0390625 0.0898148 0.951854
