0 0.769531 0.371296 0.00677083 0.0407407 0.123734
0 0.741667 0.370833 0.009375 0.0416667 0.138278
0 0.239323 0.425 0.00989583 0.0425926 0.147528
0 0.913021 0.377778 0.0114583 0.0462963 0.148323
0 0.791146 0.374537 0.0104167 0.0453704 0.150109
0 0.614323 0.375463 0.00677083 0.0398148 0.150175
0 0.683333 0.372222 0.00833333 0.0481481 0.154867
0 0.620313 0.377315 0.00729167 0.037963 0.159419
0 0.153125 0.431481 0.00729167 0.037037 0.161819
0 0.841667 0.374537 0.009375 0.0490741 0.171426
0 0.42526 0.386111 0.0078125 0.0333333 0.180093
0 0.373177 0.401852 0.00989583 0.0537037 0.185995
0 0.886719 0.375926 0.0078125 0.0481481 0.187003
0 0.549219 0.379167 0.0078125 0.0342593 0.187482
0 0.234896 0.426852 0.0125 0.0388889 0.198539
0 0.648698 0.365278 0.00677083 0.0287037 0.203139
0 0.122656 0.439352 0.00989583 0.037963 0.213034
0 0.0273438 0.4625 0.0119792 0.0435185 0.225166
0 0.432813 0.3875 0.00833333 0.0361111 0.249611
0 0.778646 0.37037 0.0125 0.0444444 0.273134
0 0.19401 0.434722 0.0078125 0.0453704 0.274159
0 0.252344 0.471759 0.0265625 0.087963 0.280571
0 0.160677 0.429167 0.00885417 0.037963 0.295386
0 0.52474 0.384722 0.0130208 0.0435185 0.313024
0 0.852344 0.374074 0.0119792 0.0555556 0.331688
0 0.804427 0.373611 0.00989583 0.0453704 0.340446
0 0.202604 0.432407 0.0125 0.0481481 0.394768
0 0.391146 0.414815 0.00729167 0.0222222 0.395777
0 0.470573 0.387037 0.0109375 0.0407407 0.410143
0 0.104427 0.441204 0.00885417 0.037963 0.417137
0 0.825521 0.383333 0.0145833 0.0444444 0.429473
0 0.89349 0.374074 0.00885417 0.0574074 0.432316
0 0.663802 0.367593 0.00677083 0.0388889 0.439885
0 0.0927083 0.440278 0.00833333 0.0416667 0.44697
0 0.224219 0.418056 0.0078125 0.0472222 0.486316
0 0.723437 0.369907 0.00833333 0.0416667 0.489319
0 0.818229 0.372222 0.0104167 0.0574074 0.49245
0 0.26224 0.423148 0.0130208 0.0481481 0.502493
0 0.450521 0.3875 0.0104167 0.037963 0.529281
0 0.0640625 0.450926 0.0104167 0.0444444 0.543947
0 0.301562 0.409722 0.0114583 0.0490741 0.545015
0 0.498437 0.403704 0.0104167 0.0537037 0.556888
0 0.144792 0.443056 0.0114583 0.0416667 0.560761
0 0.186458 0.434722 0.0135417 0.0601852 0.565155
0 0.938802 0.394907 0.0130208 0.0305556 0.644116
0 0.234115 0.478241 0.0390625 0.0972222 0.710805
0 0.730208 0.413889 0.0197917 0.0777778 0.849805
0 0.748698 0.414352 0.0234375 0.0824074 0.873048
0 0.483333 0.438889 0.0322917 0.101852 0.881805
32 0.499219 0.475926 0.00989583 0.0166667 0.885171
0 0.582031 0.418056 0.0234375 0.0824074 0.902932
0 0.0419271 0.510185 0.0213542 0.109259 0.913178
0 0.413802 0.42037 0.0328125 0.112963 0.915734
