0 0.772396 0.373148 0.00729167 0.037037 0.120461
0 0.633594 0.376852 0.00677083 0.0388889 0.126749
0 0.250521 0.417593 0.00833333 0.0277778 0.127785
0 0.900781 0.376852 0.0078125 0.0518519 0.131505
0 0.438021 0.385648 0.00729167 0.0324074 0.141928
0 0.206771 0.436111 0.00833333 0.0481481 0.153661
0 0.18151 0.427778 0.00885417 0.037037 0.155234
0 0.628906 0.375926 0.00885417 0.0407407 0.171816
0 0.782292 0.372685 0.00729167 0.0416667 0.178111
0 0.167708 0.429167 0.00729167 0.037963 0.181942
0 0.661719 0.365741 0.00677083 0.0296296 0.185495
0 0.202344 0.439815 0.0119792 0.0444444 0.190761
0 0.894792 0.378241 0.00833333 0.0490741 0.195304
0 0.855469 0.376389 0.00989583 0.0509259 0.204104
0 0.401823 0.4125 0.0109375 0.0287037 0.215639
0 0.928646 0.379167 0.0135417 0.0453704 0.222377
0 0.00572917 0.480556 0.0114583 0.0296296 0.228316
0 0.239583 0.406481 0.00729167 0.0259259 0.244927
0 0.817969 0.374537 0.00989583 0.0435185 0.255798
0 0.791406 0.370833 0.0119792 0.0453704 0.273809
0 0.107552 0.437963 0.0078125 0.0425926 0.294689
0 0.736458 0.368981 0.00833333 0.0398148 0.311986
0 0.865625 0.375463 0.0104167 0.0564815 0.319958
0 0.138021 0.4375 0.0104167 0.0361111 0.354098
0 0.529688 0.388426 0.0114583 0.037963 0.367246
0 0.483073 0.3875 0.00885417 0.0416667 0.368263
0 0.17474 0.428241 0.00885417 0.0398148 0.373777
0 0.446094 0.3875 0.0078125 0.0361111 0.37817
0 0.678125 0.368056 0.00729167 0.0398148 0.379854
0 0.906771 0.375926 0.009375 0.0592593 0.381244
0 0.831771 0.372685 0.0104167 0.0546296 0.411669
0 0.217448 0.431481 0.0119792 0.0518519 0.419919
0 0.539583 0.38287 0.0104167 0.0416667 0.448285
0 0.496354 0.417593 0.0125 0.0611111 0.463487
0 0.563021 0.380556 0.00833333 0.0351852 0.471711
0 0.273438 0.420833 0.0114583 0.0490741 0.492173
0 0.159896 0.441204 0.0104167 0.0398148 0.508486
0 0.120833 0.440741 0.0114583 0.0407407 0.517511
0 0.464323 0.387037 0.0119792 0.037037 0.526137
0 0.952865 0.397222 0.0130208 0.0314815 0.545409
0 0.505729 0.405556 0.0114583 0.0481481 0.601111
0 0.838021 0.383796 0.015625 0.0472222 0.612323
0 0.0809896 0.45 0.0119792 0.0444444 0.626375
0 0.247917 0.476389 0.021875 0.0972222 0.627457
0 0.320312 0.407407 0.0145833 0.0481481 0.721971
0 0.233333 0.480556 0.028125 0.103704 0.779897
0 0.75625 0.412963 0.0208333 0.087037 0.8373
0 0.740625 0.416667 0.0197917 0.0777778 0.847663
0 0.595833 0.41713 0.021875 0.0842593 0.856942
32 0.503906 0.477778 0.00989583 0.0185185 0.870954
0 0.484635 0.44213 0.0213542 0.0972222 0.890251
0 0.424479 0.419907 0.034375 0.112037 0.906032
0 0.0489583 0.506481 0.021875 0.107407 0.909424
