0 0.61276 0.3625 0.0078125 0.037963 0.104316
0 0.695312 0.366667 0.00833333 0.05 0.11652
0 0.410156 0.376389 0.00989583 0.0416667 0.11731
0 0.828125 0.358796 0.0104167 0.0453704 0.130923
0 0.920313 0.351852 0.00625 0.0296296 0.133422
0 0.252344 0.406944 0.0078125 0.0435185 0.134024
0 0.746615 0.344444 0.00885417 0.0259259 0.13556
0 0.260938 0.389815 0.009375 0.0259259 0.140994
34 0.932292 0.405556 0.0114583 0.0222222 0.14405
0 0.592969 0.375926 0.00572917 0.0166667 0.150465
0 0.241667 0.411574 0.009375 0.0453704 0.16373
0 0.122917 0.336111 0.0104167 0.0481481 0.169573
0 0.428646 0.372685 0.00625 0.0361111 0.17623
0 0.284635 0.39213 0.0078125 0.0342593 0.17913
0 0.115104 0.340741 0.00833333 0.0444444 0.182079
0 0.745573 0.356944 0.00989583 0.0527778 0.193341
0 0.636719 0.358796 0.0130208 0.0435185 0.205277
0 0.43151 0.375463 0.00989583 0.0398148 0.219416
0 0.00338542 0.474074 0.00677083 0.0425926 0.241511
0 0.991667 0.356944 0.00625 0.0324074 0.259027
0 0.767708 0.362037 0.0135417 0.0407407 0.267749
0 0.66224 0.358333 0.00885417 0.0407407 0.27054
0 0.233594 0.409259 0.0130208 0.05 0.270843
0 0.321354 0.387963 0.00729167 0.0351852 0.275043
0 0.708073 0.359259 0.0119792 0.0518519 0.280184
0 0.316667 0.388426 0.00833333 0.0361111 0.29682
0 0.877865 0.373611 0.00572917 0.0287037 0.310721
0 0.214583 0.328241 0.00625 0.025 0.345098
0 0.676042 0.356944 0.0114583 0.0490741 0.375449
0 0.211458 0.40787 0.00833333 0.0398148 0.37901
0 0.393229 0.384259 0.009375 0.0425926 0.393016
0 0.979427 0.375 0.0078125 0.0388889 0.419137
0 0.689062 0.367593 0.009375 0.0462963 0.435877
0 0.224219 0.408333 0.0109375 0.0444444 0.448842
0 0.361198 0.389352 0.00885417 0.0453704 0.455874
0 0.601823 0.3625 0.0078125 0.0435185 0.458636
0 0.163281 0.418981 0.0078125 0.0435185 0.476207
0 0.730208 0.392593 0.0125 0.0518519 0.482576
0 0.0859375 0.349074 0.00625 0.0277778 0.498822
0 0.352865 0.388889 0.00989583 0.05 0.503518
0 0.583854 0.360648 0.0104167 0.0416667 0.519869
0 0.290365 0.397222 0.00989583 0.037037 0.52248
0 0.568229 0.384259 0.009375 0.0481481 0.58794
0 0.54349 0.379167 0.00885417 0.0453704 0.609749
0 0.790625 0.375463 0.0114583 0.0287037 0.625862
0 0.902604 0.360185 0.0114583 0.0592593 0.697516
0 0.752604 0.383796 0.0114583 0.0638889 0.704319
0 0.620573 0.380093 0.0140625 0.0564815 0.746214
0 0.0111979 0.463889 0.0130208 0.0555556 0.812578
0 0.708073 0.401389 0.0369792 0.0768519 0.82144
0 0.658073 0.400926 0.0151042 0.0740741 0.834005
0 0.48724 0.389815 0.0244792 0.0944444 0.869097
0 0.133854 0.481944 0.0291667 0.128704 0.888375
0 0.946354 0.415741 0.0302083 0.203704 0.901527
0 0.257292 0.463889 0.021875 0.12037 0.92391
