0 0.286979 0.396759 0.00833333 0.037963 0.101908
0 0.657031 0.364815 0.00572917 0.037037 0.102757
0 0.759115 0.363426 0.0130208 0.0527778 0.109708
0 0.792708 0.364815 0.00833333 0.0462963 0.111875
0 0.785677 0.36713 0.00885417 0.0472222 0.120177
0 0.663802 0.363426 0.00677083 0.037963 0.138981
0 0.335938 0.387963 0.0104167 0.0314815 0.150219
0 0.413281 0.379167 0.0078125 0.0324074 0.152666
0 0.679167 0.362037 0.00729167 0.0425926 0.156002
0 0.701823 0.363889 0.0078125 0.0425926 0.159014
0 0.642448 0.377315 0.00572917 0.0157407 0.180368
0 0.511458 0.366667 0.00625 0.0314815 0.186379
0 0.265885 0.325926 0.00572917 0.0259259 0.194219
0 0.0276042 0.456481 0.0125 0.037037 0.199233
0 0.425781 0.380556 0.0119792 0.0481481 0.204418
0 0.472656 0.379167 0.00885417 0.0398148 0.207401
0 0.215885 0.412963 0.00677083 0.0277778 0.216219
0 0.817969 0.365278 0.0109375 0.0435185 0.239871
0 0.439323 0.382407 0.00989583 0.0481481 0.261323
0 0.651302 0.364352 0.00885417 0.0398148 0.270284
0 0.60026 0.364352 0.0078125 0.0398148 0.273003
0 0.314323 0.398148 0.0109375 0.0425926 0.291101
0 0.503125 0.369444 0.00729167 0.0425926 0.293769
0 0.482812 0.378241 0.009375 0.0398148 0.295452
0 0.0346354 0.441204 0.00885417 0.025 0.314431
0 0.272656 0.401852 0.00885417 0.0425926 0.32411
0 0.16849 0.339815 0.0078125 0.0351852 0.327468
0 0.798698 0.361111 0.00885417 0.0537037 0.331308
0 0.28151 0.407407 0.0109375 0.05 0.337809
0 0.0132813 0.461111 0.0140625 0.05 0.363481
0 0.0541667 0.447685 0.0114583 0.0398148 0.392952
0 0.713021 0.3625 0.009375 0.0435185 0.396474
0 0.140104 0.342593 0.00625 0.0277778 0.47425
0 0.726562 0.359722 0.009375 0.0490741 0.497961
0 0.583594 0.381944 0.00885417 0.0416667 0.507198
0 0.0895833 0.450463 0.009375 0.0472222 0.525351
0 0.241146 0.418981 0.0125 0.0435185 0.552349
0 0.0833333 0.450926 0.0104167 0.05 0.559576
0 0.842708 0.380093 0.0125 0.0305556 0.560128
0 0.534635 0.403704 0.0109375 0.0648148 0.590899
0 0.634115 0.3625 0.00885417 0.0435185 0.609162
0 0.25599 0.415278 0.0130208 0.0472222 0.632017
32 0.539062 0.439815 0.00833333 0.012963 0.638057
0 0.738281 0.381481 0.0140625 0.0592593 0.689804
0 0.688802 0.385185 0.0151042 0.0462963 0.741518
0 0.540625 0.40787 0.01875 0.0657407 0.75664
0 0.958854 0.365278 0.0114583 0.0601852 0.793443
0 0.570312 0.393056 0.0145833 0.0731481 0.794595
0 0.45599 0.399074 0.0171875 0.0981481 0.815329
0 0.326042 0.438889 0.01875 0.0740741 0.828471
0 0.144271 0.489352 0.0302083 0.119444 0.88919
0 0.989583 0.428704 0.0208333 0.22037 0.907593
