0 0.7875 0.366204 0.00729167 0.0472222 0.110097
0 0.759635 0.363426 0.0119792 0.0527778 0.11291
0 0.266927 0.326389 0.00572917 0.025 0.116523
0 0.679167 0.3625 0.00833333 0.0416667 0.117068
0 0.021875 0.458333 0.0166667 0.0481481 0.124876
0 0.669271 0.362963 0.00729167 0.0388889 0.125995
0 0.513542 0.368056 0.00625 0.0361111 0.126948
0 0.264583 0.401389 0.00833333 0.0398148 0.130328
0 0.75026 0.365741 0.00885417 0.0462963 0.131413
0 0.428646 0.377778 0.0104167 0.0388889 0.152907
0 0.664844 0.363426 0.00677083 0.037963 0.158466
0 0.64349 0.377315 0.00572917 0.0157407 0.16158
36 0.45651 0.445833 0.0130208 0.00648148 0.164329
0 0.507812 0.369907 0.0104167 0.0398148 0.169429
0 0.317187 0.395833 0.0114583 0.0416667 0.175758
0 0.39349 0.385185 0.0078125 0.0333333 0.181198
0 0.441406 0.382407 0.0130208 0.0444444 0.182244
0 0.3375 0.387963 0.009375 0.0296296 0.182739
0 0.607813 0.361574 0.00625 0.0287037 0.192299
0 0.701302 0.363889 0.00885417 0.0425926 0.202883
0 0.270312 0.400926 0.00729167 0.0388889 0.203878
0 0.908854 0.364815 0.0104167 0.0462963 0.237892
0 0.210156 0.414352 0.00572917 0.0287037 0.251875
0 0.416146 0.378704 0.00833333 0.0314815 0.265175
0 0.0364583 0.448148 0.00833333 0.0407407 0.269763
0 0.483854 0.378241 0.0104167 0.0398148 0.275098
0 0.239323 0.420833 0.00885417 0.0416667 0.306814
0 0.275781 0.401389 0.00677083 0.0398148 0.319198
0 0.169271 0.340741 0.00729167 0.0351852 0.334709
0 0.818229 0.365278 0.0104167 0.0435185 0.337295
32 0.532812 0.438426 0.00833333 0.012037 0.368328
0 0.538542 0.391667 0.0114583 0.0481481 0.371071
0 0.714063 0.362963 0.009375 0.0444444 0.375296
0 0.288021 0.40463 0.009375 0.0537037 0.401032
0 0.727083 0.360185 0.0104167 0.05 0.401088
0 0.799479 0.361574 0.00833333 0.0546296 0.422886
0 0.0567708 0.447222 0.009375 0.0388889 0.426926
0 0.141406 0.342593 0.00572917 0.0277778 0.433231
0 0.652083 0.363889 0.00833333 0.0407407 0.46895
0 0.254427 0.415741 0.0119792 0.0481481 0.581479
0 0.0835937 0.450463 0.00885417 0.0490741 0.583898
0 0.0908854 0.45 0.00989583 0.0462963 0.598725
0 0.84401 0.380093 0.0130208 0.0305556 0.604867
0 0.635156 0.3625 0.00885417 0.0435185 0.614639
0 0.00651042 0.475 0.0130208 0.0574074 0.619317
0 0.584375 0.382407 0.009375 0.0407407 0.650198
0 0.6875 0.381019 0.0135417 0.0509259 0.695749
0 0.959896 0.365741 0.0104167 0.0611111 0.765075
0 0.546094 0.408333 0.0328125 0.0666667 0.770509
0 0.734115 0.37963 0.0203125 0.0648148 0.800656
0 0.454688 0.398148 0.0145833 0.0981481 0.851411
0 0.567187 0.396759 0.01875 0.0675926 0.886588
0 0.330469 0.438426 0.0244792 0.0768519 0.889551
0 0.989844 0.428241 0.0203125 0.219444 0.904759
0 0.147917 0.488889 0.0302083 0.116667 0.909175
