0 0.367708 0.389352 0.00729167 0.037963 0.117577
0 0.301302 0.395833 0.0078125 0.0324074 0.137977
0 0.00677083 0.462037 0.0114583 0.0333333 0.138058
0 0.778385 0.362963 0.0078125 0.0481481 0.143866
0 0.322396 0.389352 0.00833333 0.0324074 0.146917
0 0.654427 0.363426 0.00677083 0.037963 0.151706
0 0.463542 0.37963 0.00833333 0.0407407 0.158144
0 0.771615 0.364352 0.0078125 0.0472222 0.159137
36 0.120833 0.547222 0.0145833 0.00925926 0.160765
0 0.628646 0.376852 0.00625 0.0148148 0.175115
0 0.664583 0.3625 0.00729167 0.0435185 0.175665
0 0.404948 0.384259 0.00989583 0.0444444 0.183269
0 0.153125 0.341667 0.00729167 0.0333333 0.183594
0 0.455729 0.378241 0.00833333 0.0416667 0.18999
0 0.392448 0.381944 0.0078125 0.0324074 0.19586
0 0.648438 0.363889 0.00729167 0.0407407 0.19618
0 0.251563 0.326389 0.00625 0.025 0.20375
0 0.744271 0.3625 0.0114583 0.0546296 0.221267
0 0.420833 0.384259 0.009375 0.0444444 0.222024
0 0.491667 0.367593 0.009375 0.0314815 0.234539
0 0.916667 0.377778 0.00625 0.0277778 0.246648
0 0.672656 0.360185 0.0109375 0.0425926 0.255076
0 0.0153646 0.449537 0.00989583 0.0416667 0.261823
38 0.971094 0.412963 0.00989583 0.0203704 0.262405
0 0.482812 0.37037 0.00625 0.0388889 0.302581
0 0.43099 0.383333 0.00989583 0.0425926 0.313689
0 0.363542 0.394907 0.009375 0.0472222 0.313758
0 0.63776 0.363426 0.00989583 0.0435185 0.319604
0 0.275 0.398148 0.0104167 0.037037 0.35422
0 0.218229 0.411111 0.00625 0.0277778 0.364231
0 0.034375 0.450463 0.009375 0.0398148 0.370578
0 0.698438 0.362963 0.009375 0.0462963 0.3852
0 0.783594 0.362037 0.00885417 0.0537037 0.394818
0 0.29401 0.397222 0.00885417 0.0407407 0.395457
0 0.570312 0.381944 0.009375 0.0435185 0.399588
36 0.449479 0.444444 0.0177083 0.00925926 0.405489
0 0.711979 0.360648 0.0104167 0.0527778 0.407227
0 0.802865 0.364815 0.00989583 0.0425926 0.416673
0 0.0721354 0.452778 0.00885417 0.0481481 0.45232
0 0.530469 0.394444 0.0109375 0.05 0.467071
0 0.723698 0.371759 0.0109375 0.0435185 0.489334
0 0.125 0.343981 0.00625 0.0268519 0.497575
0 0.0664062 0.454167 0.0109375 0.0509259 0.578819
0 0.250521 0.412963 0.0125 0.0537037 0.593508
0 0.619792 0.362037 0.009375 0.0425926 0.663442
0 0.235156 0.418981 0.0119792 0.0453704 0.686123
0 0.942448 0.364815 0.0109375 0.0611111 0.693484
0 0.561719 0.393056 0.0119792 0.0694444 0.707234
0 0.732552 0.382407 0.0119792 0.0592593 0.728397
0 0.827604 0.379167 0.0125 0.0287037 0.739871
0 0.682292 0.381481 0.0135417 0.05 0.753764
32 0.539583 0.447685 0.009375 0.0138889 0.788068
0 0.539323 0.411574 0.0223958 0.0787037 0.814699
0 0.516927 0.407407 0.0182292 0.0685185 0.845541
0 0.448698 0.396759 0.0171875 0.0990741 0.861716
0 0.117708 0.49213 0.0166667 0.119444 0.897129
0 0.98099 0.424537 0.0338542 0.215741 0.908436
0 0.300521 0.439352 0.0260417 0.0824074 0.9167
