26 0.096875 0.493981 0.015625 0.0342593 0.107289
0 0.603646 0.376852 0.00625 0.0148148 0.117911
0 0.720052 0.349074 0.0109375 0.0277778 0.128589
0 0.744792 0.3625 0.00729167 0.0416667 0.147823
0 0.639063 0.3625 0.00833333 0.0435185 0.163393
0 0.673177 0.350463 0.00885417 0.0231481 0.170646
0 0.624479 0.362963 0.00729167 0.0407407 0.171424
0 0.359115 0.384259 0.00572917 0.0333333 0.174055
0 0.534115 0.369444 0.0078125 0.0351852 0.174346
0 0.296875 0.391667 0.009375 0.0333333 0.174688
26 0.0927083 0.498148 0.00833333 0.0259259 0.180199
0 0.496875 0.369907 0.00833333 0.0342593 0.183305
0 0.448438 0.372222 0.00729167 0.037037 0.206532
0 0.270833 0.397222 0.00729167 0.0388889 0.215016
0 0.421094 0.381944 0.00989583 0.0398148 0.216439
38 0.944531 0.409259 0.0119792 0.0222222 0.225582
0 0.260156 0.398611 0.00885417 0.0398148 0.236256
0 0.226042 0.328241 0.00520833 0.025 0.251454
0 0.461458 0.368981 0.00729167 0.0324074 0.256306
0 0.647917 0.360648 0.0114583 0.0435185 0.257899
0 0.857031 0.3625 0.0109375 0.0453704 0.296867
0 0.372917 0.385185 0.0104167 0.0462963 0.298539
0 0.00390625 0.456481 0.0078125 0.0444444 0.30967
0 0.776823 0.363889 0.00989583 0.0407407 0.321599
0 0.0973958 0.347222 0.00625 0.0277778 0.327019
0 0.397656 0.385648 0.00885417 0.0453704 0.331159
0 0.211198 0.409722 0.00677083 0.0398148 0.345525
0 0.0341146 0.458796 0.00885417 0.0490741 0.357683
0 0.389062 0.386111 0.0104167 0.0462963 0.357866
0 0.889844 0.374074 0.00572917 0.0240741 0.360125
0 0.521354 0.393519 0.009375 0.0481481 0.366547
0 0.550781 0.380556 0.00989583 0.0462963 0.381122
0 0.611979 0.362037 0.009375 0.0444444 0.382521
0 0.758333 0.359259 0.00833333 0.0537037 0.423239
0 0.348177 0.390278 0.0109375 0.0546296 0.439766
0 0.686979 0.35787 0.0104167 0.0490741 0.455425
0 0.202083 0.413889 0.00625 0.0407407 0.499954
0 0.235938 0.414815 0.0104167 0.0462963 0.513051
0 0.333073 0.389815 0.0109375 0.0425926 0.546642
0 0.7 0.371759 0.009375 0.0416667 0.551618
0 0.991667 0.377778 0.00833333 0.0425926 0.615507
0 0.220833 0.417593 0.0114583 0.0481481 0.61575
0 0.595052 0.3625 0.00885417 0.0416667 0.674632
0 0.801823 0.378241 0.0119792 0.0287037 0.68678
0 0.0390625 0.458333 0.015625 0.05 0.711632
0 0.715365 0.383333 0.0119792 0.0592593 0.721638
0 0.915104 0.3625 0.0114583 0.0601852 0.737273
0 0.438021 0.398611 0.015625 0.0953704 0.776095
0 0.674479 0.382407 0.0145833 0.05 0.777495
32 0.573698 0.451389 0.00885417 0.0157407 0.833256
0 0.510677 0.406019 0.0223958 0.0694444 0.840641
0 0.555208 0.418519 0.0333333 0.0944444 0.873062
0 0.102865 0.494907 0.0276042 0.123148 0.880752
0 0.265365 0.45 0.0182292 0.0796296 0.89235
0 0.960156 0.420833 0.0276042 0.210185 0.893838
