0 0.546615 0.377315 0.00989583 0.0416667 0.10888
13 0.103906 0.445833 0.0234375 0.0305556 0.12519
0 0.739062 0.371296 0.00833333 0.037037 0.125241
0 0.872135 0.373148 0.0078125 0.05 0.136747
0 0.12526 0.436574 0.00677083 0.0398148 0.152607
0 0.167448 0.4375 0.00989583 0.0472222 0.161597
0 0.445833 0.388426 0.0104167 0.0398148 0.162169
0 0.597917 0.376389 0.00625 0.037963 0.175323
0 0.727083 0.368056 0.00833333 0.0361111 0.183257
13 0.0572917 0.456944 0.046875 0.0287037 0.185943
0 0.521615 0.38287 0.00677083 0.037963 0.204264
0 0.865885 0.375463 0.0078125 0.0472222 0.211243
0 0.139062 0.431481 0.00729167 0.037037 0.234708
0 0.163542 0.434259 0.0104167 0.0462963 0.259071
0 0.189844 0.424074 0.00989583 0.0444444 0.274904
0 0.718229 0.384722 0.00625 0.0175926 0.292433
0 0.574479 0.378704 0.0104167 0.0388889 0.29331
0 0.775 0.371759 0.009375 0.0453704 0.293752
0 0.63724 0.37037 0.00885417 0.0425926 0.295798
0 0.529427 0.405556 0.0161458 0.0462963 0.296613
0 0.590365 0.375463 0.00989583 0.0416667 0.300287
0 0.392708 0.40787 0.009375 0.0305556 0.307546
0 0.897656 0.376389 0.0109375 0.0453704 0.309268
0 0.420052 0.389815 0.0119792 0.037037 0.328335
0 0.827083 0.373148 0.009375 0.0518519 0.362023
0 0.55651 0.37963 0.0109375 0.0425926 0.366174
0 0.18125 0.436574 0.0104167 0.0472222 0.37157
0 0.625781 0.366667 0.00677083 0.0314815 0.378936
0 0.172396 0.437963 0.009375 0.0444444 0.395607
0 0.803385 0.368981 0.00989583 0.0509259 0.405508
0 0.878385 0.371759 0.00885417 0.0564815 0.414934
0 0.790365 0.371759 0.00989583 0.0453704 0.428249
0 0.811198 0.381481 0.0161458 0.0462963 0.447481
0 0.484115 0.386111 0.0078125 0.0425926 0.489149
0 0.251823 0.419444 0.0140625 0.0537037 0.496361
0 0.371354 0.453241 0.0197917 0.100926 0.498277
0 0.11875 0.446296 0.009375 0.0462963 0.506627
0 0.83776 0.372685 0.0119792 0.0564815 0.524755
0 0.264323 0.42037 0.00989583 0.0481481 0.53508
0 0.157031 0.440278 0.0151042 0.0601852 0.538095
0 0.0731771 0.451389 0.0109375 0.0416667 0.553374
0 0.0286458 0.460648 0.0145833 0.0453704 0.554594
0 0.216406 0.419444 0.00989583 0.0425926 0.585365
0 0.24375 0.425 0.0104167 0.0481481 0.590143
0 0.709896 0.370833 0.00833333 0.0416667 0.612093
0 0.923437 0.392593 0.0125 0.0296296 0.666117
32 0.54974 0.4625 0.00885417 0.0157407 0.784483
0 0.360156 0.459259 0.0390625 0.109259 0.836948
0 0.764583 0.403241 0.015625 0.0824074 0.8395
0 0.531771 0.430093 0.0322917 0.0824074 0.864734
0 0.729167 0.408333 0.0177083 0.0722222 0.878374
0 0.440365 0.415278 0.0307292 0.108333 0.898553
0 0.0960938 0.503241 0.0234375 0.113889 0.90065
0 0.57474 0.423611 0.0359375 0.0805556 0.911037
