0 0.879687 0.375 0.00625 0.0277778 0.104409
0 0.629427 0.362037 0.0078125 0.0425926 0.112971
0 0.619531 0.3625 0.00677083 0.037963 0.115115
0 0.935938 0.377778 0.009375 0.0296296 0.127872
0 0.585677 0.360648 0.00989583 0.037963 0.132175
0 0.286979 0.39213 0.00833333 0.0287037 0.134221
0 0.115885 0.343519 0.00885417 0.0351852 0.137208
0 0.652083 0.363426 0.009375 0.0416667 0.141853
0 0.699219 0.363426 0.0109375 0.0453704 0.147367
0 0.254948 0.402315 0.00989583 0.0361111 0.173482
0 0.327083 0.3875 0.00833333 0.0453704 0.196458
0 0.920052 0.360648 0.00572917 0.0398148 0.200743
0 0.420573 0.380093 0.00989583 0.0435185 0.211179
0 0.52474 0.39213 0.0078125 0.0490741 0.227822
0 0.638281 0.359722 0.0119792 0.0453704 0.230835
0 0.767448 0.363889 0.0109375 0.0425926 0.237336
0 0.447656 0.369444 0.0109375 0.0333333 0.239224
0 0.23151 0.413426 0.0109375 0.0490741 0.23995
0 0.470573 0.373611 0.00677083 0.0398148 0.24106
0 0.735156 0.362963 0.00885417 0.0444444 0.241353
0 0.842708 0.361574 0.0135417 0.0472222 0.260433
0 0.411458 0.381944 0.0104167 0.0416667 0.263394
0 0.247396 0.4 0.00833333 0.0388889 0.26395
0 0.383073 0.386574 0.0078125 0.0435185 0.264244
0 0.34401 0.393519 0.0109375 0.0481481 0.265701
0 0.99401 0.362963 0.0119792 0.0388889 0.265772
0 0.358854 0.382407 0.00625 0.0407407 0.275523
0 0.37474 0.384722 0.0109375 0.0453704 0.284902
0 0.677344 0.353704 0.0109375 0.0407407 0.292329
0 0.497917 0.370833 0.0114583 0.0398148 0.297209
0 0.216146 0.328241 0.00520833 0.025 0.301058
0 0.31849 0.392593 0.0078125 0.0388889 0.307741
0 0.664323 0.3625 0.00989583 0.0453704 0.330255
0 0.748698 0.358796 0.00885417 0.0546296 0.33946
0 0.0875 0.347685 0.00625 0.0268519 0.356532
0 0.603385 0.362963 0.0078125 0.0407407 0.357697
0 0.271094 0.396759 0.00885417 0.037963 0.458561
36 0.10599 0.547685 0.0182292 0.012037 0.464588
0 0.690104 0.37037 0.00833333 0.0425926 0.494122
0 0.216927 0.41713 0.0109375 0.0490741 0.508407
0 0.980729 0.378241 0.00833333 0.0416667 0.526301
0 0.180469 0.421296 0.00885417 0.05 0.548538
0 0.544531 0.37963 0.00885417 0.0425926 0.560708
0 0.791667 0.377315 0.0125 0.0287037 0.579353
0 0.028125 0.460648 0.0135417 0.0490741 0.607632
0 0.195312 0.412037 0.00729167 0.0425926 0.61945
0 0.56901 0.3875 0.0161458 0.0638889 0.688339
0 0.676042 0.383796 0.0135417 0.0509259 0.726719
0 0.904427 0.3625 0.0109375 0.0601852 0.794879
0 0.708594 0.384722 0.0130208 0.062037 0.811183
0 0.4375 0.396759 0.0239583 0.0990741 0.830783
0 0.582812 0.414815 0.0208333 0.103704 0.833264
32 0.595052 0.453704 0.00989583 0.0166667 0.835189
0 0.948438 0.42037 0.0291667 0.207407 0.87095
0 0.514323 0.407407 0.0244792 0.0814815 0.883897
0 0.101823 0.493056 0.0223958 0.123148 0.887718
0 0.247135 0.45 0.0182292 0.0888889 0.895475
