0 0.323698 0.324074 0.00572917 0.0240741 0.107412
0 0.575521 0.375926 0.00833333 0.0333333 0.111097
0 0.565625 0.364352 0.00625 0.0175926 0.112361
0 0.520573 0.378704 0.0078125 0.0444444 0.113837
0 0.725521 0.368981 0.00729167 0.0361111 0.116627
0 0.6125 0.368056 0.00729167 0.0398148 0.122634
0 0.514063 0.37963 0.0104167 0.0444444 0.172695
0 0.852344 0.371759 0.0078125 0.0509259 0.17704
0 0.00442708 0.438426 0.00885417 0.0583333 0.187711
0 0.744792 0.36713 0.0125 0.0435185 0.195852
0 0.846094 0.375 0.0078125 0.0444444 0.202825
0 0.114323 0.427778 0.0078125 0.0222222 0.220751
0 0.533854 0.379167 0.0104167 0.0472222 0.24061
0 0.393229 0.39537 0.0104167 0.0462963 0.288201
0 0.69974 0.383333 0.00677083 0.0166667 0.291992
0 0.601823 0.374074 0.00989583 0.0425926 0.294126
0 0.553906 0.379167 0.00989583 0.0398148 0.307318
0 0.770833 0.369907 0.009375 0.0453704 0.309426
0 0.808073 0.372222 0.00885417 0.0481481 0.310537
0 0.151302 0.436111 0.00677083 0.0537037 0.364601
0 0.535937 0.397685 0.0114583 0.0490741 0.37522
0 0.784375 0.367593 0.0104167 0.0518519 0.378134
0 0.200521 0.339352 0.00625 0.0268519 0.397937
0 0.0700521 0.447222 0.0109375 0.0407407 0.401278
0 0.0450521 0.451852 0.0140625 0.05 0.412088
0 0.497135 0.380093 0.0078125 0.0361111 0.413073
0 0.858333 0.369907 0.009375 0.0564815 0.415001
0 0.175 0.427778 0.00729167 0.0314815 0.429711
0 0.708073 0.368981 0.00885417 0.0435185 0.431964
0 0.136979 0.4375 0.00833333 0.0490741 0.443158
0 0.452344 0.387037 0.00989583 0.0407407 0.455741
0 0.818229 0.370833 0.0114583 0.0546296 0.469238
0 0.420052 0.388889 0.0109375 0.0425926 0.484628
0 0.792188 0.380556 0.015625 0.0444444 0.517623
0 0.878125 0.374537 0.0114583 0.0453704 0.535753
0 0.0929687 0.451389 0.00885417 0.0435185 0.581728
0 0.691146 0.368056 0.00833333 0.0435185 0.586663
0 0.235938 0.425463 0.0125 0.0472222 0.599787
0 0.156771 0.435185 0.0125 0.0574074 0.646856
0 0.582552 0.415278 0.0307292 0.062037 0.669679
0 0.563281 0.426852 0.0192708 0.0925926 0.672575
0 0.129167 0.443519 0.015625 0.0611111 0.708793
0 0.254687 0.421759 0.0114583 0.0509259 0.716792
0 0.903125 0.389815 0.0125 0.0296296 0.717245
0 0.542708 0.405556 0.0145833 0.0574074 0.720067
0 0.214583 0.423611 0.0135417 0.0509259 0.776896
0 0.75625 0.397222 0.0145833 0.0833333 0.832095
32 0.581771 0.464352 0.0104167 0.0175926 0.857251
0 0.440885 0.412037 0.0265625 0.109259 0.869536
0 0.716667 0.405093 0.0270833 0.0638889 0.889151
0 0.408073 0.444444 0.0338542 0.103704 0.913283
0 0.108073 0.499537 0.0296875 0.119444 0.916541
0 0.381771 0.452315 0.025 0.102778 0.934141
