0 0.0416667 0.450926 0.0104167 0.0444444 0.100676
0 0.00338542 0.456944 0.00677083 0.0435185 0.100848
0 0.330208 0.394444 0.00729167 0.0425926 0.103757
0 0.421094 0.377315 0.00677083 0.0305556 0.110231
0 0.636198 0.375 0.00572917 0.0185185 0.117478
0 0.0296875 0.45463 0.009375 0.0444444 0.123342
0 0.315885 0.397222 0.00885417 0.0462963 0.124124
13 0.190365 0.424537 0.0453125 0.0212963 0.129794
36 0.432552 0.448611 0.00989583 0.00833333 0.130943
0 0.259375 0.325463 0.00520833 0.0268519 0.132164
0 0.657292 0.362963 0.00729167 0.0388889 0.134637
0 0.785937 0.362037 0.00833333 0.0481481 0.1382
0 0.0570313 0.450926 0.00885417 0.05 0.140999
0 0.161719 0.339815 0.00885417 0.037037 0.142568
0 0.636719 0.360648 0.00677083 0.037963 0.143718
0 0.500781 0.375463 0.0078125 0.0361111 0.163096
0 0.779948 0.365278 0.0078125 0.0453704 0.164754
0 0.536198 0.405556 0.00989583 0.062963 0.175409
0 0.0575521 0.4375 0.00677083 0.025 0.189681
0 0.477865 0.376389 0.00885417 0.0416667 0.199792
0 0.0484375 0.449074 0.00833333 0.0444444 0.200945
0 0.32474 0.395833 0.0109375 0.0453704 0.210063
0 0.515625 0.365741 0.0104167 0.0388889 0.210335
0 0.488281 0.376389 0.00989583 0.0398148 0.211142
0 0.286979 0.397685 0.00625 0.0398148 0.21476
0 0.719531 0.346759 0.00989583 0.025 0.218231
0 0.810417 0.364815 0.009375 0.0407407 0.274273
0 0.461458 0.376389 0.0104167 0.0490741 0.280335
0 0.0481771 0.438889 0.00677083 0.0240741 0.284657
0 0.133073 0.343981 0.00572917 0.0268519 0.30035
0 0.223958 0.421296 0.00833333 0.0425926 0.312393
0 0.644792 0.363426 0.00833333 0.0435185 0.318832
0 0.446094 0.37963 0.00989583 0.0462963 0.320516
0 0.0375 0.450926 0.009375 0.0425926 0.328188
0 0.40026 0.383333 0.0078125 0.0351852 0.337867
0 0.353385 0.399074 0.00989583 0.0425926 0.368599
0 0.792188 0.360185 0.00833333 0.0518519 0.429286
0 0.551042 0.398611 0.01875 0.0694444 0.484479
0 0.0114583 0.470833 0.0177083 0.0601852 0.484886
0 0.627604 0.361574 0.00833333 0.0416667 0.533639
0 0.213281 0.422685 0.0119792 0.0472222 0.568949
0 0.725781 0.37037 0.00989583 0.0462963 0.57179
0 0.56901 0.383796 0.0109375 0.0435185 0.601286
0 0.541146 0.406481 0.0145833 0.062963 0.628497
0 0.0739583 0.451852 0.009375 0.0518519 0.639481
0 0.0875 0.45 0.0104167 0.0518519 0.680742
32 0.526042 0.435648 0.00833333 0.012037 0.71398
0 0.23151 0.415741 0.0130208 0.0537037 0.721964
0 0.835677 0.378704 0.0130208 0.0296296 0.731964
0 0.950781 0.364352 0.0109375 0.0601852 0.736673
0 0.430729 0.400926 0.0177083 0.101852 0.76242
0 0.708333 0.382407 0.0135417 0.0648148 0.772699
0 0.522396 0.40463 0.021875 0.0685185 0.786183
0 0.680729 0.385185 0.0166667 0.0592593 0.79647
0 0.310156 0.439352 0.0140625 0.0824074 0.863155
0 0.140365 0.493056 0.0234375 0.119444 0.901388
0 0.985937 0.425463 0.028125 0.217593 0.91936
