35 0.536198 0.409722 0.00677083 0.012037 0.106141
0 0.353385 0.385648 0.00677083 0.0435185 0.112225
0 0.627865 0.359722 0.0078125 0.037963 0.123323
0 0.742448 0.361574 0.0078125 0.0472222 0.129911
0 0.235417 0.403241 0.00729167 0.0342593 0.131763
0 0.934115 0.377315 0.00885417 0.0287037 0.1515
0 0.614844 0.3625 0.00677083 0.037963 0.169351
0 0.735677 0.3625 0.0078125 0.0435185 0.18219
0 0.63776 0.360185 0.0109375 0.0425926 0.199574
0 0.690625 0.366667 0.00833333 0.0407407 0.201368
0 0.698958 0.363426 0.0104167 0.0453704 0.204005
0 0.878906 0.373611 0.00572917 0.0268519 0.211078
0 0.539844 0.37963 0.00989583 0.0407407 0.213345
0 0.238281 0.401389 0.00885417 0.0361111 0.225382
0 0.284896 0.394444 0.00833333 0.0351852 0.22556
0 0.376302 0.386111 0.0078125 0.0425926 0.252152
0 0.933854 0.351389 0.00729167 0.025 0.259459
0 0.215365 0.328241 0.00572917 0.025 0.268583
0 0.48099 0.36713 0.00989583 0.0305556 0.283863
0 0.663281 0.361111 0.00885417 0.0425926 0.28427
0 0.21276 0.405556 0.00885417 0.0407407 0.28704
0 0.344271 0.393056 0.015625 0.0453704 0.28762
0 0.415885 0.381019 0.00885417 0.0416667 0.303765
0 0.369792 0.386111 0.0104167 0.0462963 0.310076
0 0.766406 0.363426 0.0109375 0.0398148 0.314554
0 0.986198 0.360648 0.00885417 0.0361111 0.341556
0 0.676302 0.358333 0.00989583 0.05 0.344851
0 0.405729 0.381019 0.0104167 0.0416667 0.365268
0 0.585156 0.362037 0.00885417 0.0425926 0.381288
0 0.428906 0.374537 0.0109375 0.0435185 0.386746
0 0.747917 0.358796 0.00833333 0.0546296 0.423761
0 0.602083 0.3625 0.00833333 0.0416667 0.424498
0 0.246875 0.403704 0.009375 0.0407407 0.45164
0 0.0867188 0.348611 0.00677083 0.0268519 0.452205
0 0.980208 0.375 0.00833333 0.0444444 0.453457
0 0.0208333 0.4625 0.0125 0.0509259 0.531996
0 0.903646 0.360185 0.009375 0.0574074 0.569874
0 0.165625 0.422222 0.0104167 0.0481481 0.580502
0 0.222656 0.416667 0.00885417 0.0462963 0.582562
0 0.31224 0.393056 0.0119792 0.0472222 0.627007
0 0.791406 0.376389 0.0119792 0.0287037 0.632955
0 0.186198 0.414815 0.0078125 0.0425926 0.633074
0 0.591667 0.385185 0.0166667 0.0555556 0.725406
0 0.686458 0.387037 0.0135417 0.0537037 0.733896
0 0.541667 0.410185 0.0208333 0.0759259 0.74735
0 0.711719 0.385648 0.0140625 0.062037 0.747917
32 0.645573 0.444907 0.00885417 0.0175926 0.77806
0 0.451562 0.39537 0.0239583 0.0962963 0.862436
0 0.238802 0.453241 0.0171875 0.0990741 0.884397
0 0.946094 0.41713 0.0338542 0.202778 0.889525
0 0.116406 0.489815 0.0244792 0.124074 0.895731
0 0.626042 0.417593 0.0291667 0.0888889 0.917796
