0 0.0908854 0.35 0.0078125 0.0296296 0.103032
0 0.620313 0.3625 0.009375 0.0398148 0.105932
0 0.0820312 0.351389 0.00677083 0.0305556 0.106051
36 0.10599 0.546759 0.0203125 0.012037 0.112585
0 0.845052 0.372685 0.00677083 0.0268519 0.119532
0 0.595573 0.361574 0.0078125 0.0416667 0.12554
0 0.323698 0.389815 0.0130208 0.037037 0.135
0 0.582552 0.363426 0.0078125 0.037963 0.166768
0 0.733333 0.361574 0.00833333 0.0398148 0.187592
0 0.25599 0.404167 0.00885417 0.0509259 0.187687
0 0.759115 0.383333 0.00989583 0.0462963 0.204967
0 0.182292 0.330556 0.00625 0.0240741 0.231975
0 0.347656 0.385648 0.00885417 0.0509259 0.269183
0 0.553646 0.359259 0.009375 0.0333333 0.288715
0 0.605729 0.359722 0.0125 0.0435185 0.323301
0 0.355469 0.385648 0.0119792 0.0472222 0.348213
0 0.340625 0.388889 0.0114583 0.0462963 0.360435
0 0.300781 0.396296 0.0151042 0.0481481 0.367303
0 0.654948 0.360648 0.00989583 0.0472222 0.397399
0 0.175 0.415278 0.009375 0.0361111 0.39913
0 0.676562 0.360185 0.0104167 0.0537037 0.416364
0 0.193229 0.40787 0.009375 0.0324074 0.434311
0 0.978125 0.359722 0.00625 0.0342593 0.465206
0 0.2375 0.411574 0.0125 0.0435185 0.467885
0 0.0236979 0.456481 0.0119792 0.0555556 0.468564
0 0.376302 0.375 0.00989583 0.037037 0.487417
0 0.570573 0.363426 0.0078125 0.0398148 0.501314
0 0.24974 0.411111 0.0109375 0.0425926 0.509081
0 0.151823 0.423611 0.0130208 0.0509259 0.512261
0 0.715365 0.358333 0.00885417 0.0518519 0.51321
0 0.644792 0.358796 0.009375 0.0490741 0.524373
0 0.0515625 0.350926 0.00625 0.0296296 0.569326
0 0.225521 0.405556 0.009375 0.0425926 0.590612
0 0.944531 0.374074 0.0078125 0.0407407 0.613862
0 0.867448 0.358796 0.0119792 0.0564815 0.626811
0 0.535677 0.377315 0.00885417 0.0490741 0.648085
0 0.667708 0.368981 0.009375 0.0435185 0.655995
0 0.556771 0.383333 0.009375 0.0425926 0.662148
0 0.164583 0.419907 0.0135417 0.0453704 0.676317
0 0.633594 0.374537 0.0109375 0.0527778 0.735669
32 0.843229 0.4 0.00520833 0.0111111 0.746537
0 0.765104 0.385185 0.021875 0.0537037 0.756657
0 0.91276 0.4125 0.0348958 0.199074 0.787268
0 0.74974 0.391204 0.0192708 0.0787037 0.809777
0 0.705208 0.3875 0.0177083 0.0657407 0.851181
0 0.101823 0.491204 0.0255208 0.125 0.853111
0 0.513542 0.38287 0.0135417 0.0898148 0.870656
0 0.319271 0.455093 0.0260417 0.125 0.918009
