0 0.852083 0.361111 0.00833333 0.05 0.100043
0 0.630729 0.362963 0.00729167 0.0407407 0.102835
0 0.758594 0.362963 0.0078125 0.0462963 0.102943
0 0.276302 0.39213 0.0078125 0.0212963 0.118127
0 0.226823 0.416667 0.00677083 0.0462963 0.124071
0 0.997656 0.380556 0.0046875 0.0351852 0.132627
0 0.645312 0.3625 0.00833333 0.0435185 0.139365
0 0.751562 0.3625 0.00729167 0.0416667 0.144019
0 0.382552 0.384259 0.0119792 0.05 0.15432
0 0.254948 0.396296 0.00572917 0.0314815 0.16826
0 0.609896 0.376852 0.00625 0.0148148 0.17089
0 0.303125 0.390278 0.009375 0.0324074 0.177968
0 0.366406 0.383796 0.0140625 0.0416667 0.180902
34 0.951042 0.410185 0.0114583 0.0222222 0.190193
0 0.864583 0.3625 0.009375 0.0472222 0.221443
0 0.342708 0.389352 0.00729167 0.037963 0.226446
0 0.654427 0.360185 0.0119792 0.0444444 0.243708
0 0.348958 0.39537 0.0125 0.0444444 0.253116
0 0.534375 0.366667 0.009375 0.0388889 0.262265
0 0.396615 0.384259 0.00989583 0.0462963 0.266122
0 0.458854 0.371296 0.009375 0.0407407 0.26618
0 0.896354 0.375 0.00625 0.0259259 0.294703
0 0.783594 0.364352 0.00989583 0.0398148 0.298245
0 0.270052 0.397685 0.0078125 0.037963 0.300374
0 0.469531 0.368519 0.0078125 0.0314815 0.305442
38 0.950521 0.409722 0.0114583 0.0231481 0.311365
0 0.0104167 0.453704 0.00833333 0.0407407 0.315041
0 0.679948 0.361111 0.00885417 0.0425926 0.357809
0 0.406771 0.385648 0.0104167 0.0435185 0.379066
0 0.104427 0.346296 0.00572917 0.0277778 0.384984
0 0.693229 0.358333 0.0104167 0.05 0.456822
0 0.61849 0.363426 0.00885417 0.0435185 0.458241
0 0.764323 0.359722 0.00885417 0.0527778 0.472266
0 0.70651 0.371296 0.00989583 0.0425926 0.4769
36 0.108073 0.546759 0.0276042 0.0138889 0.533848
0 0.215104 0.414352 0.00729167 0.0527778 0.581612
0 0.0421875 0.45787 0.009375 0.0490741 0.593375
0 0.222656 0.417593 0.00989583 0.0481481 0.60484
0 0.520312 0.392593 0.0114583 0.0518519 0.617703
0 0.0494792 0.456481 0.0114583 0.05 0.625042
0 0.240104 0.415741 0.0114583 0.0444444 0.632368
0 0.601302 0.3625 0.00885417 0.0416667 0.641746
0 0.808333 0.378241 0.0125 0.0287037 0.664058
0 0.922396 0.361574 0.0104167 0.0583333 0.700408
0 0.558073 0.393056 0.0130208 0.062037 0.709041
0 0.673437 0.382407 0.0145833 0.05 0.751819
0 0.540365 0.416667 0.0286458 0.0925926 0.780071
0 0.720052 0.385185 0.0119792 0.0537037 0.800556
0 0.43724 0.397685 0.0213542 0.0990741 0.828484
0 0.508333 0.407407 0.0166667 0.0685185 0.834235
32 0.56224 0.450463 0.00885417 0.0157407 0.854181
0 0.274219 0.446759 0.0161458 0.0824074 0.866798
0 0.104167 0.491204 0.0229167 0.119444 0.886778
0 0.963802 0.422222 0.0348958 0.209259 0.90146
