0 0.774479 0.366667 0.00833333 0.0425926 0.10262
0 0.403125 0.383333 0.009375 0.037037 0.105747
0 0.777083 0.365741 0.00625 0.0444444 0.11124
0 0.432292 0.381019 0.0114583 0.0453704 0.120547
0 0.128125 0.344444 0.00625 0.0277778 0.123047
0 0.003125 0.458796 0.00625 0.0416667 0.127638
0 0.63125 0.378241 0.00520833 0.0138889 0.129502
0 0.144271 0.426389 0.00729167 0.0287037 0.150489
0 0.78099 0.364352 0.0078125 0.0453704 0.154971
0 0.0309896 0.452778 0.0109375 0.0444444 0.163635
0 0.714844 0.350463 0.00989583 0.0268519 0.169535
0 0.332552 0.39537 0.00677083 0.0407407 0.180501
0 0.465365 0.380556 0.0078125 0.0425926 0.180699
0 0.27526 0.396296 0.0078125 0.0333333 0.197027
0 0.478906 0.377315 0.00885417 0.0398148 0.205736
0 0.550781 0.385185 0.0109375 0.0462963 0.208811
0 0.689062 0.363889 0.009375 0.0425926 0.211517
0 0.326042 0.396759 0.009375 0.0472222 0.258403
0 0.254427 0.327315 0.00572917 0.025 0.259869
0 0.317187 0.392593 0.009375 0.0351852 0.267307
0 0.0453125 0.447222 0.00833333 0.0444444 0.277727
0 0.746875 0.362963 0.0114583 0.0537037 0.283175
0 0.804688 0.365741 0.00833333 0.0425926 0.320529
0 0.292448 0.398148 0.00677083 0.0407407 0.323026
0 0.0830729 0.451389 0.0109375 0.0472222 0.368341
0 0.0585938 0.445833 0.00677083 0.0398148 0.373609
0 0.701823 0.363426 0.00989583 0.0435185 0.375843
0 0.448438 0.380093 0.0114583 0.0472222 0.387882
0 0.0648438 0.446759 0.0078125 0.0509259 0.40051
0 0.723437 0.369444 0.0104167 0.0407407 0.406588
0 0.640104 0.365278 0.00833333 0.0398148 0.41088
0 0.78724 0.362037 0.00885417 0.0518519 0.411177
0 0.205729 0.419444 0.009375 0.0555556 0.416433
0 0.0713542 0.45463 0.009375 0.0462963 0.439026
0 0.198437 0.425926 0.0114583 0.0462963 0.614311
0 0.623177 0.363426 0.00885417 0.0416667 0.630153
0 0.830729 0.380093 0.0125 0.0287037 0.652863
0 0.216667 0.421296 0.0114583 0.05 0.695086
0 0.0184896 0.463426 0.0140625 0.0675926 0.71992
0 0.945833 0.366204 0.0104167 0.062037 0.771627
0 0.54401 0.40787 0.0234375 0.0787037 0.806626
0 0.523438 0.412963 0.0197917 0.0796296 0.816454
0 0.415104 0.405093 0.025 0.10463 0.828503
0 0.675521 0.390278 0.0197917 0.0601852 0.831192
0 0.719792 0.391204 0.01875 0.0583333 0.842338
0 0.495573 0.416667 0.0234375 0.0759259 0.883699
0 0.13151 0.494444 0.0307292 0.124074 0.898147
0 0.304948 0.443519 0.0151042 0.0851852 0.902429
0 0.982031 0.427315 0.0317708 0.217593 0.91815
