0 0.117708 0.343519 0.00625 0.0351852 0.106813
0 0.921875 0.3625 0.00833333 0.0527778 0.113399
0 0.619271 0.362037 0.00625 0.0388889 0.117114
0 0.248958 0.4 0.009375 0.0388889 0.124299
0 0.25599 0.402778 0.00989583 0.037037 0.127161
0 0.475521 0.373611 0.0145833 0.0398148 0.139831
0 0.639844 0.359722 0.0109375 0.0453704 0.167022
0 0.0242187 0.460185 0.0078125 0.0481481 0.168929
0 0.345052 0.393056 0.0109375 0.0472222 0.184613
0 0.289062 0.390278 0.00833333 0.0324074 0.186833
0 0.736198 0.363426 0.00885417 0.0453704 0.186903
36 0.103906 0.548148 0.0130208 0.012963 0.19508
0 0.421875 0.380093 0.0104167 0.0435185 0.206233
0 0.376302 0.385648 0.0109375 0.0472222 0.213326
0 0.384635 0.387037 0.0078125 0.0444444 0.216925
0 0.880469 0.375 0.00677083 0.0277778 0.242212
0 0.843229 0.3625 0.0135417 0.0453704 0.243566
0 0.411458 0.381481 0.0125 0.0407407 0.245705
38 0.935417 0.408333 0.0135417 0.0222222 0.246267
0 0.448438 0.369907 0.0104167 0.0342593 0.258969
0 0.216927 0.328241 0.00572917 0.025 0.261236
0 0.678385 0.354167 0.00989583 0.0416667 0.263657
0 0.76849 0.363426 0.0109375 0.0435185 0.273015
0 0.31901 0.391204 0.00677083 0.0398148 0.273284
0 0.586198 0.362963 0.00885417 0.0407407 0.290135
0 0.665104 0.3625 0.009375 0.0453704 0.295083
0 0.361458 0.385185 0.009375 0.0481481 0.297907
0 0.604167 0.362963 0.00833333 0.0425926 0.315644
0 0.50026 0.369907 0.00989583 0.037963 0.361956
0 0.749479 0.358333 0.00833333 0.0537037 0.394798
0 0.982031 0.378704 0.00989583 0.0407407 0.456787
0 0.182552 0.418056 0.00989583 0.0435185 0.482176
0 0.995052 0.362037 0.00989583 0.0388889 0.499166
0 0.271094 0.396759 0.00885417 0.037963 0.501947
0 0.691667 0.37037 0.009375 0.0444444 0.50626
0 0.23151 0.413889 0.0119792 0.05 0.517862
0 0.792969 0.377315 0.0119792 0.0287037 0.524906
0 0.545052 0.380093 0.00885417 0.0416667 0.553365
0 0.0885417 0.347222 0.00625 0.0277778 0.564908
0 0.217708 0.416667 0.0104167 0.0481481 0.575462
0 0.56849 0.3875 0.0140625 0.062037 0.589318
0 0.197396 0.411111 0.00833333 0.0425926 0.666017
0 0.0289063 0.460185 0.0140625 0.05 0.711812
0 0.675781 0.383796 0.0151042 0.0509259 0.726606
32 0.592969 0.453241 0.00885417 0.0157407 0.773619
0 0.905208 0.3625 0.0114583 0.0601852 0.792723
0 0.709115 0.383796 0.0140625 0.062037 0.81702
0 0.438281 0.397222 0.0255208 0.1 0.841544
0 0.581771 0.412963 0.0229167 0.1 0.849296
0 0.514844 0.407407 0.0223958 0.0796296 0.860392
0 0.948698 0.42037 0.0307292 0.209259 0.868705
0 0.100521 0.493056 0.0197917 0.123148 0.89537
0 0.248177 0.448148 0.0171875 0.0907407 0.904689
