0 0.759635 0.363426 0.0119792 0.0527778 0.10217
0 0.66901 0.362963 0.0078125 0.0388889 0.106298
0 0.933073 0.378241 0.00677083 0.0287037 0.107153
0 0.78724 0.366667 0.0078125 0.0462963 0.111959
0 0.513281 0.369907 0.0078125 0.0416667 0.11922
0 0.75026 0.365741 0.00885417 0.0462963 0.125032
0 0.664323 0.363426 0.00677083 0.037963 0.133546
0 0.50625 0.369444 0.00729167 0.0425926 0.14103
0 0.643229 0.377315 0.00520833 0.0157407 0.148454
0 0.392448 0.386111 0.00677083 0.0333333 0.155803
0 0.3375 0.3875 0.009375 0.0305556 0.186266
0 0.429167 0.379167 0.0114583 0.0435185 0.187011
0 0.701302 0.363889 0.00885417 0.0425926 0.193382
0 0.211719 0.413889 0.00677083 0.0277778 0.200736
0 0.909375 0.364815 0.009375 0.0462963 0.209308
0 0.441406 0.381944 0.0109375 0.0453704 0.228832
0 0.0221354 0.457407 0.0161458 0.05 0.236076
0 0.415885 0.379167 0.0078125 0.0324074 0.240802
0 0.483333 0.378704 0.0114583 0.0388889 0.245872
0 0.605729 0.362037 0.00625 0.0314815 0.247933
0 0.0359375 0.449074 0.00833333 0.0388889 0.274546
0 0.81849 0.365278 0.0109375 0.0453704 0.295756
0 0.169271 0.341204 0.00729167 0.0342593 0.300837
0 0.538542 0.390741 0.0125 0.0444444 0.307152
0 0.316406 0.395833 0.0119792 0.0435185 0.335786
0 0.272656 0.401852 0.0109375 0.0407407 0.339705
0 0.651823 0.363889 0.0078125 0.0407407 0.36961
0 0.714063 0.362963 0.009375 0.0444444 0.383891
0 0.0174479 0.458333 0.00885417 0.0518519 0.388684
0 0.727083 0.360185 0.0104167 0.05 0.401443
0 0.799479 0.361574 0.00833333 0.0546296 0.412996
0 0.141146 0.342593 0.00625 0.0277778 0.420282
0 0.286979 0.405556 0.009375 0.0537037 0.427919
0 0.00572917 0.479167 0.0114583 0.0472222 0.450391
0 0.239844 0.418519 0.0109375 0.0462963 0.473703
0 0.0557292 0.447685 0.009375 0.0398148 0.492786
0 0.635156 0.3625 0.00885417 0.0435185 0.554361
0 0.254687 0.414815 0.0125 0.0481481 0.58268
0 0.84375 0.380093 0.0135417 0.0305556 0.583553
0 0.0835937 0.450463 0.00885417 0.0490741 0.597059
0 0.0908854 0.45 0.00989583 0.0462963 0.601301
0 0.584115 0.38287 0.00885417 0.0416667 0.616679
0 0.68776 0.381944 0.0140625 0.0527778 0.711738
0 0.959896 0.364352 0.0104167 0.0583333 0.75234
0 0.736198 0.379167 0.0161458 0.0638889 0.79355
0 0.455469 0.399074 0.0151042 0.0981481 0.811689
0 0.330208 0.438426 0.0239583 0.0768519 0.812041
0 0.543229 0.410648 0.03125 0.0657407 0.819983
0 0.567708 0.395833 0.0177083 0.0694444 0.873639
0 0.147135 0.488889 0.0307292 0.118519 0.892264
0 0.989844 0.428241 0.0203125 0.219444 0.904555
