0 0.739844 0.371296 0.0078125 0.0388889 0.111937
0 0.872917 0.373611 0.00833333 0.0509259 0.118815
0 0.776042 0.371759 0.009375 0.0416667 0.133379
0 0.598698 0.376852 0.00677083 0.037037 0.137723
0 0.866927 0.375926 0.0078125 0.0462963 0.142119
13 0.0585938 0.456944 0.0484375 0.0287037 0.149876
0 0.39349 0.412963 0.0109375 0.0203704 0.197108
0 0.523958 0.384259 0.009375 0.0407407 0.205029
0 0.0973958 0.44213 0.0104167 0.0398148 0.215451
0 0.421094 0.390278 0.0119792 0.037963 0.23003
0 0.140365 0.431019 0.00677083 0.037963 0.230776
0 0.126302 0.436111 0.0078125 0.0425926 0.2338
0 0.575781 0.377778 0.0109375 0.037037 0.233963
0 0.447135 0.387963 0.0109375 0.0407407 0.242216
0 0.165365 0.433333 0.00989583 0.0462963 0.249299
0 0.71901 0.384722 0.00677083 0.0175926 0.269683
0 0.828646 0.373611 0.0104167 0.0509259 0.278159
0 0.790885 0.370833 0.00989583 0.0435185 0.284434
0 0.728125 0.368056 0.00833333 0.037963 0.293133
0 0.590625 0.375926 0.009375 0.0407407 0.304969
0 0.898958 0.376852 0.0114583 0.0462963 0.312091
0 0.173438 0.437963 0.009375 0.0444444 0.32632
0 0.366927 0.453704 0.0182292 0.103704 0.337362
0 0.879167 0.372222 0.0104167 0.0574074 0.36166
0 0.191146 0.423148 0.0104167 0.0444444 0.366049
0 0.558073 0.378704 0.0109375 0.0444444 0.367372
0 0.18151 0.437037 0.0109375 0.0462963 0.373425
0 0.805208 0.369907 0.0104167 0.0527778 0.386001
0 0.527865 0.404167 0.0140625 0.0453704 0.387771
0 0.639844 0.369907 0.00989583 0.0416667 0.415258
0 0.627083 0.36713 0.00625 0.0324074 0.429548
0 0.839063 0.373148 0.0114583 0.0555556 0.429789
0 0.0744792 0.449537 0.0114583 0.0453704 0.446386
0 0.244531 0.425463 0.0109375 0.0453704 0.472248
0 0.486198 0.385648 0.00885417 0.0435185 0.479048
0 0.264583 0.419907 0.0104167 0.0490741 0.481276
0 0.119792 0.447222 0.00833333 0.0462963 0.482459
0 0.811719 0.38287 0.0161458 0.0435185 0.484192
0 0.216667 0.419444 0.009375 0.0407407 0.502154
0 0.254427 0.417593 0.0119792 0.05 0.507366
0 0.0296875 0.460185 0.0135417 0.0462963 0.513461
0 0.710677 0.37037 0.00885417 0.0425926 0.517301
0 0.924479 0.393056 0.0125 0.0305556 0.538194
0 0.158333 0.441204 0.0166667 0.0601852 0.549602
32 0.545313 0.462963 0.0104167 0.0166667 0.63803
0 0.355469 0.459259 0.0411458 0.111111 0.83582
0 0.53151 0.430556 0.0359375 0.0833333 0.842366
0 0.764583 0.403241 0.015625 0.0842593 0.848073
0 0.441146 0.414815 0.0291667 0.109259 0.867144
0 0.729427 0.408333 0.0182292 0.0722222 0.88383
0 0.0932292 0.502778 0.0239583 0.114815 0.89311
0 0.576823 0.422222 0.0380208 0.0833333 0.915607
