0 0.284896 0.397222 0.009375 0.037037 0.10398
0 0.480208 0.378704 0.009375 0.037037 0.112091
0 0.784635 0.365741 0.0078125 0.0462963 0.113245
36 0.134896 0.543056 0.0135417 0.0101852 0.113271
0 0.00546875 0.449537 0.00989583 0.0231481 0.120287
0 0.334375 0.387963 0.009375 0.0314815 0.123901
0 0.545052 0.391204 0.0213542 0.0416667 0.123982
36 0.32474 0.472685 0.0151042 0.0101852 0.132109
0 0.507812 0.366667 0.00729167 0.0314815 0.133294
0 0.747917 0.366204 0.0104167 0.0509259 0.134676
0 0.666146 0.363426 0.00729167 0.037963 0.139878
0 0.420833 0.380556 0.00729167 0.0407407 0.147472
0 0.685677 0.35787 0.0109375 0.037963 0.147508
0 0.241146 0.417593 0.009375 0.0444444 0.148716
0 0.930469 0.378241 0.00572917 0.0287037 0.16522
0 0.264583 0.325463 0.00625 0.025 0.166744
0 0.00260417 0.4625 0.00520833 0.0490741 0.17199
0 0.677083 0.361574 0.00729167 0.0416667 0.172344
0 0.758333 0.362963 0.0104167 0.0537037 0.175076
0 0.470052 0.379167 0.00989583 0.0398148 0.182032
0 0.733333 0.370833 0.00833333 0.0453704 0.183929
0 0.0268229 0.451389 0.00989583 0.0453704 0.208842
0 0.592708 0.359259 0.00729167 0.0296296 0.217776
0 0.640885 0.377315 0.00572917 0.0157407 0.228603
36 0.147917 0.539352 0.0114583 0.012037 0.236629
0 0.816667 0.365278 0.0114583 0.0435185 0.264331
0 0.409115 0.37963 0.00677083 0.0314815 0.278709
0 0.64974 0.364352 0.0078125 0.0416667 0.281076
36 0.140885 0.540741 0.0265625 0.0148148 0.284805
0 0.167187 0.339815 0.00729167 0.0388889 0.293495
0 0.266927 0.406019 0.00885417 0.0453704 0.293571
0 0.499219 0.370833 0.00885417 0.0398148 0.309061
0 0.00651042 0.462037 0.0130208 0.05 0.314534
0 0.373177 0.396296 0.0078125 0.0407407 0.32046
0 0.710938 0.3625 0.009375 0.0435185 0.346855
0 0.435677 0.381944 0.0109375 0.0490741 0.347954
0 0.385677 0.389352 0.00989583 0.0398148 0.359254
0 0.58151 0.382407 0.00885417 0.0425926 0.362712
0 0.03125 0.448148 0.00833333 0.0388889 0.369139
0 0.277083 0.406944 0.0135417 0.0527778 0.378095
0 0.797396 0.362037 0.00729167 0.0537037 0.396356
0 0.311198 0.398611 0.0109375 0.0435185 0.402244
0 0.72474 0.360185 0.00989583 0.05 0.478356
0 0.0510417 0.448611 0.0104167 0.037963 0.48606
0 0.138281 0.343056 0.00572917 0.0268519 0.507267
0 0.0869792 0.45 0.009375 0.0481481 0.522066
0 0.257552 0.415741 0.0119792 0.0462963 0.530647
0 0.08125 0.450926 0.0114583 0.05 0.542517
0 0.740365 0.383796 0.0171875 0.0527778 0.58857
0 0.632552 0.3625 0.00885417 0.0435185 0.686664
0 0.840885 0.380093 0.0130208 0.0287037 0.694147
0 0.542708 0.409722 0.0270833 0.0787037 0.710908
0 0.529688 0.40463 0.0135417 0.0666667 0.722446
32 0.54349 0.441204 0.00885417 0.0138889 0.723409
0 0.688281 0.384259 0.0140625 0.0481481 0.728873
0 0.571094 0.393056 0.0151042 0.0712963 0.748728
0 0.454948 0.398148 0.0161458 0.0981481 0.7691
0 0.957031 0.364815 0.00989583 0.0574074 0.79722
0 0.322917 0.441667 0.0166667 0.0703704 0.81628
0 0.136458 0.488426 0.0239583 0.119444 0.888101
0 0.989062 0.427315 0.021875 0.217593 0.920022
