0 0.297917 0.390741 0.009375 0.0314815 0.108262
0 0.720833 0.349074 0.0104167 0.0277778 0.109702
0 0.66224 0.362963 0.00885417 0.0407407 0.112232
0 0.604427 0.376852 0.00572917 0.0148148 0.115903
0 0.632031 0.3625 0.00677083 0.037963 0.120741
0 0.214323 0.409722 0.0078125 0.0398148 0.126803
0 0.498698 0.369907 0.0078125 0.0361111 0.127255
26 0.0929687 0.497222 0.0078125 0.0259259 0.147648
0 0.625521 0.362963 0.00729167 0.0407407 0.147727
0 0.674219 0.352315 0.00885417 0.025 0.160427
38 0.945312 0.409259 0.0114583 0.0222222 0.172338
0 0.521875 0.363426 0.00833333 0.0324074 0.175482
0 0.640625 0.362963 0.00833333 0.0444444 0.18631
0 0.226562 0.327778 0.00520833 0.0240741 0.208177
0 0.423177 0.381944 0.00989583 0.0398148 0.21319
0 0.993229 0.378241 0.0104167 0.0416667 0.226379
0 0.534115 0.368981 0.00677083 0.0361111 0.22921
0 0.551823 0.374537 0.00989583 0.0305556 0.23116
0 0.46276 0.368981 0.0078125 0.0305556 0.272344
0 0.270312 0.397222 0.009375 0.0407407 0.2755
0 0.374479 0.385185 0.0114583 0.0481481 0.28198
0 0.890365 0.374537 0.00572917 0.025 0.297499
0 0.39974 0.386111 0.0109375 0.0444444 0.306854
0 0.0351562 0.458796 0.0078125 0.0490741 0.318765
0 0.260156 0.398148 0.0119792 0.0388889 0.321358
0 0.00416667 0.455556 0.00833333 0.0425926 0.346532
0 0.648958 0.360185 0.0104167 0.0444444 0.356076
0 0.44974 0.371759 0.00677083 0.0416667 0.357746
0 0.758854 0.359259 0.00833333 0.0537037 0.387525
0 0.778385 0.364352 0.0109375 0.0398148 0.393514
0 0.389844 0.385648 0.0119792 0.0453704 0.39754
0 0.6125 0.3625 0.009375 0.0435185 0.43486
0 0.858073 0.3625 0.0109375 0.0453704 0.47035
0 0.348437 0.390741 0.0135417 0.0555556 0.471508
0 0.700521 0.371296 0.0104167 0.0425926 0.498293
0 0.521354 0.393519 0.009375 0.0481481 0.520451
0 0.68776 0.358333 0.00989583 0.0481481 0.525605
0 0.0986979 0.346759 0.00572917 0.0268519 0.528142
0 0.334375 0.389815 0.0104167 0.0407407 0.547383
0 0.236458 0.415278 0.0104167 0.0453704 0.568612
0 0.205208 0.418056 0.00833333 0.0509259 0.577014
0 0.596094 0.3625 0.00885417 0.0416667 0.618036
0 0.221094 0.418519 0.0119792 0.0462963 0.625135
0 0.716406 0.38287 0.0119792 0.0601852 0.701326
0 0.040625 0.45787 0.0135417 0.0509259 0.707475
0 0.802604 0.377778 0.0125 0.0277778 0.731868
0 0.915885 0.362037 0.0109375 0.0592593 0.742663
0 0.674479 0.380556 0.015625 0.0481481 0.775362
0 0.43724 0.397685 0.0140625 0.0972222 0.793931
0 0.509635 0.406481 0.0203125 0.0722222 0.822819
0 0.554427 0.416667 0.0348958 0.0962963 0.877987
32 0.571875 0.451389 0.009375 0.0157407 0.878765
0 0.103125 0.493981 0.028125 0.123148 0.889642
0 0.961198 0.421296 0.0286458 0.211111 0.897411
0 0.266927 0.449537 0.0182292 0.0805556 0.906824
