0 0.744792 0.368519 0.009375 0.0462963 0.103063
36 0.415365 0.455556 0.0161458 0.0111111 0.11257
0 0.282292 0.397222 0.00729167 0.0333333 0.114431
0 0.683333 0.360185 0.0104167 0.037037 0.116393
0 0.534635 0.401852 0.0223958 0.0685185 0.119964
0 0.659375 0.366204 0.00729167 0.037963 0.124531
29 0.11276 0.502778 0.0109375 0.0148148 0.128876
0 0.331771 0.395833 0.00833333 0.0398148 0.131073
0 0.532812 0.362963 0.0104167 0.0351852 0.133108
0 0.675521 0.365278 0.00729167 0.0398148 0.134018
0 0.48125 0.379167 0.009375 0.0416667 0.159506
0 0.788542 0.366667 0.00729167 0.05 0.178556
0 0.263542 0.403241 0.00833333 0.0398148 0.181226
0 0.754167 0.365741 0.0114583 0.0537037 0.186805
0 0.638281 0.380093 0.00572917 0.0157407 0.207759
0 0.129688 0.431019 0.00625 0.0305556 0.219332
0 0.49375 0.376852 0.0104167 0.0425926 0.22794
0 0.35026 0.392593 0.00677083 0.037037 0.228716
0 0.735417 0.373148 0.009375 0.0388889 0.267194
0 0.925521 0.368981 0.00833333 0.0490741 0.271042
0 0.78099 0.368519 0.00989583 0.0481481 0.277349
0 0.721875 0.361111 0.0104167 0.0481481 0.280672
0 0.505469 0.375463 0.0109375 0.0435185 0.291283
0 0.708594 0.364815 0.00885417 0.0425926 0.293143
0 0.531771 0.390741 0.015625 0.0425926 0.3046
0 0.46276 0.382407 0.0130208 0.0537037 0.31356
0 0.344792 0.393519 0.00729167 0.0407407 0.379146
0 0.313021 0.397222 0.00729167 0.0407407 0.398711
0 0.104427 0.4375 0.00885417 0.0527778 0.439533
0 0.359896 0.393981 0.0114583 0.0453704 0.442108
0 0.334896 0.399537 0.0135417 0.0490741 0.445816
0 0.0820312 0.449537 0.0078125 0.0472222 0.451005
0 0.1875 0.425 0.0104167 0.0518519 0.452717
0 0.63151 0.365741 0.0078125 0.0407407 0.464424
0 0.0135417 0.466667 0.009375 0.05 0.485325
0 0.646875 0.366204 0.00833333 0.0435185 0.485978
0 0.0901042 0.45 0.0104167 0.0481481 0.491881
0 0.79401 0.364815 0.00885417 0.0555556 0.502674
0 0.8125 0.368056 0.0104167 0.0435185 0.503325
32 0.530469 0.4625 0.00885417 0.0175926 0.568726
0 0.73125 0.394444 0.0135417 0.062963 0.630601
0 0.195312 0.42963 0.0135417 0.0444444 0.639868
0 0.0419271 0.459722 0.0119792 0.0657407 0.640483
0 0.0679687 0.442593 0.00989583 0.0481481 0.654986
0 0.210938 0.422685 0.0114583 0.0490741 0.75041
0 0.838281 0.382407 0.0119792 0.0296296 0.762335
0 0.953906 0.36713 0.00989583 0.062037 0.769993
0 0.53151 0.434259 0.0234375 0.0833333 0.777404
0 0.413021 0.406944 0.0177083 0.106481 0.844668
0 0.684635 0.396759 0.0130208 0.0564815 0.847008
0 0.113281 0.499074 0.0276042 0.118519 0.870289
0 0.986719 0.42963 0.0265625 0.218519 0.897982
0 0.586198 0.42037 0.0296875 0.0944444 0.904006
0 0.319531 0.443056 0.0192708 0.0787037 0.904269
0 0.460417 0.434259 0.01875 0.087037 0.911204
