0 0.116667 0.344444 0.00729167 0.037037 0.109486
0 0.628125 0.361111 0.00833333 0.0425926 0.109551
0 0.213021 0.408796 0.009375 0.0453704 0.12076
0 0.239844 0.40463 0.0109375 0.0444444 0.12323
0 0.602344 0.3625 0.0078125 0.0435185 0.123942
0 0.638021 0.360185 0.0114583 0.0425926 0.154082
0 0.934635 0.378241 0.00885417 0.0268519 0.155237
0 0.652344 0.363426 0.0078125 0.0416667 0.157651
0 0.35625 0.388426 0.0104167 0.0490741 0.161344
0 0.989323 0.360648 0.0109375 0.0361111 0.172547
0 0.286719 0.39213 0.00885417 0.0305556 0.19006
0 0.233854 0.409259 0.0104167 0.0462963 0.200629
0 0.379687 0.386574 0.009375 0.0435185 0.208358
0 0.980208 0.375926 0.00833333 0.0407407 0.210862
35 0.110937 0.499074 0.00833333 0.0148148 0.226078
0 0.249479 0.403241 0.0125 0.0416667 0.232431
0 0.878906 0.374537 0.00677083 0.0287037 0.232633
0 0.343229 0.393519 0.0104167 0.0444444 0.247207
0 0.430729 0.374074 0.00833333 0.0407407 0.251295
0 0.766146 0.364352 0.009375 0.0416667 0.258383
0 0.0236979 0.462037 0.0171875 0.0481481 0.259138
0 0.278906 0.393981 0.00885417 0.0342593 0.271522
0 0.461198 0.374537 0.0119792 0.0416667 0.280408
0 0.935938 0.351852 0.00625 0.0240741 0.305351
0 0.664062 0.361574 0.009375 0.0435185 0.326199
0 0.676562 0.353241 0.0104167 0.0398148 0.33371
0 0.371354 0.386111 0.0104167 0.0481481 0.366601
0 0.407552 0.381944 0.0119792 0.0416667 0.367593
0 0.215625 0.328241 0.00520833 0.025 0.373396
0 0.747917 0.358796 0.00833333 0.0527778 0.39123
0 0.0867188 0.347685 0.00677083 0.0268519 0.423921
0 0.220313 0.41713 0.0104167 0.0453704 0.447098
0 0.690104 0.369907 0.00833333 0.0435185 0.452332
0 0.486979 0.369444 0.00729167 0.0351852 0.462229
0 0.544531 0.380093 0.00989583 0.0435185 0.511549
0 0.791667 0.377315 0.0125 0.0287037 0.52852
0 0.317187 0.391667 0.015625 0.05 0.540996
0 0.172656 0.422222 0.0119792 0.0537037 0.613835
0 0.191406 0.413889 0.0109375 0.0425926 0.674419
0 0.68125 0.385185 0.0114583 0.05 0.717412
0 0.904167 0.3625 0.0104167 0.0601852 0.732213
0 0.582812 0.384259 0.0125 0.0648148 0.744533
0 0.710417 0.384259 0.0145833 0.062963 0.74773
0 0.445573 0.39537 0.0151042 0.0962963 0.831865
32 0.625781 0.448611 0.00989583 0.0157407 0.835257
0 0.528906 0.406481 0.0234375 0.0833333 0.870371
0 0.947917 0.418519 0.0302083 0.205556 0.873949
0 0.244531 0.457407 0.0234375 0.0888889 0.890575
0 0.603125 0.415741 0.0395833 0.0981481 0.900742
0 0.111979 0.493056 0.0333333 0.125 0.911337
