13 0.373958 0.391667 0.0177083 0.037037 0.101293
0 0.584896 0.405093 0.009375 0.0527778 0.104258
13 0.322135 0.394444 0.0994792 0.0388889 0.104771
0 0.55599 0.377315 0.0078125 0.037963 0.107541
0 0.378385 0.390741 0.0078125 0.0333333 0.112325
0 0.0354167 0.424537 0.00833333 0.0268519 0.122576
32 0.102083 0.480093 0.00833333 0.0212963 0.127523
0 0.182292 0.340278 0.00625 0.0268519 0.134997
0 0.0971354 0.430556 0.00989583 0.0240741 0.139363
0 0.107813 0.428241 0.0114583 0.0231481 0.15839
0 0.833854 0.369907 0.00833333 0.0490741 0.161904
0 0.827865 0.373611 0.0078125 0.0435185 0.165459
0 0.981771 0.377778 0.0104167 0.0481481 0.17469
0 0.682292 0.381944 0.00625 0.0157407 0.185265
0 0.116667 0.436111 0.009375 0.0425926 0.235008
0 0.859635 0.372685 0.0109375 0.0435185 0.239676
0 0.021875 0.457407 0.0114583 0.0462963 0.246751
0 0.766927 0.366204 0.0109375 0.0490741 0.250141
0 0.790365 0.371296 0.00989583 0.0481481 0.251037
0 0.515365 0.380556 0.0109375 0.0462963 0.266376
0 0.158594 0.428704 0.0078125 0.0277778 0.266673
0 0.727604 0.366204 0.0114583 0.0435185 0.268967
0 0.108333 0.442593 0.0135417 0.0537037 0.285721
0 0.546615 0.376389 0.0078125 0.0398148 0.287272
0 0.133333 0.439815 0.00729167 0.0518519 0.321948
0 0.139062 0.439815 0.0104167 0.0518519 0.343949
0 0.753125 0.368981 0.009375 0.0435185 0.353448
0 0.401042 0.390741 0.015625 0.0407407 0.35419
0 0.800521 0.369907 0.0114583 0.0546296 0.396421
0 0.579948 0.408333 0.0192708 0.0611111 0.39928
0 0.690885 0.368981 0.00885417 0.0435185 0.404252
0 0.530729 0.397222 0.0104167 0.0425926 0.414831
0 0.0486979 0.451852 0.0119792 0.0388889 0.419006
0 0.476562 0.380093 0.00625 0.0361111 0.422585
0 0.840365 0.368981 0.00885417 0.0527778 0.426378
0 0.674219 0.368056 0.0078125 0.0416667 0.517952
0 0.202083 0.418519 0.009375 0.0388889 0.558169
0 0.773958 0.37963 0.015625 0.0425926 0.569952
0 0.0713542 0.455556 0.009375 0.0388889 0.610939
0 0.221094 0.427778 0.0109375 0.0481481 0.666608
0 0.429427 0.409259 0.0151042 0.103704 0.690153
0 0.884896 0.387963 0.0125 0.0296296 0.701587
0 0.188021 0.426389 0.0114583 0.0490741 0.728684
0 0.539583 0.405556 0.0114583 0.0518519 0.73297
0 0.241667 0.422222 0.0135417 0.0462963 0.734131
32 0.585938 0.463889 0.0104167 0.0166667 0.772695
0 0.572656 0.421296 0.0265625 0.087037 0.781844
0 0.419792 0.442593 0.0208333 0.0981481 0.867551
0 0.102865 0.500463 0.0213542 0.117593 0.868938
0 0.744792 0.402315 0.01875 0.0694444 0.879986
0 0.704948 0.402778 0.0203125 0.0648148 0.912907
0 0.373437 0.447222 0.0260417 0.0962963 0.914581
