0 0.677083 0.356019 0.0114583 0.0361111 0.104065
0 0.654167 0.363426 0.00729167 0.0398148 0.106429
0 0.669271 0.3625 0.00729167 0.0435185 0.109559
0 0.516667 0.365741 0.009375 0.0388889 0.110205
0 0.316406 0.396759 0.00572917 0.0435185 0.112896
0 0.0320312 0.454167 0.0119792 0.0361111 0.13457
0 0.632552 0.377315 0.00677083 0.0157407 0.148546
0 0.469271 0.376852 0.009375 0.0462963 0.165373
0 0.276042 0.397222 0.00625 0.0351852 0.187426
0 0.327083 0.397685 0.009375 0.0509259 0.197386
0 0.782552 0.363426 0.0078125 0.0490741 0.213902
0 0.48776 0.375463 0.0078125 0.0398148 0.215659
0 0.129427 0.343981 0.00572917 0.0268519 0.215843
0 0.345833 0.399074 0.00833333 0.0425926 0.22032
0 0.477865 0.375463 0.0078125 0.0416667 0.224776
0 0.463281 0.378241 0.0078125 0.0453704 0.233143
0 0.320833 0.398611 0.0125 0.0490741 0.245157
0 0.776042 0.365278 0.00833333 0.0453704 0.251549
0 0.332031 0.394444 0.00677083 0.0388889 0.263682
0 0.00390625 0.45787 0.0078125 0.0435185 0.294114
0 0.0398437 0.449074 0.0078125 0.0425926 0.318545
0 0.703125 0.362037 0.009375 0.0425926 0.329054
0 0.641406 0.363889 0.00989583 0.0425926 0.363113
0 0.716406 0.350926 0.00989583 0.0314815 0.370509
0 0.807292 0.364815 0.009375 0.0425926 0.370697
0 0.401302 0.38287 0.00572917 0.0361111 0.377851
0 0.290885 0.398148 0.00885417 0.0407407 0.388561
0 0.723958 0.37037 0.0104167 0.0444444 0.464474
0 0.788542 0.361574 0.009375 0.0564815 0.534206
0 0.447656 0.380556 0.0119792 0.0444444 0.547637
0 0.222917 0.420833 0.0104167 0.0490741 0.554816
0 0.202865 0.424074 0.0109375 0.0462963 0.59817
0 0.215104 0.419444 0.0114583 0.0537037 0.609705
0 0.0854167 0.450926 0.0125 0.0481481 0.611964
0 0.624219 0.362037 0.00885417 0.0425926 0.614185
0 0.0716146 0.452315 0.00989583 0.0509259 0.627849
0 0.832552 0.379167 0.0130208 0.0305556 0.660291
0 0.71276 0.387963 0.0130208 0.0592593 0.690984
0 0.557552 0.381944 0.0109375 0.0490741 0.714546
0 0.0174479 0.467593 0.0182292 0.0648148 0.714861
0 0.947135 0.365741 0.0109375 0.062963 0.735323
0 0.524219 0.40787 0.0203125 0.0787037 0.757386
0 0.0591146 0.448148 0.0119792 0.0518519 0.760899
0 0.679167 0.388426 0.0145833 0.0564815 0.774679
0 0.540625 0.406944 0.015625 0.0824074 0.801327
0 0.508594 0.408796 0.0286458 0.075 0.829211
0 0.134896 0.49213 0.0208333 0.121296 0.876769
0 0.303906 0.440278 0.0161458 0.0861111 0.880405
0 0.421094 0.405556 0.0265625 0.105556 0.894815
0 0.983594 0.425926 0.0317708 0.218519 0.9151
