0 0.108333 0.347685 0.00729167 0.0342593 0.117298
0 0.215885 0.410648 0.0078125 0.0398148 0.118528
0 0.279167 0.397222 0.0104167 0.0425926 0.12376
0 0.657552 0.361111 0.00989583 0.0425926 0.12419
0 0.681771 0.362963 0.00833333 0.0444444 0.147057
0 0.607552 0.362963 0.00677083 0.0388889 0.154921
0 0.814323 0.359259 0.0078125 0.0462963 0.165947
36 0.132292 0.540741 0.0197917 0.012963 0.169498
0 0.208073 0.329167 0.00572917 0.025 0.173231
0 0.586719 0.375926 0.00572917 0.0166667 0.18262
0 0.68776 0.364352 0.0078125 0.0398148 0.190524
0 0.331771 0.390741 0.00625 0.0481481 0.197788
0 0.346615 0.39213 0.00885417 0.0435185 0.206454
0 0.90625 0.348611 0.00625 0.0175926 0.210291
0 0.203385 0.410648 0.0078125 0.0472222 0.211269
0 0.272396 0.400926 0.00833333 0.037037 0.252296
0 0.321354 0.387037 0.00625 0.0407407 0.269082
0 0.339063 0.390741 0.0104167 0.05 0.292408
0 0.758333 0.362037 0.009375 0.0425926 0.314977
0 0.0960938 0.441667 0.0151042 0.0537037 0.333144
0 0.358594 0.388889 0.00989583 0.0444444 0.355377
0 0.394792 0.383796 0.0114583 0.0453704 0.362807
0 0.670052 0.358333 0.00989583 0.0481481 0.363013
0 0.740104 0.358333 0.009375 0.0518519 0.364325
0 0.871354 0.361574 0.009375 0.0472222 0.366221
0 0.378125 0.385648 0.009375 0.0453704 0.39311
0 0.0789063 0.349074 0.00677083 0.0277778 0.408548
0 0.972396 0.375463 0.009375 0.0416667 0.41623
0 0.414844 0.371296 0.00677083 0.0351852 0.433495
0 0.783854 0.375926 0.0114583 0.0296296 0.445762
0 0.207031 0.4125 0.00989583 0.0472222 0.446092
0 0.595052 0.3625 0.0078125 0.0416667 0.470801
0 0.305469 0.390741 0.00677083 0.0351852 0.493792
0 0.578125 0.362037 0.009375 0.0425926 0.543985
0 0.228125 0.411111 0.0125 0.0555556 0.547555
0 0.258073 0.410185 0.0119792 0.0425926 0.569433
0 0.245573 0.411111 0.00989583 0.0462963 0.600073
0 0.895833 0.361111 0.0104167 0.0592593 0.675892
0 0.540104 0.380093 0.0104167 0.0435185 0.68616
0 0.628125 0.378704 0.015625 0.0537037 0.704603
0 0.0046875 0.464352 0.009375 0.0564815 0.719399
0 0.563542 0.383333 0.0114583 0.0444444 0.722597
0 0.14375 0.422685 0.0104167 0.0453704 0.734241
0 0.729167 0.387963 0.0145833 0.0648148 0.74544
0 0.768229 0.382407 0.0125 0.0592593 0.775135
0 0.5 0.387037 0.01875 0.0925926 0.839279
0 0.696094 0.395833 0.0182292 0.0712963 0.841488
0 0.127083 0.485185 0.0197917 0.125926 0.847645
32 0.799219 0.39537 0.00677083 0.0111111 0.854301
0 0.747656 0.401389 0.0286458 0.0694444 0.857912
0 0.939844 0.415741 0.0317708 0.201852 0.893232
0 0.284635 0.462037 0.0317708 0.12037 0.932966
