0 0.60651 0.362037 0.00677083 0.037037 0.101607
0 0.896354 0.349074 0.00625 0.0166667 0.104709
0 0.613542 0.3625 0.00729167 0.0416667 0.104786
0 0.636719 0.362037 0.00885417 0.0407407 0.114461
0 0.600521 0.362963 0.00729167 0.0388889 0.147056
0 0.674219 0.362037 0.0078125 0.0462963 0.151129
0 0.622396 0.359722 0.0104167 0.0435185 0.165281
0 0.338542 0.391204 0.00729167 0.0453704 0.180972
0 0.200781 0.329167 0.00572917 0.025 0.203016
0 0.26276 0.402315 0.0078125 0.037963 0.204187
0 0.752604 0.361574 0.0114583 0.0398148 0.217807
0 0.205208 0.410648 0.009375 0.0398148 0.229163
0 0.65 0.361111 0.009375 0.0425926 0.248393
0 0.33099 0.391667 0.00989583 0.05 0.267066
0 0.36901 0.386574 0.00885417 0.0435185 0.29924
0 0.100781 0.342593 0.0078125 0.0444444 0.312132
0 0.40651 0.373148 0.00885417 0.0351852 0.37227
0 0.353906 0.392593 0.00989583 0.0407407 0.378693
0 0.732813 0.358333 0.0104167 0.0518519 0.383141
0 0.296094 0.391667 0.0078125 0.0333333 0.404266
0 0.588542 0.362963 0.009375 0.0425926 0.408447
0 0.888542 0.360648 0.009375 0.0583333 0.411088
0 0.384375 0.382407 0.0125 0.05 0.415495
0 0.663021 0.358796 0.0104167 0.0490741 0.460604
0 0.777604 0.376852 0.0114583 0.0296296 0.471198
0 0.213542 0.407407 0.0114583 0.0407407 0.474023
0 0.254167 0.406019 0.0104167 0.0490741 0.480644
0 0.240625 0.411574 0.0104167 0.0453704 0.497502
0 0.0713542 0.349537 0.00625 0.0268519 0.504104
0 0.965885 0.371296 0.0119792 0.0537037 0.50876
0 0.680469 0.371296 0.00885417 0.0425926 0.528347
0 0.196094 0.4125 0.00989583 0.0490741 0.544617
0 0.571615 0.3625 0.00885417 0.0416667 0.546835
0 0.133333 0.424537 0.0114583 0.0453704 0.567346
0 0.536458 0.380556 0.009375 0.0425926 0.63106
0 0.628125 0.377778 0.0114583 0.0537037 0.663925
0 0.0796875 0.443056 0.0114583 0.0509259 0.689656
32 0.805469 0.405093 0.00677083 0.012037 0.698163
0 0.724479 0.387963 0.0125 0.0611111 0.707173
0 0.766406 0.383333 0.0161458 0.0592593 0.719704
0 0.558594 0.384722 0.0109375 0.0435185 0.724554
0 0.697135 0.391204 0.0151042 0.0787037 0.774573
0 0.746615 0.399074 0.0171875 0.0703704 0.801288
0 0.501302 0.385648 0.0151042 0.0935185 0.819456
0 0.120312 0.486574 0.021875 0.125 0.866421
0 0.932031 0.415278 0.0348958 0.200926 0.886269
0 0.285677 0.459722 0.0203125 0.119444 0.925729
