0 0.351302 0.323148 0.00572917 0.0259259 0.101475
0 0.555729 0.377778 0.00729167 0.0388889 0.101992
0 0.0838542 0.440741 0.00729167 0.0388889 0.121391
0 0.907031 0.377315 0.00989583 0.0453704 0.122239
0 0.569271 0.377315 0.0104167 0.0416667 0.133113
0 0.365104 0.395833 0.00833333 0.0416667 0.142904
0 0.242448 0.426389 0.00989583 0.0435185 0.145667
0 0.876042 0.376389 0.00729167 0.0490741 0.149601
0 0.764323 0.370833 0.0078125 0.0435185 0.151763
0 0.88151 0.373611 0.0078125 0.0527778 0.152318
0 0.153646 0.42963 0.00833333 0.0388889 0.154264
0 0.204427 0.425463 0.00989583 0.037963 0.182634
0 0.113542 0.441667 0.009375 0.037037 0.188413
0 0.282031 0.406019 0.00677083 0.0324074 0.189904
0 0.784635 0.372222 0.00885417 0.0462963 0.204251
0 0.585156 0.380093 0.00885417 0.0435185 0.204359
0 0.370313 0.39537 0.00729167 0.0388889 0.204476
0 0.0502604 0.455093 0.00885417 0.0416667 0.223674
0 0.846615 0.373148 0.0119792 0.0555556 0.225742
0 0.611458 0.375926 0.00729167 0.0388889 0.225811
0 0.523438 0.388426 0.009375 0.0342593 0.231984
0 0.210156 0.419444 0.00677083 0.0425926 0.247183
35 0.491927 0.438889 0.00677083 0.0185185 0.248952
0 0.235677 0.429167 0.0078125 0.0398148 0.25133
0 0.736198 0.369907 0.00885417 0.0416667 0.257969
0 0.773698 0.368981 0.0109375 0.0453704 0.260325
0 0.263021 0.421296 0.0104167 0.05 0.271579
0 0.19401 0.434259 0.00885417 0.0462963 0.281555
0 0.0929687 0.444907 0.0140625 0.0453704 0.289791
0 0.603906 0.376389 0.0109375 0.0398148 0.329235
0 0.134896 0.444907 0.00833333 0.0398148 0.335395
0 0.185937 0.436574 0.0114583 0.0509259 0.347321
0 0.392188 0.408333 0.0114583 0.0351852 0.36065
0 0.640365 0.365278 0.0078125 0.0305556 0.378274
0 0.459375 0.386111 0.0125 0.0407407 0.389063
0 0.813281 0.370833 0.0109375 0.0546296 0.39305
0 0.888021 0.373148 0.009375 0.0592593 0.410665
0 0.79974 0.372222 0.00989583 0.0444444 0.421089
0 0.539323 0.377778 0.0109375 0.0351852 0.431284
0 0.0164062 0.468519 0.0171875 0.0462963 0.439536
0 0.439323 0.387963 0.00989583 0.0388889 0.476573
0 0.292969 0.46713 0.0171875 0.0953704 0.491319
0 0.71849 0.37037 0.00885417 0.0425926 0.518578
0 0.177083 0.437037 0.015625 0.0611111 0.539949
0 0.654948 0.368056 0.0078125 0.0398148 0.551693
0 0.51224 0.403704 0.00989583 0.05 0.555728
0 0.820052 0.38287 0.0151042 0.0453704 0.577892
0 0.933073 0.393981 0.0130208 0.0305556 0.659096
32 0.517969 0.47037 0.00885417 0.0166667 0.810471
0 0.754167 0.409722 0.01875 0.0842593 0.819084
0 0.735156 0.411574 0.0192708 0.0768519 0.833763
0 0.49974 0.436111 0.0223958 0.0888889 0.843019
0 0.426823 0.418519 0.0265625 0.112963 0.862877
0 0.273958 0.471296 0.0395833 0.109259 0.871314
0 0.0578125 0.509259 0.0260417 0.105556 0.911385
0 0.576302 0.421296 0.0265625 0.0814815 0.915057
