0 0.754687 0.3625 0.00729167 0.0416667 0.10517
0 0.647135 0.361574 0.00885417 0.0416667 0.117982
0 0.61224 0.377315 0.00572917 0.0138889 0.125549
0 0.298438 0.394444 0.0104167 0.0277778 0.128451
0 0.868229 0.3625 0.009375 0.0453704 0.151968
0 0.633594 0.363426 0.00677083 0.037963 0.155241
0 0.279948 0.397685 0.00885417 0.0361111 0.170612
0 0.235156 0.327778 0.00572917 0.0259259 0.181558
0 0.899479 0.376389 0.00520833 0.0268519 0.190948
0 0.305729 0.389815 0.009375 0.0314815 0.212302
0 0.785677 0.364815 0.00989583 0.0407407 0.21759
0 0.14375 0.34213 0.00833333 0.0342593 0.219708
0 0.65651 0.360648 0.0119792 0.0435185 0.220059
38 0.954167 0.409722 0.0125 0.0212963 0.226948
0 0.399479 0.383333 0.009375 0.0481481 0.27052
0 0.217708 0.4125 0.00833333 0.0435185 0.271747
32 0.547135 0.456481 0.0109375 0.00925926 0.274839
0 0.371615 0.386574 0.0109375 0.0435185 0.284559
0 0.682552 0.361111 0.00989583 0.0425926 0.300751
0 0.767448 0.360648 0.00885417 0.0527778 0.306916
0 0.409375 0.384722 0.009375 0.0435185 0.340489
0 0.472917 0.36713 0.00625 0.0324074 0.341555
0 0.136198 0.343519 0.0078125 0.037037 0.368227
0 0.46224 0.371296 0.00989583 0.0407407 0.395323
0 0.695573 0.358796 0.00989583 0.0490741 0.400992
0 0.520833 0.393056 0.009375 0.0490741 0.403274
0 0.621354 0.363426 0.00833333 0.0416667 0.452262
0 0.708854 0.371296 0.009375 0.0425926 0.473308
0 0.0138021 0.453241 0.00885417 0.0416667 0.481775
0 0.350781 0.393519 0.0140625 0.0462963 0.500864
0 0.271875 0.398148 0.009375 0.0407407 0.510598
0 0.0455729 0.45787 0.00989583 0.0490741 0.549834
0 0.107552 0.34537 0.00572917 0.0277778 0.571657
0 0.0528646 0.456019 0.0119792 0.0490741 0.622334
36 0.108333 0.546759 0.0270833 0.0138889 0.629711
0 0.223698 0.416667 0.0119792 0.05 0.63719
0 0.604167 0.362963 0.009375 0.0407407 0.65269
0 0.240885 0.415278 0.0130208 0.0453704 0.67154
0 0.67474 0.383333 0.0151042 0.0481481 0.705541
0 0.557813 0.39213 0.015625 0.062037 0.707225
0 0.925 0.361574 0.0104167 0.0564815 0.716803
0 0.810938 0.378241 0.0125 0.0287037 0.725735
0 0.721875 0.383333 0.0114583 0.0592593 0.752879
0 0.508854 0.406019 0.0208333 0.0694444 0.823561
32 0.558854 0.449537 0.00833333 0.0157407 0.826839
0 0.277604 0.443519 0.015625 0.0833333 0.853358
0 0.539062 0.414815 0.028125 0.0907407 0.861898
0 0.438542 0.398611 0.0239583 0.0990741 0.86226
0 0.106771 0.490741 0.0239583 0.118519 0.88537
0 0.965104 0.422685 0.0375 0.210185 0.911222
