0 0.285677 0.399074 0.0078125 0.0407407 0.104769
0 0.688542 0.350463 0.0104167 0.0231481 0.115638
0 0.00364583 0.4625 0.00729167 0.0453704 0.120849
0 0.33776 0.388426 0.0078125 0.0305556 0.128971
0 0.933333 0.378241 0.00625 0.0268519 0.131773
0 0.192448 0.418519 0.00572917 0.0277778 0.136758
0 0.331771 0.394444 0.0104167 0.0407407 0.145367
0 0.560156 0.380093 0.0182292 0.0342593 0.150176
0 0.664583 0.363426 0.00833333 0.0398148 0.15848
0 0.32526 0.39537 0.0078125 0.0407407 0.175659
0 0.613802 0.363889 0.00885417 0.037037 0.177598
0 0.643229 0.377778 0.00520833 0.0148148 0.19316
0 0.169271 0.34213 0.00729167 0.0342593 0.196207
0 0.489062 0.378704 0.009375 0.0388889 0.200959
0 0.421354 0.378704 0.00729167 0.0314815 0.215948
0 0.519271 0.368981 0.009375 0.0398148 0.233276
0 0.432292 0.380556 0.00833333 0.0444444 0.236753
0 0.253646 0.403704 0.00625 0.037037 0.245107
0 0.701042 0.363889 0.009375 0.0444444 0.247393
0 0.51276 0.369444 0.00677083 0.0425926 0.261021
0 0.0591146 0.444907 0.00677083 0.037963 0.269312
0 0.31901 0.392593 0.0078125 0.0351852 0.279431
0 0.817708 0.365278 0.009375 0.0416667 0.286493
0 0.367708 0.396759 0.00833333 0.0435185 0.30184
0 0.479948 0.378704 0.00989583 0.0407407 0.312311
0 0.713542 0.3625 0.009375 0.0435185 0.319509
0 0.247135 0.415278 0.00989583 0.0490741 0.335592
0 0.625 0.362037 0.00833333 0.0388889 0.344326
0 0.799479 0.360648 0.00833333 0.0546296 0.350753
0 0.40026 0.384722 0.00885417 0.0361111 0.377884
0 0.140625 0.343056 0.00625 0.0268519 0.411985
0 0.726302 0.358796 0.0109375 0.0490741 0.42193
0 0.304948 0.401389 0.0130208 0.0490741 0.422575
0 0.461198 0.380093 0.00885417 0.0435185 0.431911
0 0.652083 0.363889 0.00833333 0.0425926 0.465883
0 0.242448 0.41713 0.0109375 0.0472222 0.482675
0 0.84349 0.37963 0.0130208 0.0314815 0.516094
32 0.532292 0.437963 0.00833333 0.012963 0.552141
0 0.634635 0.3625 0.00885417 0.0435185 0.560021
0 0.735156 0.369444 0.0119792 0.0481481 0.580539
0 0.0117188 0.468519 0.0161458 0.0648148 0.605023
0 0.0825521 0.451852 0.00885417 0.0481481 0.626854
0 0.09375 0.448611 0.0104167 0.0509259 0.650554
0 0.720312 0.385185 0.0125 0.0518519 0.651431
0 0.229948 0.419907 0.0109375 0.0490741 0.667698
0 0.959635 0.364815 0.0109375 0.0592593 0.716347
0 0.582812 0.382407 0.0104167 0.0425926 0.724311
0 0.0380208 0.45463 0.0166667 0.0518519 0.745117
0 0.685417 0.383796 0.015625 0.0546296 0.75501
0 0.541406 0.402315 0.0171875 0.0675926 0.792212
0 0.447917 0.399074 0.0166667 0.101852 0.799615
0 0.321094 0.434722 0.0119792 0.0805556 0.831773
0 0.561979 0.406944 0.0239583 0.0601852 0.839092
0 0.150781 0.493519 0.0244792 0.112963 0.900668
0 0.989583 0.428241 0.0208333 0.221296 0.902262
