0 0.407552 0.375 0.0078125 0.0444444 0.141239
0 0.210156 0.407407 0.00885417 0.0388889 0.154613
0 0.114323 0.341204 0.0078125 0.0416667 0.158072
0 0.324479 0.387963 0.00625 0.037037 0.177725
0 0.877344 0.373611 0.00572917 0.0268519 0.181595
0 0.636458 0.358796 0.0125 0.0435185 0.189297
0 0.766927 0.361574 0.0140625 0.0416667 0.192474
0 0.613802 0.362963 0.0078125 0.0388889 0.203072
0 0.661458 0.360648 0.00833333 0.0416667 0.223286
0 0.707292 0.360185 0.0104167 0.0518519 0.230507
0 0.697656 0.362037 0.00989583 0.0481481 0.243593
0 0.233333 0.406944 0.009375 0.0453704 0.260926
0 0.335417 0.388889 0.0104167 0.05 0.266306
0 0.359115 0.390741 0.00989583 0.0444444 0.26657
0 0.117708 0.42963 0.00833333 0.0444444 0.29829
0 0.352083 0.389352 0.0104167 0.0490741 0.305185
0 0.320312 0.387963 0.00625 0.037037 0.305805
0 0.989323 0.357407 0.0078125 0.0314815 0.329868
0 0.404687 0.381944 0.0104167 0.0435185 0.333393
0 0.426562 0.372222 0.009375 0.0388889 0.335783
0 0.213802 0.328704 0.00572917 0.0259259 0.343501
0 0.676042 0.356944 0.0104167 0.0490741 0.345961
0 0.746354 0.35787 0.00833333 0.0527778 0.382965
0 0.689844 0.369907 0.0109375 0.0435185 0.393426
0 0.601042 0.363426 0.00833333 0.0416667 0.402758
0 0.0854167 0.348611 0.00625 0.0287037 0.441547
0 0.242969 0.412963 0.0109375 0.0462963 0.460122
0 0.978385 0.373148 0.00885417 0.0425926 0.470076
0 0.734635 0.388889 0.0140625 0.062963 0.476322
0 0.389844 0.383796 0.00885417 0.0453704 0.482808
0 0.222396 0.408796 0.0104167 0.0453704 0.504325
0 0.583333 0.361111 0.0104167 0.0425926 0.508438
0 0.161198 0.419907 0.00885417 0.0435185 0.511333
0 0.28724 0.398611 0.0109375 0.0472222 0.526732
0 0.255208 0.404167 0.0104167 0.0564815 0.546174
0 0.789844 0.375926 0.0119792 0.0296296 0.585321
0 0.542708 0.378704 0.00833333 0.0444444 0.633705
0 0.567708 0.383333 0.009375 0.0481481 0.634163
0 0.902083 0.360185 0.0114583 0.0592593 0.684802
0 0.758854 0.386574 0.0208333 0.0583333 0.714542
0 0.622656 0.37963 0.0140625 0.0555556 0.762421
0 0.0104167 0.464352 0.0125 0.0564815 0.787669
0 0.719271 0.398611 0.034375 0.0861111 0.789441
0 0.13099 0.485185 0.0317708 0.122222 0.862361
0 0.667969 0.401389 0.0192708 0.075 0.893423
0 0.945833 0.415741 0.0302083 0.203704 0.902077
0 0.489583 0.389352 0.0229167 0.0953704 0.912033
0 0.265885 0.4625 0.0317708 0.117593 0.918989
