2 0.920313 0.353704 0.0114583 0.012963 0.119194
0 0.522396 0.366204 0.00833333 0.037963 0.12719
0 0.275521 0.397685 0.00833333 0.0342593 0.140638
0 0.676823 0.359722 0.0119792 0.0398148 0.141292
0 0.653646 0.365741 0.00729167 0.037037 0.147008
0 0.25625 0.403241 0.00833333 0.0361111 0.147236
0 0.470052 0.379167 0.00885417 0.0416667 0.152044
0 0.775781 0.36713 0.0078125 0.0453704 0.156968
0 0.739062 0.365741 0.00833333 0.05 0.162884
0 0.332812 0.395833 0.00833333 0.0453704 0.16419
0 0.129167 0.344444 0.00625 0.0259259 0.164195
0 0.690885 0.365278 0.0078125 0.0398148 0.164198
0 0.321354 0.391667 0.00833333 0.0333333 0.2017
0 0.428906 0.378241 0.00677083 0.0305556 0.208162
0 0.00364583 0.469907 0.00729167 0.037963 0.211373
0 0.782292 0.364815 0.00729167 0.0481481 0.221736
0 0.632292 0.378704 0.00625 0.0166667 0.248355
0 0.338802 0.400926 0.00885417 0.0407407 0.267374
0 0.748177 0.364352 0.0109375 0.0527778 0.271756
0 0.807292 0.368056 0.009375 0.037963 0.29032
0 0.716146 0.360648 0.0104167 0.0490741 0.340945
0 0.0520833 0.444444 0.0104167 0.0444444 0.380389
0 0.298958 0.397222 0.009375 0.0407407 0.380398
0 0.136979 0.428704 0.00729167 0.0296296 0.390207
0 0.0611979 0.444907 0.00885417 0.0416667 0.432059
0 0.452083 0.380093 0.0104167 0.0472222 0.432908
0 0.529427 0.396296 0.0109375 0.0518519 0.446781
0 0.201302 0.423148 0.0151042 0.0518519 0.455528
0 0.702865 0.363889 0.00885417 0.0444444 0.477545
0 0.0825521 0.447685 0.0140625 0.0564815 0.479709
0 0.0739583 0.450926 0.00833333 0.0518519 0.489217
0 0.788021 0.362963 0.00833333 0.0555556 0.497351
0 0.641146 0.364815 0.00833333 0.0407407 0.523571
0 0.539583 0.387963 0.0114583 0.0444444 0.542727
0 0.194531 0.423148 0.0130208 0.0537037 0.612409
0 0.624219 0.364352 0.00885417 0.0398148 0.621977
0 0.0273438 0.464352 0.0151042 0.0675926 0.63355
0 0.213542 0.422222 0.0125 0.0481481 0.64521
0 0.727083 0.387963 0.015625 0.0685185 0.728565
0 0.947396 0.36713 0.0104167 0.0638889 0.752413
0 0.832292 0.381019 0.0125 0.0287037 0.769756
0 0.679167 0.391667 0.0177083 0.0574074 0.836514
0 0.521354 0.419907 0.0177083 0.0842593 0.855519
0 0.308073 0.443519 0.0140625 0.087037 0.865587
0 0.410677 0.405556 0.0151042 0.105556 0.875212
0 0.485677 0.422222 0.0244792 0.0814815 0.882829
0 0.132812 0.49537 0.0302083 0.118519 0.915606
0 0.983333 0.427778 0.0322917 0.218519 0.917871
0 0.560938 0.418981 0.0322917 0.0842593 0.926415
