0 0.59349 0.363426 0.0078125 0.0398148 0.11676
0 0.995833 0.355556 0.00729167 0.0166667 0.119082
0 0.327604 0.392593 0.00833333 0.0481481 0.122659
0 0.301823 0.391204 0.00572917 0.0416667 0.128479
38 0.910677 0.406019 0.0119792 0.0212963 0.132953
0 0.266927 0.393056 0.0078125 0.0305556 0.158662
0 0.334635 0.384722 0.00677083 0.0342593 0.178623
0 0.284635 0.384722 0.00572917 0.0194444 0.210678
0 0.37474 0.385648 0.00885417 0.0398148 0.211297
0 0.617448 0.360185 0.0119792 0.0444444 0.220024
36 0.117188 0.543519 0.0197917 0.012963 0.22625
0 0.320573 0.39213 0.00885417 0.0509259 0.226892
0 0.666927 0.361574 0.00885417 0.0472222 0.279875
0 0.19375 0.32963 0.00625 0.0240741 0.291066
0 0.68776 0.360185 0.0109375 0.0518519 0.305932
0 0.642448 0.361574 0.00989583 0.0416667 0.329334
0 0.359375 0.388426 0.009375 0.0416667 0.329915
0 0.395833 0.373611 0.00625 0.0342593 0.331022
0 0.726042 0.359259 0.009375 0.0537037 0.342027
0 0.365885 0.385185 0.00989583 0.0425926 0.365564
0 0.770833 0.375926 0.0104167 0.0296296 0.38515
0 0.119531 0.427315 0.00885417 0.0435185 0.389503
0 0.0638021 0.35 0.00677083 0.0277778 0.404189
0 0.581771 0.363426 0.00833333 0.0398148 0.428848
0 0.95625 0.368519 0.00833333 0.0555556 0.471927
0 0.880729 0.360185 0.0104167 0.0574074 0.474629
0 0.251042 0.40787 0.0104167 0.0453704 0.498149
0 0.674219 0.37037 0.00989583 0.0444444 0.500409
0 0.65599 0.358796 0.00989583 0.0509259 0.503531
0 0.348698 0.392593 0.0109375 0.0425926 0.544636
0 0.564583 0.3625 0.00833333 0.0416667 0.549768
0 0.235938 0.411111 0.009375 0.0444444 0.579893
0 0.20599 0.406481 0.00885417 0.0333333 0.581779
0 0.555208 0.384259 0.00833333 0.0444444 0.640596
0 0.0651042 0.445833 0.0135417 0.0527778 0.674984
0 0.759635 0.381944 0.0140625 0.0601852 0.707961
0 0.1875 0.413889 0.0125 0.0481481 0.717359
0 0.533594 0.37963 0.0130208 0.0462963 0.722603
0 0.717969 0.386574 0.0130208 0.062037 0.722811
0 0.62526 0.380556 0.0161458 0.05 0.744046
0 0.697135 0.393056 0.0151042 0.0731481 0.802811
0 0.738802 0.39537 0.0182292 0.0759259 0.807636
32 0.811979 0.401389 0.00625 0.012037 0.832928
0 0.113021 0.487037 0.0239583 0.125926 0.839199
0 0.502344 0.387037 0.0265625 0.0907407 0.877412
0 0.92526 0.414352 0.0338542 0.199074 0.879809
0 0.291146 0.458333 0.0322917 0.122222 0.910681
