0 0.276823 0.398148 0.0078125 0.0333333 0.100822
0 0.4375 0.377778 0.00729167 0.0407407 0.101003
0 0.339583 0.383333 0.00625 0.0185185 0.10458
0 0.691667 0.365741 0.00833333 0.0407407 0.107897
0 0.333594 0.395833 0.00885417 0.0453704 0.1091
0 0.523958 0.364815 0.00729167 0.0333333 0.12003
0 0.323177 0.385185 0.0078125 0.0222222 0.127426
0 0.654167 0.365741 0.00729167 0.037037 0.140135
0 0.485417 0.376389 0.009375 0.0416667 0.142846
0 0.471615 0.379167 0.00885417 0.0416667 0.151209
0 0.43125 0.377315 0.00729167 0.0324074 0.166703
0 0.130208 0.343981 0.00625 0.025 0.17242
0 0.782812 0.364815 0.00729167 0.0462963 0.174195
0 0.257031 0.402778 0.0078125 0.0388889 0.210217
0 0.740104 0.365741 0.009375 0.0481481 0.215275
0 0.776563 0.367593 0.00833333 0.0444444 0.227692
0 0.633333 0.379167 0.00625 0.0157407 0.233771
0 0.749479 0.364815 0.0104167 0.0537037 0.271803
0 0.301302 0.397222 0.00677083 0.0407407 0.284425
0 0.0546875 0.443981 0.0104167 0.0435185 0.298287
0 0.807292 0.36713 0.00833333 0.0416667 0.319556
0 0.717188 0.361574 0.0104167 0.0490741 0.352282
0 0.454427 0.380093 0.0109375 0.0453704 0.366539
0 0.703385 0.364352 0.00989583 0.0435185 0.385609
0 0.0625 0.444444 0.009375 0.0425926 0.444637
0 0.0752604 0.45 0.00885417 0.0537037 0.449505
0 0.641927 0.365278 0.0078125 0.0416667 0.465973
0 0.19974 0.423611 0.0140625 0.0509259 0.495769
0 0.538021 0.386111 0.009375 0.0518519 0.575645
0 0.625521 0.365741 0.00833333 0.0388889 0.579606
0 0.788802 0.363426 0.00885417 0.0527778 0.595625
0 0.0046875 0.468981 0.009375 0.0398148 0.599445
0 0.530469 0.395833 0.00989583 0.0509259 0.607144
0 0.0846354 0.446759 0.0130208 0.0583333 0.607684
0 0.192448 0.423148 0.0119792 0.0555556 0.614614
0 0.2125 0.423148 0.0114583 0.0481481 0.688246
0 0.0302083 0.464815 0.0197917 0.0666667 0.735337
0 0.832812 0.380556 0.0125 0.0296296 0.763955
0 0.948177 0.366667 0.00989583 0.062963 0.766526
0 0.729688 0.387037 0.0166667 0.0722222 0.779907
0 0.679427 0.390741 0.0151042 0.0611111 0.82056
0 0.521875 0.422685 0.01875 0.0824074 0.862426
0 0.410937 0.406481 0.015625 0.107407 0.879518
0 0.310677 0.443519 0.0161458 0.0851852 0.887033
0 0.567448 0.422222 0.0276042 0.0814815 0.905562
0 0.478906 0.426852 0.0244792 0.087037 0.913635
0 0.984115 0.427778 0.0317708 0.218519 0.919939
0 0.133073 0.497222 0.0317708 0.118519 0.921435
