0 0.876042 0.373611 0.00833333 0.0509259 0.103165
0 0.0726563 0.446759 0.0078125 0.0453704 0.107019
0 0.130469 0.439815 0.00677083 0.0388889 0.110023
0 0.345573 0.323611 0.00572917 0.025 0.116568
0 0.420573 0.389352 0.00885417 0.037963 0.126388
0 0.766927 0.362037 0.0130208 0.0314815 0.146619
0 0.779167 0.373148 0.009375 0.0425926 0.161448
0 0.721354 0.384259 0.00625 0.0166667 0.164379
0 0.870052 0.376852 0.0078125 0.0462963 0.174005
0 0.395573 0.405556 0.0109375 0.0351852 0.188579
0 0.830469 0.374537 0.00885417 0.0490741 0.212775
0 0.59349 0.376852 0.00885417 0.0425926 0.220116
0 0.578646 0.375463 0.0104167 0.037963 0.220409
0 0.14375 0.431019 0.00729167 0.0361111 0.241651
0 0.730469 0.366667 0.0078125 0.0351852 0.257405
0 0.35599 0.450926 0.0192708 0.0944444 0.260094
0 0.79375 0.371296 0.009375 0.0444444 0.293497
0 0.123698 0.445833 0.0078125 0.0435185 0.295217
0 0.527865 0.39537 0.0140625 0.0314815 0.299265
0 0.0046875 0.476852 0.009375 0.0388889 0.303264
0 0.184635 0.436111 0.00885417 0.0462963 0.303791
0 0.601562 0.376852 0.00833333 0.0388889 0.307669
0 0.170833 0.43287 0.00833333 0.0453704 0.309811
0 0.630729 0.365741 0.00625 0.0314815 0.314463
0 0.0778646 0.448148 0.00885417 0.0462963 0.324834
0 0.177344 0.437037 0.00885417 0.0462963 0.32902
0 0.842448 0.373611 0.00989583 0.0546296 0.347123
0 0.266406 0.420833 0.0109375 0.0490741 0.368002
0 0.560938 0.378704 0.0114583 0.0444444 0.369058
0 0.644531 0.368981 0.0109375 0.0435185 0.398198
0 0.901563 0.376389 0.0104167 0.0453704 0.410882
0 0.259115 0.417593 0.0078125 0.0518519 0.418919
0 0.807292 0.369444 0.0104167 0.0518519 0.428981
0 0.244792 0.425463 0.0104167 0.0472222 0.463746
0 0.450521 0.389352 0.009375 0.0416667 0.465941
0 0.813802 0.382407 0.0140625 0.0444444 0.467514
0 0.215365 0.42037 0.0078125 0.0407407 0.480316
0 0.193229 0.423148 0.0114583 0.0425926 0.490216
0 0.492448 0.3875 0.0109375 0.0398148 0.492991
0 0.882031 0.372685 0.00885417 0.0583333 0.50029
0 0.713542 0.37037 0.00833333 0.0444444 0.569158
0 0.0346354 0.458333 0.0119792 0.0481481 0.582985
0 0.163021 0.438889 0.0135417 0.0611111 0.608978
0 0.927344 0.393519 0.0130208 0.0296296 0.653472
32 0.539583 0.463889 0.009375 0.0166667 0.798422
0 0.52526 0.434259 0.0244792 0.0759259 0.800935
0 0.764323 0.406019 0.0151042 0.0824074 0.865012
0 0.439063 0.414352 0.0229167 0.108333 0.870828
0 0.344271 0.462963 0.0447917 0.112963 0.894107
0 0.73099 0.409259 0.0192708 0.0722222 0.894702
0 0.0885417 0.504167 0.0270833 0.115741 0.90048
0 0.578646 0.42037 0.0395833 0.0851852 0.937389
