0 0.566146 0.365278 0.00729167 0.0324074 0.101016
24 0.559635 0.416204 0.0109375 0.0287037 0.107064
0 0.476562 0.377315 0.00729167 0.0305556 0.110679
0 0.686198 0.368056 0.00677083 0.037963 0.119343
0 0.690885 0.366204 0.00677083 0.0342593 0.12787
0 0.749219 0.364352 0.0109375 0.0490741 0.170017
0 0.841406 0.370833 0.00989583 0.0435185 0.176279
0 0.0765625 0.433796 0.00833333 0.025 0.182415
13 0.00364583 0.476389 0.00729167 0.0157407 0.185757
0 0.816146 0.368981 0.00833333 0.0472222 0.186258
35 0.576302 0.459722 0.0140625 0.0231481 0.189793
0 0.289323 0.325463 0.00572917 0.0268519 0.191832
0 0.782552 0.368519 0.00989583 0.0537037 0.193471
0 0.772135 0.368981 0.00989583 0.0490741 0.2063
28 0.419792 0.463426 0.0197917 0.0175926 0.208297
0 0.164844 0.341667 0.00572917 0.0259259 0.210101
0 0.810156 0.371296 0.00677083 0.0462963 0.213545
0 0.709896 0.364352 0.0114583 0.0416667 0.214214
0 0.665104 0.381944 0.00625 0.0157407 0.253048
0 0.517187 0.381019 0.009375 0.0416667 0.262969
0 0.359896 0.390278 0.009375 0.0342593 0.274674
0 0.0822917 0.463889 0.0114583 0.0388889 0.282414
0 0.05625 0.448148 0.00729167 0.0407407 0.292372
0 0.084375 0.437963 0.0104167 0.0388889 0.293166
0 0.496354 0.37963 0.009375 0.0462963 0.301416
0 0.457292 0.384259 0.00833333 0.0407407 0.323589
0 0.14375 0.431944 0.00729167 0.0305556 0.350745
0 0.0289063 0.455556 0.0140625 0.0407407 0.377098
0 0.119531 0.444444 0.00885417 0.05 0.383603
0 0.959896 0.372222 0.0114583 0.0518519 0.393533
0 0.0963542 0.435185 0.009375 0.0351852 0.415205
0 0.822917 0.367593 0.00833333 0.0537037 0.440631
0 0.38125 0.391204 0.00833333 0.0398148 0.445727
0 0.757031 0.377778 0.0151042 0.0425926 0.462803
0 0.522917 0.396296 0.0145833 0.0462963 0.473885
0 0.674219 0.368056 0.00885417 0.0435185 0.497156
0 0.114063 0.443981 0.00729167 0.0490741 0.502356
0 0.40625 0.391204 0.009375 0.0453704 0.507505
0 0.532812 0.4 0.015625 0.05 0.61479
0 0.05 0.458796 0.00833333 0.0435185 0.646901
0 0.866927 0.386574 0.0130208 0.0287037 0.679826
0 0.192188 0.419907 0.00729167 0.0398148 0.68536
0 0.657812 0.36713 0.00833333 0.0416667 0.699912
0 0.208073 0.428241 0.0130208 0.0472222 0.700958
0 0.1625 0.429167 0.0145833 0.0490741 0.702358
0 0.984115 0.371296 0.0109375 0.062963 0.708221
0 0.417969 0.406481 0.0130208 0.1 0.72858
0 0.227083 0.423148 0.0135417 0.0481481 0.736469
0 0.566406 0.425926 0.0223958 0.087037 0.768983
0 0.429167 0.437037 0.0197917 0.0981481 0.787835
0 0.696094 0.402315 0.0182292 0.0564815 0.831833
0 0.733854 0.397685 0.0197917 0.0694444 0.860047
0 0.591667 0.418981 0.0375 0.0898148 0.878574
0 0.357031 0.444444 0.0213542 0.0907407 0.885594
0 0.0976562 0.501389 0.0234375 0.117593 0.903935
