0 0.0046875 0.449074 0.009375 0.0240741 0.105362
0 0.654427 0.364815 0.00572917 0.0388889 0.10821
0 0.0252604 0.455556 0.00989583 0.0407407 0.110493
0 0.660677 0.363889 0.00677083 0.0388889 0.114959
0 0.479427 0.379167 0.00885417 0.0398148 0.118386
0 0.334115 0.387963 0.00885417 0.0296296 0.125799
0 0.790625 0.363426 0.00833333 0.0472222 0.127849
0 0.445312 0.382407 0.00729167 0.0444444 0.136726
0 0.317448 0.396759 0.00885417 0.0361111 0.14847
0 0.46901 0.380093 0.0078125 0.037963 0.149224
0 0.747396 0.363889 0.009375 0.0481481 0.151741
0 0.507031 0.366204 0.00677083 0.0324074 0.159119
0 0.697656 0.363889 0.00989583 0.0407407 0.160846
0 0.277604 0.406019 0.009375 0.0490741 0.167809
0 0.784115 0.365278 0.0078125 0.0472222 0.16968
0 0.590885 0.361574 0.00572917 0.0324074 0.172591
0 0.684896 0.361111 0.0104167 0.0425926 0.177746
0 0.676042 0.362963 0.00729167 0.0444444 0.182705
0 0.640104 0.377315 0.00625 0.0157407 0.192701
0 0.384635 0.3875 0.00885417 0.037963 0.208985
0 0.263802 0.325463 0.00572917 0.025 0.210419
0 0.757292 0.362963 0.0104167 0.0537037 0.221962
0 0.265104 0.40463 0.00729167 0.0425926 0.227511
0 0.372917 0.396759 0.00833333 0.0398148 0.238298
0 0.929688 0.378704 0.00520833 0.0296296 0.247889
0 0.166146 0.340741 0.00729167 0.037037 0.250853
0 0.408333 0.37963 0.00625 0.0314815 0.261278
0 0.272135 0.408796 0.00885417 0.0490741 0.268555
0 0.648438 0.363426 0.00833333 0.0398148 0.269483
0 0.0299479 0.45 0.00885417 0.0425926 0.335498
0 0.733333 0.370833 0.009375 0.0453704 0.342607
0 0.435156 0.381944 0.0109375 0.0490741 0.359639
0 0.815365 0.365741 0.0109375 0.0425926 0.371611
0 0.710677 0.361574 0.00885417 0.0435185 0.376049
0 0.796354 0.361574 0.00833333 0.0527778 0.37741
0 0.498437 0.37037 0.009375 0.0407407 0.380989
0 0.309375 0.397685 0.009375 0.0435185 0.411492
0 0.723958 0.359722 0.0104167 0.0490741 0.416791
0 0.580729 0.382407 0.009375 0.0407407 0.420613
0 0.13776 0.343519 0.00572917 0.0259259 0.432825
36 0.139323 0.541667 0.0255208 0.0148148 0.485507
0 0.00572917 0.462037 0.0114583 0.0518519 0.492586
0 0.0494792 0.449074 0.0104167 0.0388889 0.516332
0 0.0856771 0.450926 0.00989583 0.0481481 0.566951
0 0.0817708 0.450926 0.0125 0.05 0.57885
0 0.740885 0.385185 0.0161458 0.05 0.582091
0 0.63151 0.362963 0.00885417 0.0425926 0.625989
0 0.257031 0.414352 0.0119792 0.0490741 0.632744
0 0.840104 0.380093 0.0135417 0.0287037 0.682449
0 0.688281 0.384259 0.0140625 0.0481481 0.715627
0 0.528385 0.405093 0.0151042 0.0657407 0.728528
0 0.542708 0.408796 0.0291667 0.075 0.761247
0 0.455208 0.398611 0.0145833 0.0990741 0.794485
0 0.95599 0.364815 0.0109375 0.0592593 0.796032
0 0.570573 0.393056 0.0130208 0.0712963 0.80402
0 0.321354 0.438889 0.0177083 0.0759259 0.818596
32 0.545052 0.442593 0.00989583 0.012963 0.837065
0 0.134635 0.488889 0.0223958 0.12037 0.887715
0 0.988542 0.426852 0.0229167 0.216667 0.922989
