0 0.691146 0.366667 0.00833333 0.0388889 0.102997
0 0.619531 0.361574 0.00677083 0.0361111 0.105577
35 0.538281 0.407407 0.0078125 0.0148148 0.108129
0 0.878646 0.374537 0.00625 0.0287037 0.11931
0 0.213021 0.406019 0.009375 0.0398148 0.12494
0 0.934115 0.376852 0.0078125 0.0277778 0.133335
0 0.650781 0.3625 0.00885417 0.0416667 0.138266
0 0.742708 0.360648 0.00833333 0.0490741 0.154414
0 0.627604 0.35787 0.00729167 0.0342593 0.154474
0 0.933594 0.360185 0.0078125 0.0425926 0.154623
0 0.614583 0.362037 0.00729167 0.037037 0.204957
0 0.985937 0.359722 0.00833333 0.0361111 0.224016
0 0.351302 0.3875 0.00885417 0.0490741 0.224893
0 0.339323 0.392593 0.0078125 0.0444444 0.23081
0 0.933333 0.35 0.00625 0.0203704 0.232311
0 0.698958 0.363426 0.0104167 0.0453704 0.2327
0 0.735417 0.362037 0.009375 0.0444444 0.250599
0 0.236979 0.402778 0.009375 0.037037 0.266844
0 0.63724 0.360185 0.0119792 0.0425926 0.273955
0 0.376302 0.386111 0.0078125 0.0425926 0.275736
0 0.285417 0.394907 0.0104167 0.0361111 0.289394
0 0.415885 0.381019 0.00885417 0.0416667 0.291733
0 0.766406 0.363426 0.00989583 0.0398148 0.295781
0 0.478385 0.366667 0.00677083 0.0277778 0.30715
0 0.36849 0.385648 0.00989583 0.0472222 0.312519
0 0.310677 0.393981 0.0109375 0.0453704 0.315358
0 0.663281 0.361111 0.00885417 0.0425926 0.33067
0 0.602344 0.362037 0.0078125 0.0388889 0.346959
0 0.215365 0.328241 0.00572917 0.025 0.35344
0 0.347656 0.39213 0.0119792 0.0472222 0.362285
0 0.676562 0.358796 0.009375 0.0490741 0.377405
0 0.428125 0.375 0.0104167 0.0444444 0.390177
0 0.0867188 0.348611 0.00677083 0.0268519 0.392312
0 0.163802 0.421296 0.00885417 0.0462963 0.402585
0 0.980208 0.371759 0.00833333 0.0509259 0.409439
0 0.541146 0.388426 0.0114583 0.0527778 0.412419
0 0.903646 0.360185 0.009375 0.0574074 0.434347
0 0.405469 0.383333 0.00989583 0.0425926 0.440871
0 0.747917 0.358333 0.00833333 0.0537037 0.441658
0 0.0208333 0.462963 0.0114583 0.0481481 0.447592
0 0.584896 0.3625 0.009375 0.0435185 0.477243
0 0.246354 0.404167 0.0104167 0.0416667 0.565282
0 0.185937 0.414815 0.00729167 0.0425926 0.572357
0 0.68776 0.3875 0.0140625 0.0527778 0.640183
0 0.223438 0.416204 0.009375 0.0453704 0.672529
0 0.791406 0.376389 0.0119792 0.0287037 0.679053
0 0.7125 0.386111 0.0135417 0.062963 0.699469
0 0.593229 0.384259 0.015625 0.0555556 0.768737
0 0.545052 0.408796 0.0192708 0.0805556 0.841702
0 0.115625 0.488426 0.01875 0.121296 0.863888
32 0.649219 0.44537 0.00989583 0.0166667 0.86696
0 0.238802 0.453241 0.0171875 0.0990741 0.882887
0 0.452865 0.395833 0.0276042 0.0972222 0.889637
0 0.946094 0.41713 0.0338542 0.202778 0.900058
0 0.627083 0.415741 0.0302083 0.0907407 0.936214
