0 0.545573 0.380556 0.0078125 0.0425926 0.110242
0 0.74349 0.371296 0.0078125 0.0407407 0.110544
0 0.346875 0.324074 0.00520833 0.0259259 0.112992
13 0.0177083 0.451389 0.0354167 0.0564815 0.116274
0 0.223958 0.338426 0.00625 0.025 0.137748
0 0.551823 0.379167 0.00989583 0.0453704 0.154112
0 0.722135 0.384259 0.00572917 0.0166667 0.163905
0 0.421094 0.388889 0.0078125 0.0333333 0.175078
0 0.0789063 0.444907 0.00885417 0.0398148 0.194771
0 0.832292 0.374537 0.00833333 0.0490741 0.194848
0 0.779427 0.373148 0.00989583 0.0444444 0.197428
0 0.870833 0.376389 0.00729167 0.0472222 0.19878
36 0.43776 0.466204 0.0171875 0.00833333 0.206515
0 0.579167 0.376389 0.009375 0.0361111 0.210633
0 0.102344 0.443056 0.0109375 0.037963 0.222828
0 0.145052 0.431019 0.00677083 0.037963 0.22435
0 0.767969 0.366204 0.0130208 0.0398148 0.228005
0 0.395573 0.405093 0.00989583 0.037963 0.235962
0 0.173177 0.432407 0.00885417 0.0444444 0.249455
0 0.632031 0.36713 0.00677083 0.0324074 0.257553
0 0.561979 0.378704 0.0104167 0.0444444 0.276345
0 0.603125 0.375926 0.00729167 0.0388889 0.289145
0 0.794531 0.371296 0.00989583 0.0444444 0.291999
0 0.595573 0.375926 0.0078125 0.0407407 0.319953
0 0.902604 0.376389 0.0104167 0.0453704 0.340149
0 0.127083 0.446296 0.0114583 0.0444444 0.343829
0 0.186198 0.434722 0.00885417 0.0472222 0.396118
0 0.178646 0.436111 0.009375 0.0481481 0.401353
0 0.843229 0.373148 0.0104167 0.0574074 0.406378
0 0.882812 0.372685 0.009375 0.0583333 0.410563
0 0.264583 0.419444 0.0125 0.0518519 0.429096
0 0.814583 0.382407 0.0135417 0.0444444 0.433714
0 0.808073 0.369907 0.0109375 0.0527778 0.454595
36 0.0864583 0.555556 0.0208333 0.012963 0.464271
0 0.00598958 0.472685 0.0119792 0.0453704 0.488456
0 0.214844 0.419444 0.0078125 0.037037 0.517509
0 0.494271 0.386111 0.0125 0.0407407 0.530555
0 0.646354 0.369907 0.0135417 0.0435185 0.549633
0 0.0361979 0.459259 0.0130208 0.0537037 0.569995
0 0.714063 0.37037 0.00833333 0.0425926 0.573034
0 0.245052 0.425463 0.0109375 0.0472222 0.590447
0 0.451562 0.388889 0.009375 0.0388889 0.593255
0 0.195052 0.422685 0.0109375 0.0416667 0.608834
0 0.164062 0.437963 0.0135417 0.062963 0.64851
0 0.928385 0.393981 0.0130208 0.0305556 0.677736
0 0.33776 0.465278 0.0348958 0.106481 0.725426
32 0.538542 0.463889 0.009375 0.0166667 0.840398
0 0.523958 0.433796 0.0197917 0.075 0.859038
0 0.763021 0.406944 0.0177083 0.0805556 0.862381
0 0.73125 0.406481 0.0197917 0.0759259 0.869453
0 0.436198 0.413889 0.0182292 0.109259 0.880811
0 0.0859375 0.506019 0.0197917 0.110185 0.923434
0 0.579427 0.420833 0.0380208 0.0842593 0.954345
