36 0.127344 0.541667 0.0203125 0.012963 0.119818
0 0.753906 0.360648 0.0109375 0.037963 0.127782
0 0.253646 0.393981 0.00625 0.0212963 0.128537
0 0.690104 0.364815 0.00729167 0.0425926 0.130096
0 0.34349 0.391204 0.0078125 0.0435185 0.135957
0 0.677344 0.362963 0.0078125 0.0462963 0.153375
0 0.603385 0.362963 0.00677083 0.0388889 0.153711
0 0.638802 0.361574 0.00989583 0.0416667 0.158775
0 0.203906 0.328704 0.00572917 0.0240741 0.161159
0 0.217448 0.407407 0.00989583 0.0444444 0.204896
0 0.652604 0.360185 0.0104167 0.0425926 0.225945
0 0.315365 0.389352 0.0078125 0.0398148 0.231108
0 0.00182292 0.469444 0.00364583 0.0444444 0.255571
0 0.9 0.349074 0.00729167 0.0166667 0.25822
0 0.103906 0.343981 0.0078125 0.0416667 0.263965
0 0.265625 0.400926 0.00729167 0.037037 0.29413
0 0.354167 0.393056 0.0104167 0.0398148 0.335351
0 0.299479 0.39213 0.00833333 0.0324074 0.34565
0 0.334375 0.39213 0.0125 0.0490741 0.364907
0 0.665365 0.359722 0.00989583 0.0509259 0.375584
0 0.735417 0.358796 0.0104167 0.0546296 0.395822
0 0.409375 0.372222 0.00833333 0.0351852 0.409616
0 0.25651 0.409259 0.0109375 0.0444444 0.432023
0 0.371615 0.386111 0.00885417 0.0425926 0.455423
0 0.682813 0.369907 0.00833333 0.0416667 0.479051
0 0.779688 0.376389 0.0114583 0.0287037 0.492894
0 0.891406 0.361574 0.00989583 0.0583333 0.514351
0 0.591146 0.363426 0.00833333 0.0416667 0.525916
0 0.2 0.412037 0.0114583 0.0481481 0.536957
0 0.573958 0.362963 0.009375 0.0425926 0.563453
0 0.389323 0.382407 0.0119792 0.05 0.613293
0 0.242969 0.412037 0.0109375 0.0462963 0.61718
0 0.0742188 0.349074 0.00677083 0.0277778 0.646106
0 0.763021 0.379167 0.0239583 0.0694444 0.651236
0 0.538281 0.381019 0.0109375 0.0435185 0.65296
0 0.967969 0.375 0.00989583 0.0444444 0.655116
0 0.0851562 0.443056 0.0119792 0.0509259 0.677048
0 0.627865 0.376852 0.0130208 0.0537037 0.688747
0 0.560156 0.384259 0.0119792 0.0462963 0.729016
0 0.136979 0.424074 0.0135417 0.0444444 0.753074
0 0.697396 0.392593 0.0135417 0.0740741 0.762878
0 0.726302 0.388426 0.0130208 0.0583333 0.777147
32 0.803125 0.405556 0.00625 0.0111111 0.795858
0 0.501562 0.384722 0.0145833 0.0898148 0.850467
0 0.75 0.403241 0.021875 0.0675926 0.857761
0 0.123177 0.485185 0.0223958 0.125926 0.866798
0 0.934375 0.415278 0.034375 0.200926 0.882854
0 0.285937 0.45787 0.0208333 0.123148 0.893638
