0 0.659375 0.362037 0.00625 0.0388889 0.107882
0 0.751042 0.361574 0.0114583 0.0546296 0.119296
0 0.692187 0.361574 0.0104167 0.0416667 0.123539
0 0.635156 0.376852 0.00677083 0.0166667 0.129799
0 0.784635 0.3625 0.0078125 0.0490741 0.133009
0 0.33099 0.393519 0.00885417 0.0388889 0.140856
0 0.258073 0.325 0.00572917 0.0259259 0.145946
0 0.705469 0.361574 0.00989583 0.0398148 0.149481
0 0.0299479 0.453704 0.00989583 0.0444444 0.150038
0 0.679688 0.353241 0.0114583 0.0287037 0.151757
0 0.778906 0.364815 0.0078125 0.0444444 0.154913
0 0.655469 0.362037 0.0078125 0.0407407 0.179979
0 0.809896 0.363889 0.0104167 0.0425926 0.191536
0 0.48776 0.376852 0.00989583 0.0407407 0.198453
0 0.71849 0.346759 0.00989583 0.025 0.199846
0 0.477865 0.376389 0.00989583 0.0416667 0.201091
0 0.259375 0.402778 0.00729167 0.037037 0.208396
0 0.514844 0.366204 0.00989583 0.0416667 0.208884
0 0.315625 0.396296 0.009375 0.0407407 0.212044
0 0.324479 0.394907 0.00833333 0.0416667 0.222322
0 0.2875 0.398611 0.00625 0.0398148 0.223332
36 0.430208 0.450463 0.0135417 0.00833333 0.234318
0 0.0127604 0.478704 0.0151042 0.0425926 0.321567
0 0.461979 0.375926 0.009375 0.05 0.33307
0 0.445833 0.379167 0.0104167 0.0453704 0.346504
0 0.0494792 0.447685 0.00729167 0.0453704 0.386442
0 0.221615 0.421759 0.0078125 0.0435185 0.395662
0 0.400521 0.383796 0.00833333 0.0342593 0.397562
0 0.0565104 0.450926 0.00885417 0.0518519 0.405394
0 0.64375 0.362963 0.00833333 0.0444444 0.432746
0 0.210156 0.422685 0.0109375 0.0472222 0.452808
0 0.352344 0.398148 0.0109375 0.0444444 0.466925
0 0.791406 0.360648 0.0078125 0.0527778 0.49427
0 0.626823 0.362037 0.00885417 0.0407407 0.495327
0 0.72526 0.37037 0.00989583 0.0462963 0.495912
0 0.0385417 0.45 0.009375 0.0444444 0.498672
0 0.567187 0.383333 0.0114583 0.0444444 0.557905
0 0.229167 0.416204 0.0114583 0.0527778 0.625697
0 0.0729167 0.452315 0.009375 0.0509259 0.633698
0 0.5375 0.405093 0.0145833 0.0731481 0.641063
0 0.0867188 0.450463 0.0109375 0.0509259 0.708958
0 0.94974 0.363889 0.0109375 0.0592593 0.7093
32 0.525521 0.437037 0.00833333 0.012963 0.710613
0 0.548437 0.397222 0.01875 0.0685185 0.727802
0 0.680208 0.3875 0.0145833 0.0564815 0.732556
0 0.834635 0.378704 0.0130208 0.0296296 0.745968
0 0.709115 0.386574 0.0119792 0.0564815 0.763753
0 0.51849 0.406944 0.0213542 0.0731481 0.825928
0 0.428385 0.401852 0.0161458 0.101852 0.838678
0 0.308073 0.439352 0.0140625 0.0824074 0.876447
0 0.139062 0.493519 0.0229167 0.12037 0.888892
0 0.985417 0.425463 0.0291667 0.217593 0.91993
