0 0.678646 0.348148 0.0114583 0.0203704 0.104685
0 0.654688 0.363889 0.00729167 0.0388889 0.123867
0 0.691406 0.3625 0.00989583 0.0416667 0.140559
0 0.257552 0.401389 0.00677083 0.037963 0.151984
0 0.0291667 0.452315 0.0114583 0.0453704 0.155257
0 0.257031 0.325926 0.00572917 0.0259259 0.165433
0 0.516406 0.365278 0.00989583 0.037963 0.169682
0 0.466406 0.376852 0.0078125 0.0481481 0.197417
0 0.75026 0.3625 0.00989583 0.0527778 0.204982
0 0.15599 0.425 0.00885417 0.0296296 0.208239
0 0.783594 0.363889 0.0078125 0.0481481 0.210587
0 0.489583 0.376389 0.00833333 0.0361111 0.211817
0 0.0388021 0.438426 0.00885417 0.0268519 0.219128
0 0.776823 0.365278 0.0078125 0.0453704 0.220756
0 0.703906 0.362037 0.00885417 0.0425926 0.221547
0 0.326302 0.398148 0.00885417 0.05 0.224872
0 0.130469 0.344444 0.00572917 0.0259259 0.232118
0 0.319271 0.398611 0.0104167 0.0490741 0.23647
0 0.716927 0.346759 0.00989583 0.025 0.239618
0 0.276823 0.397685 0.00677083 0.0361111 0.245239
0 0.740104 0.364815 0.00833333 0.0462963 0.24787
0 0.477604 0.375926 0.00729167 0.0407407 0.248125
0 0.463021 0.377315 0.00833333 0.0472222 0.293917
0 0.642448 0.363889 0.00885417 0.0425926 0.302236
0 0.217187 0.421759 0.009375 0.0472222 0.311323
0 0.808333 0.364352 0.0104167 0.0416667 0.352995
0 0.33125 0.4 0.009375 0.0462963 0.364152
0 0.221354 0.417593 0.0125 0.0537037 0.392166
0 0.447135 0.379167 0.0109375 0.0453704 0.461271
0 0.724219 0.370833 0.00989583 0.0453704 0.471946
0 0.789323 0.361574 0.00885417 0.0546296 0.518669
0 0.400521 0.383796 0.00729167 0.0342593 0.541199
0 0.290365 0.399537 0.0130208 0.0416667 0.543988
0 0.625 0.362963 0.00833333 0.0425926 0.547767
0 0.0169271 0.466204 0.0171875 0.0657407 0.563437
0 0.205729 0.423148 0.009375 0.0481481 0.573906
0 0.347917 0.399537 0.0125 0.0435185 0.605641
0 0.560677 0.383333 0.0119792 0.0444444 0.648411
0 0.0721354 0.452315 0.00989583 0.0509259 0.655686
0 0.0861979 0.450926 0.0119792 0.0481481 0.666968
0 0.948177 0.364815 0.0109375 0.062963 0.694198
0 0.833073 0.378704 0.0130208 0.0296296 0.702796
0 0.711458 0.386111 0.0125 0.0574074 0.710051
0 0.543229 0.401852 0.015625 0.0722222 0.748007
0 0.528906 0.403704 0.0182292 0.0814815 0.759727
0 0.0570313 0.449537 0.0151042 0.0546296 0.782837
0 0.515625 0.409722 0.028125 0.0694444 0.790792
0 0.680208 0.388426 0.0145833 0.0564815 0.804546
0 0.304948 0.439352 0.0151042 0.0861111 0.871551
0 0.423438 0.40463 0.0229167 0.103704 0.904708
0 0.136719 0.492593 0.0234375 0.122222 0.906711
0 0.984375 0.425463 0.03125 0.217593 0.918838
