0 0.947135 0.351852 0.0078125 0.0222222 0.106902
0 0.566927 0.376852 0.00572917 0.0148148 0.110121
36 0.110937 0.545833 0.0197917 0.012037 0.113164
0 0.972656 0.350926 0.00677083 0.0222222 0.120039
0 0.601823 0.361574 0.00677083 0.0416667 0.124381
0 0.997135 0.366667 0.00572917 0.0333333 0.155194
0 0.10599 0.429167 0.0078125 0.0435185 0.161469
0 0.586979 0.362963 0.00729167 0.0407407 0.177923
0 0.339063 0.383796 0.00729167 0.0342593 0.180246
0 0.84974 0.372685 0.00572917 0.025 0.181184
0 0.738021 0.3625 0.0104167 0.0453704 0.184506
0 0.788542 0.359259 0.009375 0.0462963 0.187419
0 0.260417 0.394444 0.00729167 0.0314815 0.226881
0 0.558073 0.355093 0.00885417 0.0268519 0.230379
0 0.1875 0.330556 0.00625 0.0259259 0.244491
0 0.542448 0.361111 0.0078125 0.0277778 0.258391
0 0.184375 0.413426 0.00729167 0.037963 0.265999
0 0.610937 0.359259 0.0114583 0.0444444 0.286597
0 0.364844 0.384722 0.0109375 0.0472222 0.297643
0 0.335156 0.383333 0.00572917 0.0351852 0.301038
0 0.291667 0.390741 0.0125 0.0407407 0.333733
0 0.755469 0.384722 0.0109375 0.0546296 0.369423
0 0.636719 0.360185 0.00885417 0.0425926 0.373553
0 0.660156 0.361574 0.00989583 0.0472222 0.381271
0 0.575781 0.363889 0.00885417 0.0407407 0.394168
0 0.68151 0.360185 0.0119792 0.0537037 0.40759
0 0.273438 0.394444 0.00625 0.0333333 0.421701
0 0.720052 0.357407 0.00989583 0.0518519 0.429698
0 0.764323 0.375926 0.0109375 0.0296296 0.433034
0 0.311719 0.393519 0.0130208 0.05 0.441682
0 0.385417 0.375463 0.009375 0.0342593 0.443747
0 0.64974 0.35787 0.00989583 0.0490741 0.44883
0 0.25026 0.408333 0.0130208 0.0481481 0.476061
0 0.174479 0.41713 0.0114583 0.0490741 0.476938
0 0.347917 0.387963 0.009375 0.0444444 0.493138
0 0.948698 0.368519 0.00989583 0.0518519 0.525399
0 0.199219 0.406481 0.00885417 0.0333333 0.555931
0 0.670313 0.368981 0.0104167 0.0453704 0.567162
0 0.988802 0.363426 0.00572917 0.037963 0.570646
0 0.0572917 0.350926 0.00625 0.0296296 0.598601
0 0.235938 0.411111 0.0114583 0.0444444 0.635989
0 0.710677 0.385185 0.0119792 0.0555556 0.646793
0 0.628906 0.375926 0.0119792 0.0555556 0.658804
0 0.55625 0.381481 0.0114583 0.0481481 0.665294
0 0.874219 0.358796 0.00989583 0.0564815 0.693209
0 0.534115 0.380093 0.0078125 0.0435185 0.702582
0 0.0460938 0.450926 0.0161458 0.0537037 0.706925
0 0.701042 0.389352 0.0125 0.0694444 0.775873
32 0.827865 0.401852 0.00677083 0.0111111 0.776827
0 0.74375 0.393056 0.028125 0.0768519 0.817703
0 0.107031 0.488426 0.0255208 0.126852 0.871021
0 0.506771 0.384259 0.0145833 0.0907407 0.876945
0 0.917448 0.413426 0.0359375 0.199074 0.900051
0 0.301302 0.459259 0.0380208 0.124074 0.926463
