0 0.688542 0.350463 0.0104167 0.0212963 0.101674
0 0.552604 0.416667 0.00833333 0.0444444 0.106298
0 0.178385 0.341667 0.00885417 0.0296296 0.119033
0 0.669792 0.362037 0.00729167 0.0388889 0.120154
0 0.330208 0.39537 0.00833333 0.0407407 0.127512
0 0.933594 0.377778 0.00572917 0.0277778 0.139464
0 0.33776 0.388426 0.00885417 0.0305556 0.147387
0 0.664583 0.362963 0.00729167 0.0388889 0.151393
0 0.622917 0.361574 0.00729167 0.0361111 0.161159
0 0.513021 0.369444 0.00625 0.0425926 0.164534
0 0.64349 0.377315 0.00572917 0.0157407 0.184528
0 0.420573 0.379167 0.00677083 0.0305556 0.18697
0 0.432031 0.38287 0.00885417 0.0472222 0.192872
0 0.324219 0.394444 0.0078125 0.0407407 0.196799
0 0.701302 0.363889 0.00885417 0.0425926 0.20222
0 0.00338542 0.462963 0.00677083 0.0481481 0.206186
0 0.489062 0.378241 0.009375 0.037963 0.224525
0 0.195052 0.41713 0.00677083 0.0287037 0.234534
0 0.518229 0.369907 0.009375 0.0416667 0.238237
0 0.611198 0.364815 0.0078125 0.0351852 0.23962
0 0.302083 0.402315 0.009375 0.0472222 0.254241
0 0.16901 0.340741 0.0078125 0.037037 0.264436
0 0.25651 0.402778 0.00572917 0.0388889 0.270545
0 0.727344 0.358333 0.00989583 0.0481481 0.272146
0 0.0591146 0.444444 0.00677083 0.037037 0.279592
0 0.31849 0.393056 0.00677083 0.0361111 0.284694
0 0.284896 0.399537 0.00833333 0.0416667 0.286028
0 0.479948 0.378704 0.00989583 0.0407407 0.286167
0 0.36901 0.396296 0.0078125 0.0444444 0.288285
0 0.713802 0.3625 0.00885417 0.0435185 0.288587
0 0.817708 0.365741 0.009375 0.0425926 0.309325
0 0.141146 0.342593 0.00625 0.0277778 0.394617
0 0.460677 0.378704 0.00989583 0.0444444 0.395552
0 0.399219 0.385185 0.00677083 0.0351852 0.399204
0 0.8 0.361111 0.00833333 0.0537037 0.406221
36 0.451823 0.445833 0.0161458 0.00833333 0.427013
0 0.652344 0.363426 0.00885417 0.0416667 0.509692
32 0.532812 0.437963 0.00729167 0.012963 0.536251
0 0.84349 0.380093 0.0130208 0.0305556 0.537367
0 0.735677 0.37037 0.0109375 0.0481481 0.543326
0 0.634896 0.3625 0.00833333 0.0435185 0.578491
0 0.0104167 0.468981 0.0125 0.062037 0.598556
0 0.0828125 0.451389 0.009375 0.0472222 0.602513
0 0.722396 0.383796 0.0104167 0.0527778 0.634585
0 0.247135 0.415741 0.0140625 0.05 0.652924
0 0.583333 0.38287 0.009375 0.0398148 0.66804
0 0.23151 0.42037 0.0119792 0.0481481 0.687077
0 0.0940104 0.447685 0.0109375 0.0527778 0.698176
0 0.543229 0.401389 0.0135417 0.0675926 0.75311
0 0.959375 0.366667 0.0114583 0.062963 0.753215
0 0.0367187 0.453241 0.0161458 0.0564815 0.764656
0 0.685677 0.384722 0.0151042 0.0527778 0.789906
0 0.449479 0.398611 0.0166667 0.0990741 0.808863
0 0.321354 0.436574 0.0114583 0.0787037 0.812785
0 0.5625 0.400926 0.0239583 0.0759259 0.835043
0 0.150521 0.492593 0.025 0.114815 0.898359
0 0.989844 0.428241 0.0203125 0.221296 0.902801
