0 0.103125 0.426389 0.00729167 0.025 0.107456
0 0.547917 0.370833 0.0104167 0.0453704 0.108321
0 0.0164062 0.458333 0.0130208 0.037037 0.124329
0 0.685417 0.36713 0.00729167 0.0361111 0.127239
0 0.560156 0.364352 0.00677083 0.0305556 0.129584
0 0.158854 0.342593 0.00625 0.0277778 0.137397
0 0.680469 0.367593 0.00677083 0.0388889 0.146036
0 0.810156 0.368056 0.00885417 0.0472222 0.165814
0 0.805208 0.37037 0.00729167 0.0462963 0.179339
0 0.835417 0.37037 0.009375 0.0425926 0.203902
0 0.470052 0.376852 0.00677083 0.0296296 0.204011
0 0.05 0.449537 0.00833333 0.0435185 0.218032
0 0.766146 0.368056 0.009375 0.0490741 0.219167
0 0.378385 0.39213 0.0078125 0.037963 0.21979
36 0.0958333 0.55463 0.0135417 0.0111111 0.229757
0 0.704687 0.364815 0.0114583 0.0444444 0.235437
0 0.0234375 0.456481 0.0114583 0.0407407 0.252061
0 0.659896 0.381944 0.00625 0.0157407 0.287113
0 0.74401 0.363426 0.00989583 0.0490741 0.297712
0 0.511979 0.381019 0.0114583 0.0416667 0.308887
0 0.354948 0.398148 0.00885417 0.05 0.334211
0 0.113802 0.445833 0.00885417 0.0472222 0.338925
0 0.776823 0.368519 0.0109375 0.0537037 0.343849
0 0.490625 0.37963 0.0104167 0.0462963 0.369854
0 0.375 0.391667 0.00729167 0.0388889 0.410918
0 0.0768229 0.450926 0.0109375 0.0648148 0.432937
0 0.0908854 0.436574 0.00885417 0.0361111 0.436994
0 0.521094 0.394444 0.0161458 0.0481481 0.437131
0 0.952865 0.372222 0.0109375 0.05 0.439558
0 0.66875 0.36713 0.00833333 0.0435185 0.441293
0 0.139583 0.431944 0.00729167 0.0305556 0.446872
0 0.0432292 0.458796 0.00729167 0.0435185 0.471991
0 0.108594 0.44537 0.0078125 0.0481481 0.479688
0 0.817187 0.366667 0.00833333 0.0537037 0.486329
0 0.752083 0.376852 0.0145833 0.0425926 0.510741
0 0.4 0.39213 0.0114583 0.0490741 0.531627
0 0.188021 0.419907 0.009375 0.0398148 0.592184
0 0.652344 0.367593 0.0078125 0.0407407 0.672872
32 0.569531 0.463889 0.00989583 0.0166667 0.680552
0 0.532031 0.400463 0.0130208 0.0509259 0.711337
0 0.860937 0.385648 0.0125 0.0305556 0.716009
0 0.204688 0.427778 0.0145833 0.0462963 0.733126
0 0.223438 0.422685 0.0125 0.0490741 0.756353
0 0.153125 0.430556 0.0114583 0.0481481 0.761841
0 0.978125 0.370833 0.0114583 0.062037 0.790062
0 0.416927 0.412037 0.0171875 0.107407 0.810753
0 0.733073 0.39537 0.0151042 0.0722222 0.830625
0 0.430208 0.435648 0.0135417 0.100926 0.840605
0 0.564062 0.425926 0.0239583 0.0888889 0.846399
0 0.694531 0.4 0.0192708 0.0592593 0.879605
0 0.591667 0.421296 0.034375 0.0888889 0.89589
0 0.35026 0.443519 0.0255208 0.0944444 0.896796
0 0.0979167 0.501852 0.0229167 0.114815 0.902247
