0 0.268229 0.393056 0.00833333 0.0305556 0.106639
0 0.257812 0.404167 0.00833333 0.0398148 0.122336
0 0.596094 0.363426 0.0078125 0.037963 0.14079
0 0.883073 0.344444 0.00989583 0.0240741 0.143538
38 0.91276 0.406019 0.0119792 0.0231481 0.149414
0 0.323177 0.392593 0.00885417 0.05 0.159126
0 0.669531 0.360648 0.00885417 0.0453704 0.171204
0 0.288021 0.386111 0.00625 0.0203704 0.211029
0 0.334375 0.391204 0.00833333 0.0472222 0.219109
0 0.882812 0.359259 0.009375 0.0574074 0.241006
0 0.379687 0.386111 0.00729167 0.0388889 0.249971
0 0.644792 0.3625 0.009375 0.0435185 0.259801
0 0.201042 0.412963 0.00833333 0.0462963 0.276813
0 0.304427 0.389352 0.00677083 0.0398148 0.309193
0 0.361979 0.388426 0.00833333 0.0416667 0.317648
0 0.728385 0.358796 0.00989583 0.0527778 0.318101
0 0.61849 0.359722 0.0130208 0.0453704 0.319143
0 0.689323 0.359722 0.0109375 0.0527778 0.340107
0 0.0661458 0.349537 0.00625 0.0287037 0.38571
0 0.251563 0.408333 0.009375 0.0444444 0.39077
0 0.658333 0.359259 0.0104167 0.05 0.403636
0 0.371354 0.384722 0.009375 0.0435185 0.406572
0 0.584115 0.362963 0.00885417 0.0425926 0.406948
0 0.772396 0.376389 0.0114583 0.0287037 0.418801
0 0.959115 0.369444 0.00885417 0.0537037 0.426609
0 0.676042 0.369907 0.009375 0.0435185 0.44085
0 0.398958 0.373611 0.00729167 0.0342593 0.451356
0 0.350521 0.393056 0.0114583 0.0416667 0.455351
0 0.566927 0.362963 0.00885417 0.0407407 0.458173
0 0.208594 0.406019 0.00885417 0.0342593 0.496891
0 0.55651 0.383796 0.0078125 0.0453704 0.543999
0 0.236979 0.411111 0.009375 0.0444444 0.545776
0 0.124219 0.426852 0.00885417 0.0444444 0.622705
0 0.626042 0.380093 0.0135417 0.0509259 0.657078
0 0.761458 0.382407 0.0145833 0.0592593 0.692669
0 0.190104 0.414352 0.0104167 0.0453704 0.721378
0 0.720312 0.3875 0.0114583 0.0601852 0.72339
0 0.533854 0.380093 0.009375 0.0453704 0.740686
0 0.696354 0.39213 0.0145833 0.0768519 0.770897
0 0.0705729 0.444444 0.0151042 0.0537037 0.794055
32 0.809635 0.4 0.00677083 0.012963 0.82196
0 0.740365 0.397685 0.0192708 0.075 0.838374
0 0.115104 0.4875 0.0229167 0.126852 0.84003
0 0.503646 0.386111 0.025 0.0907407 0.876396
0 0.927604 0.414352 0.0333333 0.199074 0.887385
0 0.292188 0.458796 0.0322917 0.123148 0.898875
