0 0.14375 0.341204 0.0104167 0.0324074 0.109028
0 0.752865 0.3625 0.0078125 0.0416667 0.109671
35 0.103125 0.500463 0.00833333 0.0157407 0.114666
0 0.229167 0.409722 0.00729167 0.037963 0.115064
0 0.383073 0.384259 0.00885417 0.0481481 0.115562
0 0.233594 0.327315 0.00572917 0.025 0.11923
0 0.632812 0.364352 0.00729167 0.037963 0.122527
0 0.646354 0.3625 0.00833333 0.0435185 0.140981
0 0.304427 0.389815 0.00989583 0.0314815 0.148107
0 0.277865 0.399074 0.00885417 0.037037 0.157564
0 0.36875 0.381481 0.0125 0.037037 0.160094
0 0.866406 0.3625 0.00989583 0.0453704 0.160644
0 0.514063 0.364815 0.00520833 0.0296296 0.165372
0 0.610937 0.376852 0.00520833 0.0148148 0.201392
0 0.655469 0.360185 0.0119792 0.0444444 0.226191
29 0.952604 0.410185 0.0125 0.0222222 0.246859
0 0.135417 0.343981 0.00729167 0.0361111 0.278767
0 0.535677 0.36713 0.0078125 0.0398148 0.292994
36 0.108854 0.546759 0.0260417 0.0138889 0.294358
0 0.784896 0.364352 0.0104167 0.0416667 0.295606
0 0.471094 0.368056 0.00677083 0.0324074 0.297731
0 0.897917 0.375926 0.00625 0.0277778 0.298728
0 0.397917 0.383796 0.0104167 0.0472222 0.33486
0 0.35026 0.394907 0.0151042 0.0453704 0.341529
0 0.216927 0.414352 0.0078125 0.0490741 0.35511
0 0.619792 0.363426 0.00833333 0.0435185 0.355693
0 0.68099 0.361574 0.00885417 0.0435185 0.363389
0 0.460417 0.371296 0.009375 0.0388889 0.371903
0 0.408073 0.385648 0.00989583 0.0416667 0.374821
37 0.108854 0.546759 0.0260417 0.0138889 0.397815
0 0.271094 0.397685 0.0078125 0.0416667 0.41805
38 0.952083 0.410185 0.0125 0.0222222 0.42822
0 0.765885 0.360185 0.0078125 0.0537037 0.451507
0 0.223698 0.416204 0.0109375 0.0509259 0.458591
0 0.0125 0.453704 0.009375 0.0425926 0.459677
0 0.707552 0.371759 0.00989583 0.0435185 0.462297
0 0.694531 0.359259 0.00989583 0.0481481 0.487806
0 0.10599 0.344907 0.00572917 0.0268519 0.540221
0 0.520573 0.393056 0.0109375 0.0527778 0.590077
0 0.602344 0.3625 0.00885417 0.0416667 0.617333
0 0.240104 0.415278 0.0125 0.0453704 0.623115
0 0.04375 0.457407 0.009375 0.0481481 0.633858
0 0.0515625 0.456019 0.0114583 0.0490741 0.638064
0 0.557813 0.392593 0.0145833 0.062963 0.695083
0 0.923698 0.362037 0.0109375 0.0574074 0.697899
0 0.809635 0.378241 0.0119792 0.0287037 0.703975
0 0.674219 0.38287 0.0140625 0.0490741 0.725897
0 0.720833 0.384259 0.0125 0.0574074 0.752434
0 0.43776 0.398148 0.0223958 0.1 0.816283
0 0.508333 0.406481 0.01875 0.0685185 0.829602
0 0.275521 0.446296 0.015625 0.0814815 0.848725
0 0.539062 0.41713 0.0291667 0.0916667 0.849181
0 0.104687 0.490741 0.021875 0.118519 0.885148
32 0.560417 0.450463 0.009375 0.0157407 0.900497
0 0.964844 0.422685 0.0359375 0.210185 0.9075
