0 0.619531 0.361111 0.00677083 0.037037 0.136404
0 0.2125 0.406019 0.00833333 0.037963 0.148085
0 0.878646 0.375 0.00625 0.0277778 0.165884
0 0.651042 0.3625 0.009375 0.0416667 0.167271
0 0.742448 0.360648 0.0078125 0.0490741 0.169095
0 0.932552 0.361574 0.0078125 0.0453704 0.173961
0 0.238021 0.405093 0.009375 0.0416667 0.181961
0 0.735156 0.3625 0.00885417 0.0453704 0.199594
0 0.698438 0.363426 0.0104167 0.0472222 0.200006
0 0.627865 0.360648 0.0078125 0.0398148 0.211579
0 0.28724 0.393056 0.00885417 0.0305556 0.214554
0 0.23776 0.395833 0.0078125 0.0231481 0.215691
0 0.338542 0.391667 0.00729167 0.0444444 0.23029
0 0.614583 0.362037 0.00729167 0.0388889 0.231193
0 0.932292 0.350463 0.00729167 0.0212963 0.241362
0 0.375781 0.386574 0.0078125 0.0435185 0.254508
0 0.63724 0.359722 0.0119792 0.0416667 0.257574
0 0.8375 0.359722 0.00729167 0.0490741 0.265326
0 0.215365 0.328241 0.00572917 0.025 0.266115
0 0.766146 0.363889 0.009375 0.0388889 0.271099
0 0.367969 0.386574 0.0119792 0.0490741 0.278225
0 0.426823 0.375463 0.00885417 0.0453704 0.281296
0 0.476042 0.374074 0.00833333 0.0444444 0.344945
0 0.602865 0.362037 0.00885417 0.0407407 0.34619
0 0.663281 0.361111 0.00885417 0.0425926 0.347511
0 0.0867188 0.348611 0.00677083 0.0268519 0.351618
0 0.414844 0.381481 0.00989583 0.0407407 0.35345
0 0.306771 0.393519 0.0104167 0.0444444 0.379808
0 0.676562 0.35787 0.0104167 0.0490741 0.392109
0 0.348437 0.389815 0.0114583 0.05 0.419244
0 0.747917 0.358333 0.00833333 0.0537037 0.456868
0 0.542708 0.385185 0.0114583 0.0481481 0.50313
0 0.245833 0.408796 0.0104167 0.0509259 0.505879
0 0.404687 0.38287 0.0104167 0.0416667 0.509049
0 0.98099 0.372222 0.00989583 0.05 0.526803
0 0.903385 0.360648 0.0109375 0.0583333 0.532417
0 0.585156 0.362037 0.00885417 0.0425926 0.539151
0 0.0205729 0.462037 0.0119792 0.0518519 0.660013
0 0.184635 0.414815 0.00677083 0.0425926 0.66087
0 0.223958 0.41713 0.009375 0.0453704 0.661328
0 0.16276 0.425463 0.0109375 0.0527778 0.668582
0 0.791146 0.376389 0.0125 0.0287037 0.675109
0 0.688802 0.385648 0.0171875 0.0564815 0.750914
0 0.714323 0.385185 0.0161458 0.062963 0.76844
32 0.656771 0.443981 0.009375 0.0157407 0.79081
0 0.596615 0.385185 0.0119792 0.0574074 0.791752
0 0.238281 0.456481 0.0161458 0.0944444 0.879439
0 0.55 0.40787 0.025 0.0805556 0.887149
0 0.946875 0.417593 0.0322917 0.203704 0.893763
0 0.117969 0.4875 0.0203125 0.121296 0.908706
0 0.453125 0.39537 0.028125 0.0981481 0.925976
0 0.63099 0.414352 0.0328125 0.0898148 0.930522
