0 0.684896 0.355093 0.00833333 0.0324074 0.10289
0 0.208073 0.408796 0.0078125 0.037963 0.123169
0 0.696354 0.364352 0.009375 0.0472222 0.134904
0 0.821875 0.358796 0.00833333 0.0472222 0.140073
0 0.659896 0.359722 0.009375 0.0416667 0.145033
0 0.91276 0.361111 0.00677083 0.0444444 0.15153
0 0.690885 0.365278 0.0078125 0.0416667 0.152379
0 0.41276 0.377315 0.00885417 0.0416667 0.193498
0 0.611198 0.3625 0.0078125 0.0361111 0.209693
0 0.673177 0.357407 0.00989583 0.0462963 0.214732
0 0.347396 0.389815 0.0114583 0.0481481 0.249356
0 0.984635 0.358333 0.00677083 0.0314815 0.252505
0 0.913021 0.348611 0.00625 0.0175926 0.259322
0 0.211979 0.328241 0.00625 0.025 0.283078
0 0.420833 0.372685 0.009375 0.0342593 0.284306
0 0.40026 0.382407 0.00989583 0.0425926 0.284869
0 0.357812 0.391667 0.0104167 0.0425926 0.285735
0 0.634896 0.359722 0.0114583 0.0416667 0.293778
0 0.705469 0.360185 0.0119792 0.0537037 0.299176
0 0.57526 0.364352 0.00677083 0.0361111 0.33623
0 0.24401 0.406481 0.00989583 0.0537037 0.34091
0 0.229687 0.40463 0.00833333 0.0351852 0.35594
0 0.375781 0.385648 0.0109375 0.0435185 0.370646
0 0.386198 0.384722 0.00989583 0.0416667 0.384928
0 0.0833333 0.348611 0.00625 0.0268519 0.396569
0 0.329167 0.388889 0.0114583 0.0462963 0.399226
0 0.313802 0.389352 0.00989583 0.0342593 0.402726
0 0.744531 0.35787 0.00885417 0.0509259 0.412452
0 0.280208 0.397222 0.009375 0.0425926 0.430022
0 0.976823 0.375463 0.00885417 0.0416667 0.449295
0 0.214844 0.410648 0.00885417 0.0453704 0.452407
0 0.599219 0.3625 0.0078125 0.0435185 0.46621
0 0.541667 0.379167 0.00833333 0.0453704 0.509913
0 0.257552 0.406481 0.0109375 0.0481481 0.519699
0 0.582031 0.3625 0.00885417 0.0398148 0.52428
0 0.788021 0.375463 0.0114583 0.0287037 0.555385
0 0.565885 0.383796 0.00989583 0.0453704 0.615268
0 0.90026 0.359722 0.00989583 0.0564815 0.653371
0 0.627083 0.378704 0.0114583 0.0555556 0.685895
0 0.00833333 0.464352 0.0125 0.0564815 0.69794
0 0.154167 0.422222 0.0114583 0.0444444 0.70578
0 0.108333 0.437963 0.0114583 0.0537037 0.752848
0 0.765365 0.378704 0.0130208 0.0703704 0.759568
0 0.685938 0.394907 0.0197917 0.0787037 0.822534
32 0.783854 0.401852 0.00625 0.0111111 0.845319
0 0.131771 0.484722 0.0229167 0.125 0.852798
0 0.944531 0.416204 0.0317708 0.202778 0.882958
0 0.498177 0.387037 0.0171875 0.0944444 0.892407
0 0.732031 0.399537 0.0192708 0.0787037 0.893055
0 0.276563 0.459259 0.021875 0.124074 0.903839
