0 0.188542 0.426852 0.0104167 0.0351852 0.100889
0 0.760677 0.368519 0.00885417 0.0296296 0.102909
0 0.900781 0.37963 0.0078125 0.0481481 0.104077
0 0.707031 0.370833 0.00989583 0.0435185 0.106346
0 0.90651 0.377315 0.0078125 0.0527778 0.107061
0 0.252604 0.336574 0.00625 0.025 0.120508
0 0.442708 0.385648 0.00833333 0.0324074 0.12525
0 0.639323 0.376852 0.00677083 0.0388889 0.130307
0 0.833854 0.374074 0.00833333 0.0518519 0.14389
0 0.933594 0.380093 0.0130208 0.0472222 0.14956
0 0.113542 0.426852 0.00625 0.0203704 0.156842
0 0.173698 0.427778 0.00677083 0.0351852 0.157423
0 0.808854 0.377778 0.009375 0.0407407 0.165267
0 0.391667 0.398611 0.009375 0.0509259 0.172164
0 0.788021 0.373611 0.00729167 0.0453704 0.176098
0 0.861198 0.377778 0.00989583 0.0481481 0.183795
0 0.741927 0.363889 0.00885417 0.0277778 0.184776
0 0.245052 0.405556 0.00572917 0.0240741 0.189076
0 0.209896 0.436574 0.0135417 0.0509259 0.190361
0 0.247917 0.421296 0.0104167 0.0518519 0.193658
0 0.0130208 0.478241 0.009375 0.0305556 0.207651
0 0.634635 0.375926 0.00885417 0.0407407 0.217783
0 0.489583 0.387037 0.009375 0.0407407 0.218687
0 0.667708 0.36713 0.00625 0.0324074 0.233193
0 0.823698 0.375 0.00885417 0.0444444 0.273383
0 0.113802 0.437037 0.0078125 0.0425926 0.303753
0 0.797135 0.371296 0.0119792 0.0462963 0.305966
0 0.871875 0.375926 0.0104167 0.0574074 0.335142
0 0.451302 0.3875 0.0078125 0.0342593 0.340786
0 0.684375 0.368519 0.00833333 0.0407407 0.340862
0 0.913281 0.375463 0.00885417 0.0583333 0.353718
0 0.56849 0.380093 0.00885417 0.0342593 0.36399
0 0.40651 0.412963 0.0119792 0.0277778 0.364973
0 0.223958 0.430556 0.0104167 0.05 0.375839
0 0.142969 0.437037 0.0109375 0.037037 0.380143
0 0.8375 0.373611 0.0104167 0.0546296 0.403347
0 0.180208 0.427315 0.009375 0.0398148 0.407928
0 0.534635 0.388889 0.0109375 0.037037 0.435951
0 0.958854 0.397685 0.0125 0.0305556 0.464133
0 0.545573 0.384259 0.00885417 0.0425926 0.465859
0 0.127083 0.439352 0.0114583 0.0416667 0.486152
0 0.470052 0.386574 0.0109375 0.037963 0.515017
0 0.278646 0.420833 0.0114583 0.0490741 0.544187
0 0.844531 0.383796 0.0151042 0.0472222 0.584098
0 0.5 0.418056 0.0104167 0.062037 0.587081
0 0.242708 0.47963 0.0375 0.101852 0.587263
0 0.166406 0.440278 0.00989583 0.0398148 0.59539
0 0.509375 0.403241 0.0125 0.0527778 0.610711
0 0.0877604 0.448611 0.0119792 0.0435185 0.662343
0 0.326823 0.408333 0.0151042 0.0462963 0.726818
32 0.506771 0.478704 0.0104167 0.0185185 0.751263
0 0.758333 0.414815 0.021875 0.087037 0.839508
0 0.745313 0.417593 0.0197917 0.0777778 0.848298
0 0.4875 0.442593 0.01875 0.0962963 0.85784
0 0.601562 0.41713 0.021875 0.0842593 0.875921
0 0.429167 0.419444 0.0333333 0.111111 0.903674
0 0.0528646 0.506481 0.0223958 0.105556 0.924371
