0 0.876302 0.376852 0.0078125 0.0481481 0.102509
0 0.607552 0.375926 0.00677083 0.0388889 0.105226
0 0.764063 0.371296 0.00729167 0.0425926 0.105308
0 0.671875 0.358796 0.00729167 0.0212963 0.105944
0 0.882552 0.374537 0.0078125 0.0509259 0.116737
0 0.847135 0.373148 0.0119792 0.0555556 0.127374
0 0.557813 0.380556 0.00729167 0.0407407 0.149623
0 0.145573 0.433796 0.00677083 0.0342593 0.167198
0 0.015625 0.464815 0.00833333 0.0388889 0.167934
0 0.260677 0.411111 0.00989583 0.0259259 0.16995
0 0.26849 0.473148 0.0192708 0.0962963 0.170647
0 0.614062 0.376852 0.00729167 0.0388889 0.178733
0 0.585938 0.378704 0.00833333 0.0407407 0.209938
0 0.773698 0.368981 0.0119792 0.0453704 0.235142
0 0.786198 0.374537 0.0078125 0.0453704 0.237979
0 0.1875 0.437037 0.0104167 0.0518519 0.24974
0 0.520833 0.387963 0.009375 0.0388889 0.260534
0 0.154948 0.430093 0.0078125 0.037963 0.263904
0 0.642187 0.365278 0.00833333 0.0305556 0.265306
0 0.113021 0.440741 0.0114583 0.037037 0.276208
0 0.736458 0.368981 0.00833333 0.0398148 0.283268
0 0.096875 0.443519 0.00833333 0.0425926 0.331225
0 0.513281 0.384722 0.00677083 0.0453704 0.340506
0 0.390885 0.40463 0.00885417 0.0407407 0.34345
0 0.0859375 0.441204 0.00729167 0.0398148 0.347565
0 0.368229 0.398611 0.0114583 0.0453704 0.349422
0 0.427865 0.388426 0.0078125 0.0361111 0.351193
0 0.197135 0.434259 0.0119792 0.0481481 0.368089
0 0.138021 0.444444 0.0104167 0.0425926 0.382562
0 0.813542 0.37037 0.0104167 0.0537037 0.388629
0 0.888281 0.373148 0.00885417 0.0574074 0.396763
0 0.800521 0.371759 0.009375 0.0435185 0.403018
0 0.240365 0.426389 0.0119792 0.0453704 0.430076
0 0.0546875 0.451389 0.0104167 0.0361111 0.442174
0 0.232292 0.431019 0.0114583 0.0398148 0.449317
0 0.542188 0.377315 0.0104167 0.037963 0.455689
0 0.441146 0.3875 0.00729167 0.037963 0.465524
0 0.719271 0.370833 0.00833333 0.0416667 0.501211
0 0.4625 0.3875 0.00833333 0.0416667 0.501545
0 0.215104 0.419444 0.0104167 0.0444444 0.502399
0 0.504948 0.403241 0.0109375 0.0472222 0.538719
0 0.657031 0.367593 0.00885417 0.0388889 0.545435
0 0.179427 0.436111 0.0171875 0.0592593 0.548385
0 0.820573 0.38287 0.0151042 0.0453704 0.575628
0 0.0195312 0.467593 0.0151042 0.0462963 0.596014
0 0.933594 0.394907 0.0130208 0.0305556 0.607813
0 0.290365 0.412037 0.0140625 0.0444444 0.625272
0 0.256771 0.476389 0.0354167 0.108333 0.796153
0 0.749479 0.410185 0.01875 0.0851852 0.806178
0 0.731771 0.410185 0.0197917 0.0777778 0.817677
0 0.490365 0.439815 0.0328125 0.0944444 0.874975
0 0.417708 0.417593 0.0177083 0.112963 0.87643
0 0.576302 0.419444 0.0192708 0.0851852 0.891663
32 0.509635 0.473611 0.00989583 0.0175926 0.893384
0 0.0494792 0.509722 0.0239583 0.112037 0.903896
