0 0.059375 0.444444 0.00625 0.037037 0.106668
0 0.333594 0.394444 0.00989583 0.0425926 0.108043
0 0.785417 0.365741 0.00729167 0.0444444 0.108896
0 0.725 0.359722 0.009375 0.0453704 0.11257
0 0.723958 0.348148 0.009375 0.0259259 0.113456
0 0.549219 0.403241 0.0119792 0.0638889 0.117413
0 0.640625 0.376852 0.00625 0.0148148 0.118083
0 0.677083 0.358796 0.00729167 0.0398148 0.128372
0 0.663802 0.363426 0.00885417 0.0416667 0.139782
0 0.710938 0.360648 0.009375 0.0416667 0.141131
0 0.31849 0.394907 0.0078125 0.037963 0.156956
0 0.00286458 0.463889 0.00572917 0.0555556 0.160615
0 0.326042 0.394907 0.00833333 0.0416667 0.170349
0 0.478906 0.377778 0.0078125 0.0388889 0.177957
0 0.621354 0.363426 0.00729167 0.037963 0.186372
0 0.514583 0.37037 0.00833333 0.0425926 0.19071
0 0.264062 0.325463 0.00625 0.0268519 0.207538
0 0.488802 0.376852 0.00885417 0.0388889 0.20857
0 0.308073 0.397685 0.00677083 0.037963 0.211763
0 0.815625 0.364352 0.0104167 0.0416667 0.24326
0 0.930469 0.377315 0.00572917 0.0268519 0.248855
0 0.166667 0.341204 0.00729167 0.0342593 0.276033
0 0.422396 0.377778 0.00625 0.0314815 0.279263
0 0.461458 0.378704 0.00833333 0.0425926 0.279981
0 0.00625 0.462963 0.009375 0.0518519 0.299405
0 0.363281 0.395833 0.00885417 0.0435185 0.305698
0 0.286979 0.399074 0.0125 0.0388889 0.310435
0 0.648958 0.362963 0.00833333 0.0425926 0.342242
0 0.796875 0.361574 0.00833333 0.0527778 0.410838
0 0.0367187 0.450463 0.00885417 0.0472222 0.412694
0 0.632292 0.362037 0.00833333 0.0425926 0.439274
0 0.235156 0.419444 0.00989583 0.0444444 0.457196
0 0.73151 0.37037 0.0109375 0.0462963 0.466722
0 0.241927 0.413426 0.0119792 0.0546296 0.478483
0 0.4 0.383796 0.009375 0.0361111 0.479091
0 0.138021 0.343981 0.00625 0.0268519 0.523428
0 0.0427083 0.452315 0.00833333 0.0509259 0.571615
0 0.222396 0.419444 0.009375 0.0481481 0.581014
0 0.0919271 0.446759 0.00989583 0.0546296 0.621457
0 0.0791667 0.451852 0.009375 0.0481481 0.645142
0 0.840625 0.378704 0.0125 0.0296296 0.658944
0 0.95625 0.365278 0.0114583 0.0601852 0.660421
0 0.0164062 0.466667 0.0182292 0.0666667 0.679563
0 0.576563 0.381019 0.0104167 0.0453704 0.69255
32 0.529948 0.438426 0.00885417 0.0138889 0.699371
0 0.713802 0.385648 0.0151042 0.0527778 0.764107
0 0.536979 0.403241 0.025 0.0712963 0.793412
0 0.683333 0.386574 0.0135417 0.0509259 0.800943
0 0.559635 0.406019 0.0213542 0.0601852 0.801469
0 0.315104 0.435185 0.0166667 0.0796296 0.85089
0 0.442708 0.401389 0.0197917 0.100926 0.855003
0 0.146354 0.493519 0.0229167 0.116667 0.89475
0 0.988542 0.427315 0.0229167 0.219444 0.911729
