38 0.933333 0.40787 0.0114583 0.0212963 0.109067
0 0.628385 0.361111 0.00885417 0.0425926 0.112154
0 0.232812 0.409259 0.0125 0.0462963 0.115297
0 0.116667 0.343519 0.00729167 0.0388889 0.120398
0 0.23776 0.403704 0.0078125 0.0425926 0.159877
29 0.108073 0.501389 0.00677083 0.0138889 0.164135
0 0.638021 0.360648 0.0114583 0.0435185 0.16795
0 0.734896 0.361574 0.00729167 0.0435185 0.1739
0 0.651302 0.362963 0.00885417 0.0425926 0.180832
0 0.464844 0.373611 0.00989583 0.0398148 0.192398
0 0.380469 0.386574 0.00989583 0.0435185 0.209262
0 0.245312 0.402315 0.00833333 0.0398148 0.221986
0 0.286979 0.391667 0.00833333 0.0314815 0.245145
0 0.585417 0.361111 0.009375 0.0388889 0.253893
0 0.278125 0.394444 0.009375 0.0351852 0.255846
0 0.489323 0.370833 0.00572917 0.037963 0.271733
0 0.251823 0.402778 0.0109375 0.0388889 0.293834
0 0.676823 0.351389 0.00989583 0.0361111 0.318218
0 0.766146 0.363889 0.009375 0.0425926 0.325167
0 0.371615 0.385648 0.00989583 0.0472222 0.328561
0 0.664062 0.362037 0.009375 0.0444444 0.32932
0 0.878646 0.375 0.00625 0.0277778 0.335909
0 0.408594 0.381019 0.0109375 0.0416667 0.342189
0 0.215625 0.328241 0.00520833 0.025 0.348005
0 0.0869792 0.348148 0.00625 0.0277778 0.372463
0 0.748438 0.358333 0.00833333 0.0537037 0.391516
0 0.980208 0.375 0.00833333 0.0425926 0.404005
0 0.935938 0.35463 0.00625 0.0277778 0.425785
0 0.690365 0.370833 0.00885417 0.0435185 0.488156
0 0.219271 0.41713 0.0125 0.0490741 0.489059
0 0.316927 0.390741 0.0140625 0.0462963 0.497004
32 0.616406 0.448611 0.00885417 0.0138889 0.521517
0 0.791667 0.377315 0.0125 0.0287037 0.535838
0 0.544792 0.380556 0.009375 0.0425926 0.561118
0 0.577865 0.389815 0.0161458 0.0555556 0.561137
0 0.990625 0.360648 0.0104167 0.0398148 0.588058
0 0.0247396 0.461574 0.0182292 0.0490741 0.673752
0 0.192448 0.413426 0.00989583 0.0435185 0.690021
0 0.904167 0.3625 0.0104167 0.0601852 0.722606
0 0.679427 0.384722 0.0130208 0.0527778 0.749008
0 0.175 0.422685 0.0135417 0.0546296 0.751399
0 0.709375 0.383796 0.0125 0.062037 0.800137
0 0.442969 0.39537 0.0140625 0.0962963 0.866493
0 0.948698 0.418981 0.0286458 0.206481 0.872716
0 0.245833 0.45463 0.0229167 0.0944444 0.876282
0 0.525 0.407407 0.0197917 0.0833333 0.891599
0 0.599219 0.415741 0.0421875 0.101852 0.911022
0 0.110677 0.493981 0.0328125 0.126852 0.911647
