0 0.775521 0.365741 0.00729167 0.0462963 0.101622
0 0.653385 0.363889 0.0078125 0.0388889 0.103142
0 0.275781 0.398148 0.00677083 0.0333333 0.106989
0 0.632031 0.377315 0.00677083 0.0157407 0.134999
0 0.488542 0.376389 0.00729167 0.037963 0.148476
0 0.715104 0.347685 0.009375 0.0231481 0.149482
0 0.689583 0.364352 0.009375 0.0398148 0.155671
0 0.476823 0.375463 0.00885417 0.0416667 0.169365
0 0.78125 0.3625 0.00833333 0.0490741 0.191579
0 0.128646 0.343519 0.00625 0.0277778 0.193437
0 0.318229 0.396759 0.0104167 0.0435185 0.21073
0 0.00338542 0.464352 0.00677083 0.0546296 0.212912
0 0.747656 0.362963 0.0109375 0.0537037 0.214252
0 0.25599 0.402315 0.0078125 0.037963 0.223696
0 0.463802 0.380093 0.00885417 0.0416667 0.244324
0 0.325781 0.394907 0.00885417 0.0453704 0.245215
0 0.34349 0.398148 0.0078125 0.0425926 0.24742
0 0.0309896 0.453241 0.0119792 0.0435185 0.25098
0 0.516667 0.366204 0.00833333 0.037963 0.256176
0 0.0414063 0.451389 0.0078125 0.0398148 0.26809
0 0.331771 0.39537 0.00625 0.0425926 0.308838
0 0.702083 0.3625 0.009375 0.0435185 0.328015
0 0.640625 0.364815 0.00833333 0.0407407 0.410831
0 0.291146 0.398148 0.00729167 0.0407407 0.425744
0 0.402604 0.383333 0.00729167 0.0351852 0.426048
0 0.80599 0.365278 0.00989583 0.0435185 0.456032
0 0.78776 0.361574 0.0078125 0.0527778 0.468793
0 0.211458 0.423611 0.009375 0.0472222 0.475209
0 0.447656 0.380093 0.0119792 0.0453704 0.480644
0 0.723698 0.370833 0.00989583 0.0453704 0.48391
0 0.0708333 0.453704 0.0114583 0.0481481 0.540835
32 0.524219 0.440741 0.00885417 0.0148148 0.543898
0 0.084375 0.450926 0.0125 0.0481481 0.548675
0 0.0606771 0.447685 0.0109375 0.0527778 0.582623
0 0.553385 0.380556 0.00989583 0.05 0.629959
0 0.219271 0.421296 0.0125 0.0481481 0.638447
0 0.83151 0.37963 0.0130208 0.0296296 0.666724
0 0.623438 0.3625 0.009375 0.0435185 0.673495
0 0.0177083 0.466667 0.0166667 0.0648148 0.695089
0 0.946875 0.365278 0.0104167 0.062037 0.702492
0 0.200781 0.425926 0.0130208 0.0462963 0.715805
0 0.522656 0.410185 0.0203125 0.0759259 0.744729
0 0.713021 0.389815 0.0166667 0.0574074 0.755104
0 0.678385 0.3875 0.0140625 0.0601852 0.800293
0 0.540104 0.409722 0.0177083 0.0824074 0.812449
0 0.506771 0.413889 0.0229167 0.0814815 0.834014
0 0.419792 0.406019 0.0260417 0.102778 0.872321
0 0.303646 0.441667 0.0166667 0.0851852 0.892071
0 0.134115 0.493056 0.0255208 0.121296 0.91238
0 0.982813 0.426389 0.0322917 0.217593 0.917684
