29 0.932292 0.406019 0.0104167 0.0212963 0.101547
0 0.627344 0.361111 0.0078125 0.0407407 0.102381
0 0.878125 0.372685 0.00625 0.0305556 0.10284
35 0.130729 0.50463 0.00729167 0.012963 0.104739
0 0.651042 0.361574 0.00833333 0.0416667 0.105538
0 0.554427 0.367593 0.00677083 0.0314815 0.120644
0 0.23099 0.408796 0.00989583 0.0416667 0.129498
0 0.41875 0.375463 0.00625 0.0398148 0.133124
0 0.63724 0.359722 0.0119792 0.0416667 0.138416
0 0.36901 0.388889 0.00989583 0.0444444 0.164711
0 0.601823 0.3625 0.0078125 0.0435185 0.176641
0 0.423177 0.376852 0.00885417 0.0407407 0.183359
0 0.765365 0.364352 0.00885417 0.037963 0.202854
0 0.436198 0.37037 0.0109375 0.0314815 0.215041
0 0.742188 0.359259 0.00833333 0.05 0.218196
0 0.455729 0.373611 0.00729167 0.0398148 0.224655
0 0.33125 0.386574 0.009375 0.0324074 0.225363
0 0.66276 0.359722 0.00885417 0.0416667 0.232038
0 0.215104 0.328241 0.00520833 0.025 0.244211
0 0.361458 0.3875 0.0125 0.0490741 0.259091
0 0.676302 0.353241 0.00989583 0.0398148 0.261469
0 0.0864583 0.349074 0.00625 0.0277778 0.309278
0 0.410937 0.383333 0.0104167 0.0425926 0.33522
0 0.690104 0.369444 0.00833333 0.0407407 0.355308
0 0.747917 0.35787 0.00833333 0.0527778 0.361494
0 0.585156 0.3625 0.00885417 0.0416667 0.38526
0 0.927344 0.35463 0.00677083 0.0277778 0.387655
0 0.399219 0.383333 0.00989583 0.0425926 0.402798
0 0.300781 0.394444 0.00885417 0.0407407 0.408603
0 0.28776 0.399537 0.0119792 0.0564815 0.451526
0 0.979948 0.375 0.00885417 0.0425926 0.519312
0 0.610937 0.380556 0.0135417 0.0592593 0.591819
0 0.791406 0.376389 0.0119792 0.0287037 0.615492
0 0.175 0.417593 0.00833333 0.0444444 0.621181
0 0.544271 0.380093 0.009375 0.0435185 0.625629
0 0.561979 0.386574 0.0145833 0.0453704 0.638586
0 0.0161458 0.462037 0.0135417 0.0537037 0.720089
0 0.902865 0.360185 0.0119792 0.0574074 0.734336
0 0.728906 0.389352 0.0171875 0.062037 0.810536
0 0.146354 0.427315 0.0135417 0.0527778 0.818417
0 0.677344 0.404167 0.0276042 0.0805556 0.820993
0 0.704948 0.391204 0.0182292 0.0527778 0.835251
0 0.597656 0.416667 0.0213542 0.0666667 0.849284
0 0.127344 0.485648 0.0255208 0.121296 0.871639
32 0.701563 0.435648 0.009375 0.0157407 0.876243
0 0.469271 0.393056 0.0229167 0.0972222 0.883987
0 0.946875 0.416204 0.0302083 0.202778 0.901854
0 0.2375 0.461111 0.021875 0.105556 0.902359
