0 0.568229 0.364815 0.00625 0.0185185 0.102382
0 0.646354 0.337963 0.00520833 0.0203704 0.115256
0 0.577604 0.378241 0.009375 0.037963 0.120015
0 0.728125 0.369907 0.00729167 0.0361111 0.120258
0 0.604167 0.360648 0.00833333 0.0194444 0.120835
0 0.326042 0.324074 0.00520833 0.0259259 0.151214
0 0.854167 0.370833 0.00833333 0.0509259 0.164697
0 0.738542 0.37037 0.00729167 0.0444444 0.167521
0 0.515885 0.380093 0.00989583 0.0435185 0.170202
0 0.346094 0.393981 0.0078125 0.0342593 0.202031
0 0.746615 0.36713 0.0119792 0.0453704 0.206009
0 0.60599 0.371759 0.0109375 0.0435185 0.206417
13 0.0276042 0.458796 0.0322917 0.0287037 0.208499
0 0.701823 0.383333 0.00677083 0.0166667 0.210258
0 0.55599 0.378704 0.00989583 0.0388889 0.212333
0 0.848437 0.375 0.00729167 0.0462963 0.222433
0 0.536198 0.39537 0.0119792 0.0537037 0.225346
0 0.177344 0.428704 0.0078125 0.0296296 0.228307
0 0.003125 0.468519 0.00625 0.0407407 0.235633
0 0.614844 0.368056 0.0078125 0.0398148 0.255313
0 0.809896 0.372685 0.009375 0.0490741 0.293558
0 0.117188 0.426852 0.00729167 0.0222222 0.316509
0 0.710156 0.368981 0.00885417 0.0416667 0.335145
0 0.879427 0.374537 0.00989583 0.0453704 0.335325
0 0.499219 0.380093 0.0078125 0.0342593 0.350721
0 0.773177 0.37037 0.00989583 0.0425926 0.356524
0 0.0736979 0.447222 0.00989583 0.0407407 0.363727
0 0.860937 0.369907 0.009375 0.0564815 0.369484
0 0.786719 0.368519 0.00989583 0.0518519 0.387109
0 0.396354 0.395833 0.0104167 0.0472222 0.387473
0 0.139844 0.436111 0.00885417 0.0444444 0.388948
0 0.153906 0.439352 0.0078125 0.0490741 0.393522
0 0.454948 0.388426 0.0078125 0.0453704 0.418211
0 0.0950521 0.45 0.00885417 0.0407407 0.418262
0 0.820312 0.370833 0.0114583 0.0546296 0.430618
0 0.202344 0.339815 0.00572917 0.0259259 0.436854
0 0.79401 0.379167 0.0151042 0.0472222 0.505876
0 0.0484375 0.45 0.0114583 0.0518519 0.513806
0 0.421354 0.388889 0.0114583 0.0425926 0.54454
0 0.693229 0.368056 0.00833333 0.0435185 0.556042
0 0.160417 0.434722 0.0114583 0.0583333 0.57934
0 0.236979 0.425463 0.0114583 0.0472222 0.580816
0 0.542969 0.405556 0.0130208 0.0574074 0.642956
0 0.13125 0.443981 0.0145833 0.062037 0.695133
0 0.217187 0.422222 0.0145833 0.0481481 0.697753
0 0.905729 0.390741 0.0125 0.0314815 0.701083
0 0.56224 0.422685 0.0234375 0.0861111 0.707198
0 0.25599 0.421296 0.0119792 0.05 0.743789
0 0.579427 0.428704 0.0359375 0.087037 0.790162
32 0.580469 0.463889 0.00989583 0.0166667 0.829495
0 0.441146 0.4125 0.0239583 0.108333 0.853924
0 0.758073 0.4 0.0161458 0.0796296 0.854385
0 0.40625 0.44537 0.0270833 0.1 0.898171
0 0.383594 0.453241 0.0234375 0.10463 0.90056
0 0.717448 0.40463 0.0276042 0.0666667 0.910736
0 0.108333 0.499537 0.0260417 0.119444 0.91996
