0 0.66875 0.3625 0.00729167 0.037963 0.113709
0 0.664323 0.362963 0.00677083 0.0388889 0.132277
37 0.323958 0.470833 0.015625 0.0101852 0.138777
36 0.323958 0.469907 0.015625 0.0101852 0.145251
0 0.688542 0.356944 0.0114583 0.0361111 0.147025
0 0.727344 0.348148 0.00989583 0.0259259 0.149523
0 0.169531 0.340278 0.0078125 0.0361111 0.151234
0 0.323958 0.393519 0.00729167 0.0351852 0.162164
0 0.0382813 0.439815 0.0078125 0.0240741 0.170337
0 0.33776 0.388889 0.00885417 0.0296296 0.178214
0 0.059375 0.444444 0.00729167 0.037037 0.17925
0 0.511458 0.368056 0.00625 0.0416667 0.18964
0 0.266146 0.401852 0.00729167 0.0388889 0.190316
36 0.453646 0.44537 0.01875 0.00740741 0.191096
37 0.152344 0.54213 0.0223958 0.0138889 0.19134
0 0.64349 0.377778 0.00572917 0.0148148 0.195775
0 0.528906 0.375463 0.00885417 0.0342593 0.200942
0 0.329167 0.394907 0.00729167 0.0361111 0.20262
0 0.701042 0.363889 0.009375 0.0425926 0.207475
0 0.296615 0.399074 0.0078125 0.0388889 0.211487
0 0.61849 0.363426 0.00572917 0.037963 0.213644
0 0.00364583 0.471296 0.00729167 0.0574074 0.21386
0 0.459375 0.37963 0.0104167 0.0444444 0.215006
0 0.370313 0.396296 0.00729167 0.0444444 0.229058
0 0.517448 0.369907 0.00885417 0.0398148 0.25037
0 0.283073 0.4 0.00989583 0.0407407 0.280419
0 0.420312 0.378704 0.00625 0.0314815 0.281647
0 0.479948 0.379167 0.00989583 0.0398148 0.297522
0 0.488802 0.378241 0.00677083 0.037963 0.323434
0 0.714323 0.363426 0.00885417 0.0453704 0.336089
0 0.397917 0.384722 0.00729167 0.0342593 0.33932
0 0.817708 0.366204 0.009375 0.0416667 0.347017
0 0.199219 0.415741 0.00677083 0.0277778 0.353832
0 0.260417 0.402778 0.00729167 0.037037 0.366465
0 0.0322917 0.458333 0.0125 0.05 0.383821
0 0.933594 0.378241 0.00677083 0.0287037 0.388312
0 0.317448 0.393981 0.00677083 0.0342593 0.394237
0 0.79974 0.361111 0.0078125 0.0555556 0.402289
0 0.141406 0.343056 0.00572917 0.0287037 0.414545
0 0.009375 0.469907 0.0125 0.0583333 0.467603
0 0.652604 0.363426 0.00833333 0.0416667 0.48034
0 0.0835937 0.451389 0.00989583 0.0490741 0.487397
0 0.736719 0.371296 0.00989583 0.0462963 0.530364
0 0.84401 0.380556 0.0130208 0.0296296 0.566726
0 0.635156 0.3625 0.00885417 0.0435185 0.592329
0 0.0940104 0.444444 0.0119792 0.0592593 0.622033
0 0.249219 0.416667 0.0151042 0.0481481 0.623677
0 0.727083 0.382407 0.0114583 0.0555556 0.634496
0 0.583854 0.383333 0.009375 0.0407407 0.663107
32 0.533073 0.437963 0.0078125 0.012963 0.669838
0 0.233073 0.419444 0.0119792 0.0481481 0.684588
0 0.560156 0.405556 0.0244792 0.0648148 0.698616
0 0.544271 0.402778 0.0145833 0.0666667 0.75054
0 0.451562 0.400463 0.021875 0.0953704 0.752572
0 0.685677 0.385648 0.0140625 0.0509259 0.776557
0 0.959635 0.366667 0.0109375 0.062963 0.778349
0 0.324479 0.437037 0.0145833 0.0722222 0.828341
0 0.14974 0.490741 0.0244792 0.114815 0.870092
0 0.989844 0.428241 0.0203125 0.221296 0.903237
