0 0.626823 0.376852 0.00677083 0.0148148 0.125051
0 0.320833 0.389352 0.00833333 0.0324074 0.126195
0 0.25 0.326389 0.00625 0.025 0.143054
0 0.403646 0.38287 0.009375 0.0435185 0.152154
0 0.390104 0.381481 0.00625 0.0333333 0.153556
0 0.647396 0.363889 0.00729167 0.0388889 0.155121
0 0.663281 0.362963 0.00677083 0.0444444 0.160091
0 0.776563 0.3625 0.00729167 0.0472222 0.160511
0 0.0140625 0.450463 0.009375 0.0435185 0.166728
0 0.489844 0.367593 0.00989583 0.0333333 0.170287
0 0.454427 0.377315 0.00885417 0.0435185 0.17702
0 0.915104 0.376852 0.00625 0.0277778 0.187673
0 0.151823 0.34213 0.0078125 0.0361111 0.20115
0 0.770312 0.364352 0.00729167 0.0472222 0.203991
0 0.461719 0.378704 0.0078125 0.0407407 0.208071
0 0.00520833 0.461111 0.009375 0.0333333 0.230475
0 0.418229 0.38287 0.0104167 0.0453704 0.230881
38 0.969792 0.412963 0.0104167 0.0185185 0.26894
0 0.672135 0.361111 0.00989583 0.0462963 0.271826
0 0.801042 0.364815 0.00833333 0.0425926 0.271845
0 0.743229 0.3625 0.0104167 0.0546296 0.285164
0 0.429167 0.38287 0.0104167 0.0435185 0.288223
0 0.635938 0.363426 0.009375 0.0416667 0.30599
0 0.0328125 0.450463 0.009375 0.037963 0.3191
0 0.123438 0.343981 0.00625 0.0268519 0.330488
0 0.274479 0.397685 0.009375 0.037963 0.332604
0 0.3625 0.395833 0.0104167 0.0435185 0.3712
0 0.480469 0.37037 0.00677083 0.0407407 0.385627
0 0.292448 0.397685 0.00885417 0.0416667 0.39648
0 0.218229 0.410648 0.00729167 0.0287037 0.405041
0 0.696875 0.362963 0.009375 0.0462963 0.424731
0 0.782031 0.361574 0.00885417 0.0527778 0.434722
0 0.710677 0.360185 0.00989583 0.05 0.448823
0 0.56875 0.381944 0.009375 0.0416667 0.450448
36 0.449479 0.443519 0.01875 0.00925926 0.452971
0 0.0700521 0.454167 0.0109375 0.0490741 0.47631
0 0.529427 0.393056 0.0109375 0.0527778 0.511802
0 0.618229 0.362963 0.00833333 0.0425926 0.552864
0 0.722656 0.372222 0.0109375 0.0444444 0.560229
0 0.0645833 0.454167 0.0104167 0.0490741 0.58215
0 0.248698 0.4125 0.0130208 0.0564815 0.585533
0 0.732292 0.382407 0.0125 0.0574074 0.669108
0 0.826302 0.379167 0.0119792 0.0287037 0.70556
0 0.233594 0.418981 0.0130208 0.0453704 0.717648
32 0.539062 0.447685 0.0125 0.0157407 0.721098
0 0.560938 0.393056 0.0125 0.0694444 0.733398
0 0.940885 0.364815 0.0109375 0.062963 0.749812
0 0.68125 0.382407 0.0135417 0.0481481 0.776578
0 0.538802 0.410185 0.0213542 0.0759259 0.811998
0 0.448177 0.397685 0.0171875 0.0972222 0.818256
0 0.516406 0.40787 0.0182292 0.0694444 0.828829
0 0.117188 0.491204 0.0177083 0.121296 0.884836
0 0.298958 0.441204 0.028125 0.0805556 0.890649
0 0.979167 0.425 0.0333333 0.212963 0.907443
