0 0.585677 0.362963 0.0078125 0.0388889 0.100459
0 0.0861979 0.350463 0.00677083 0.0305556 0.10765
0 0.785677 0.358796 0.0078125 0.0453704 0.111339
34 0.902604 0.403704 0.0114583 0.0222222 0.11358
0 0.101042 0.418981 0.00729167 0.0231481 0.119717
0 0.76276 0.373148 0.0109375 0.0351852 0.134609
0 0.258333 0.393981 0.00833333 0.0342593 0.157842
0 0.609635 0.359259 0.0130208 0.0444444 0.182136
0 0.848698 0.372685 0.00572917 0.0268519 0.194389
0 0.308333 0.393981 0.0135417 0.0490741 0.196548
0 0.96875 0.360648 0.00729167 0.0342593 0.238607
0 0.73776 0.3625 0.0109375 0.0435185 0.245354
0 0.180729 0.413889 0.00833333 0.0407407 0.246973
0 0.944271 0.35 0.00625 0.0185185 0.274621
0 0.360938 0.383333 0.0104167 0.05 0.277937
0 0.166667 0.418056 0.0104167 0.0509259 0.278724
0 0.709375 0.387037 0.00833333 0.0611111 0.291189
0 0.635938 0.360648 0.00729167 0.0416667 0.294868
0 0.172396 0.418519 0.0104167 0.0481481 0.305778
0 0.185937 0.330093 0.00520833 0.025 0.321977
0 0.658594 0.361574 0.00885417 0.0472222 0.326129
0 0.574479 0.363889 0.00833333 0.0425926 0.329932
0 0.286979 0.39213 0.009375 0.0398148 0.356471
0 0.336719 0.3875 0.0078125 0.0435185 0.389498
0 0.71849 0.35787 0.00989583 0.0527778 0.399129
0 0.346875 0.388889 0.0104167 0.0425926 0.402154
0 0.648698 0.35787 0.00989583 0.0490741 0.411973
0 0.680469 0.359722 0.0109375 0.0527778 0.44239
0 0.197396 0.406944 0.00833333 0.0324074 0.479493
0 0.985156 0.361574 0.00572917 0.0342593 0.508648
0 0.0367187 0.452778 0.0130208 0.0537037 0.511861
0 0.383333 0.374537 0.009375 0.0361111 0.522447
0 0.948698 0.374074 0.0078125 0.0407407 0.53725
0 0.0557292 0.350926 0.00625 0.0277778 0.573477
0 0.759896 0.383796 0.015625 0.0564815 0.577678
0 0.872396 0.358796 0.0104167 0.0564815 0.590794
0 0.669531 0.369444 0.00989583 0.0425926 0.603355
0 0.235156 0.409259 0.00885417 0.0462963 0.620349
0 0.252083 0.407407 0.0135417 0.0481481 0.626699
0 0.630208 0.376389 0.0166667 0.0527778 0.684068
0 0.557813 0.381481 0.00833333 0.0444444 0.704087
0 0.703385 0.387037 0.0151042 0.0703704 0.738219
0 0.535417 0.37963 0.0104167 0.0444444 0.763798
0 0.747656 0.391204 0.0203125 0.0768519 0.786664
32 0.833854 0.402315 0.00625 0.012037 0.793864
0 0.105208 0.489352 0.0260417 0.126852 0.861372
0 0.308333 0.45787 0.0395833 0.126852 0.881913
0 0.511198 0.384259 0.0203125 0.0888889 0.897677
0 0.915885 0.4125 0.0348958 0.199074 0.901168
