0 0.280729 0.397685 0.00833333 0.0361111 0.103179
0 0.657812 0.366667 0.00729167 0.037037 0.107346
0 0.816667 0.36713 0.00833333 0.0416667 0.114725
0 0.334375 0.400463 0.0166667 0.0490741 0.13196
0 0.479427 0.378704 0.0078125 0.0388889 0.135483
0 0.672917 0.365741 0.00729167 0.0425926 0.140168
0 0.260156 0.326852 0.00572917 0.0259259 0.157853
0 0.490625 0.376852 0.009375 0.0407407 0.169796
0 0.133854 0.343981 0.00625 0.0268519 0.176079
0 0.68125 0.360185 0.0114583 0.0388889 0.179475
0 0.460677 0.377778 0.0109375 0.0444444 0.179953
0 0.636719 0.37963 0.0046875 0.0148148 0.182842
36 0.11901 0.552778 0.0130208 0.00925926 0.199474
0 0.752604 0.364815 0.0104167 0.0537037 0.22465
0 0.351823 0.394907 0.0130208 0.0453704 0.227344
0 0.786198 0.366667 0.0078125 0.0481481 0.227658
0 0.530469 0.361111 0.00989583 0.0314815 0.228971
0 0.329427 0.398148 0.00885417 0.0462963 0.23291
0 0.129948 0.431481 0.00677083 0.0296296 0.239927
0 0.707031 0.363889 0.00885417 0.0444444 0.245598
0 0.779688 0.368519 0.009375 0.0481481 0.247637
0 0.810417 0.368056 0.00833333 0.0435185 0.268037
0 0.309896 0.396759 0.00625 0.0398148 0.349167
0 0.502865 0.375 0.0109375 0.0444444 0.349501
0 0.534115 0.392593 0.0192708 0.0425926 0.359523
0 0.188542 0.423611 0.0114583 0.0546296 0.387956
0 0.0799479 0.45 0.0078125 0.05 0.394167
0 0.340365 0.397685 0.0130208 0.0509259 0.399605
0 0.792448 0.363889 0.00885417 0.0555556 0.422165
0 0.645052 0.366204 0.0078125 0.0416667 0.430883
0 0.0994792 0.439815 0.0125 0.0518519 0.47848
0 0.0877604 0.449537 0.0109375 0.0509259 0.489192
0 0.720573 0.362037 0.00989583 0.0481481 0.493955
0 0.195052 0.42963 0.0119792 0.0444444 0.495795
0 0.0661458 0.44213 0.0104167 0.0490741 0.528778
0 0.0104167 0.464352 0.009375 0.0472222 0.551776
0 0.630208 0.365741 0.00833333 0.0407407 0.571607
0 0.210677 0.422685 0.0109375 0.0490741 0.675586
0 0.836198 0.382407 0.0119792 0.0296296 0.698616
0 0.952344 0.367593 0.00989583 0.0611111 0.745852
0 0.0388021 0.461111 0.0130208 0.0685185 0.769084
0 0.730729 0.393981 0.0125 0.062037 0.769782
0 0.411979 0.407407 0.0177083 0.107407 0.834161
0 0.526042 0.433333 0.0229167 0.0833333 0.847853
0 0.682813 0.396759 0.0145833 0.0564815 0.849352
0 0.117969 0.49537 0.0171875 0.122222 0.870593
0 0.317708 0.441667 0.0208333 0.0851852 0.878112
0 0.463021 0.434722 0.0354167 0.087963 0.892676
0 0.985937 0.429167 0.028125 0.219444 0.917923
0 0.582552 0.426389 0.0296875 0.0824074 0.918945
