0 0.754687 0.368981 0.009375 0.0472222 0.101414
0 0.792969 0.37037 0.0078125 0.0462963 0.108203
0 0.292708 0.397222 0.00625 0.0333333 0.117784
0 0.957552 0.361574 0.00677083 0.0305556 0.124105
0 0.528646 0.364815 0.00833333 0.0259259 0.12778
0 0.798698 0.368056 0.0078125 0.0472222 0.131572
13 0.0184896 0.459722 0.0182292 0.0305556 0.136605
0 0.383073 0.388889 0.00885417 0.0388889 0.156424
0 0.69349 0.363426 0.0119792 0.0416667 0.162082
0 0.146615 0.34213 0.00677083 0.0268519 0.170134
0 0.465104 0.381481 0.0125 0.0425926 0.186142
0 0.551823 0.366667 0.0078125 0.0388889 0.199052
0 0.366146 0.39213 0.00729167 0.0398148 0.219951
0 0.648438 0.380556 0.00520833 0.0166667 0.223854
0 0.0901042 0.434259 0.00729167 0.0388889 0.230208
0 0.0356771 0.450463 0.00885417 0.0435185 0.235557
0 0.731771 0.361574 0.0114583 0.0472222 0.241777
0 0.656771 0.36713 0.00833333 0.0416667 0.258818
0 0.34349 0.4 0.00885417 0.0518519 0.310136
0 0.507812 0.376389 0.00833333 0.0416667 0.311781
0 0.823958 0.368981 0.0104167 0.0435185 0.313285
0 0.805208 0.365278 0.00833333 0.0546296 0.324133
0 0.497135 0.37963 0.0119792 0.0425926 0.327655
0 0.00572917 0.458333 0.0114583 0.0407407 0.353951
0 0.182552 0.42037 0.00677083 0.037037 0.381369
0 0.361458 0.392593 0.00833333 0.0407407 0.385127
0 0.519271 0.393519 0.0114583 0.0462963 0.458822
0 0.642187 0.366667 0.00833333 0.0407407 0.507145
0 0.477865 0.380093 0.0109375 0.0453704 0.524666
0 0.0291667 0.462037 0.009375 0.0462963 0.55487
0 0.078125 0.441204 0.009375 0.037963 0.562706
0 0.938802 0.370833 0.0109375 0.0509259 0.587445
0 0.742708 0.376852 0.0104167 0.0444444 0.589208
0 0.196094 0.429167 0.0130208 0.0472222 0.617474
0 0.848958 0.384259 0.0125 0.0296296 0.699803
0 0.965365 0.369444 0.00989583 0.0611111 0.751918
0 0.213802 0.423148 0.0119792 0.05 0.760789
0 0.0606771 0.455556 0.0161458 0.062963 0.761879
0 0.532292 0.400463 0.01875 0.0527778 0.775101
0 0.134375 0.43287 0.015625 0.0509259 0.791258
0 0.413021 0.410648 0.0260417 0.10463 0.821709
32 0.55026 0.463889 0.00885417 0.0185185 0.825572
0 0.728125 0.39537 0.015625 0.0685185 0.828095
0 0.686719 0.397685 0.0171875 0.0638889 0.828768
0 0.55599 0.434259 0.0338542 0.0833333 0.832525
0 0.438021 0.432407 0.0427083 0.0981481 0.858808
0 0.992708 0.431944 0.0145833 0.219444 0.859075
0 0.0950521 0.5 0.0317708 0.122222 0.917838
0 0.33125 0.44213 0.034375 0.0916667 0.928999
0 0.590885 0.424537 0.0390625 0.0953704 0.93843
