0 0.67526 0.359722 0.00677083 0.0398148 0.101905
0 0.722396 0.345833 0.009375 0.0212963 0.109035
0 0.755469 0.3625 0.0109375 0.0546296 0.110766
0 0.789323 0.3625 0.0078125 0.0472222 0.117316
0 0.00260417 0.45787 0.00520833 0.0453704 0.128487
0 0.51849 0.368519 0.0078125 0.0407407 0.14109
0 0.783073 0.364815 0.0078125 0.0462963 0.141788
0 0.176042 0.419907 0.00625 0.0287037 0.144823
0 0.722656 0.360185 0.00989583 0.05 0.147521
0 0.326823 0.394444 0.0109375 0.0425926 0.148157
0 0.509896 0.375463 0.00729167 0.0342593 0.15041
0 0.545833 0.400463 0.0114583 0.0657407 0.162489
0 0.165104 0.341204 0.00625 0.0342593 0.170662
0 0.477865 0.377778 0.00989583 0.0388889 0.174758
0 0.638542 0.377315 0.00625 0.0157407 0.175091
0 0.814062 0.364352 0.0104167 0.0435185 0.178642
0 0.332031 0.393981 0.00989583 0.0435185 0.179211
0 0.709115 0.358333 0.00885417 0.0351852 0.183605
0 0.488542 0.376852 0.00833333 0.037037 0.191675
0 0.623177 0.363426 0.00572917 0.037963 0.195448
0 0.660417 0.362963 0.00833333 0.0407407 0.222161
0 0.447656 0.381481 0.00989583 0.0425926 0.229786
0 0.461719 0.378241 0.0109375 0.0435185 0.231024
0 0.059375 0.44537 0.009375 0.0407407 0.256029
0 0.422656 0.377778 0.00677083 0.0314815 0.256489
0 0.359896 0.398148 0.00625 0.0407407 0.258719
0 0.00572917 0.460185 0.0104167 0.0481481 0.263313
0 0.928385 0.376389 0.00572917 0.0287037 0.273705
0 0.2625 0.325 0.00625 0.0259259 0.287093
0 0.286719 0.398611 0.0109375 0.0398148 0.296931
0 0.0351562 0.45 0.00989583 0.0462963 0.321326
0 0.136458 0.343981 0.00625 0.0268519 0.353319
0 0.795313 0.360648 0.00833333 0.0546296 0.431488
0 0.647917 0.362963 0.00833333 0.0425926 0.437193
0 0.0442708 0.452778 0.009375 0.0518519 0.445415
0 0.729427 0.369907 0.0109375 0.0453704 0.445507
0 0.400521 0.383796 0.00729167 0.0361111 0.472634
0 0.630729 0.362037 0.00833333 0.0425926 0.500122
0 0.23776 0.413889 0.0109375 0.0537037 0.511658
0 0.230729 0.42037 0.0104167 0.0444444 0.512649
0 0.0773437 0.451852 0.00989583 0.05 0.563805
0 0.0148437 0.469907 0.0161458 0.0601852 0.63789
0 0.219271 0.421296 0.0114583 0.0481481 0.65784
0 0.0903646 0.448611 0.0109375 0.0527778 0.667343
0 0.574219 0.379167 0.00885417 0.0490741 0.683693
0 0.839063 0.37963 0.0125 0.0296296 0.727489
0 0.954167 0.364815 0.0104167 0.0611111 0.740435
0 0.711719 0.385648 0.0151042 0.0527778 0.755634
0 0.554688 0.404167 0.0260417 0.0638889 0.772757
0 0.533073 0.402778 0.0182292 0.0648148 0.782941
32 0.528125 0.437963 0.00833333 0.012963 0.798106
0 0.438542 0.401389 0.0197917 0.100926 0.804198
0 0.682813 0.386574 0.0166667 0.0546296 0.828014
0 0.313802 0.434259 0.0151042 0.0814815 0.85465
0 0.9875 0.426852 0.025 0.218519 0.906127
0 0.144792 0.493056 0.025 0.117593 0.908959
