0 0.465625 0.375926 0.00729167 0.0462963 0.104532
0 0.259635 0.325926 0.00572917 0.0259259 0.111602
0 0.68151 0.348148 0.0109375 0.0203704 0.118938
0 0.330729 0.39213 0.00729167 0.0398148 0.121454
0 0.0476562 0.439352 0.0078125 0.0231481 0.121588
0 0.720052 0.34537 0.00989583 0.0222222 0.122181
0 0.502083 0.375463 0.00833333 0.0342593 0.123356
13 0.190625 0.424074 0.04375 0.0222222 0.136896
0 0.752865 0.361574 0.0109375 0.0527778 0.137749
0 0.0294271 0.455093 0.00989583 0.0472222 0.14949
0 0.515365 0.367593 0.00989583 0.0407407 0.158765
0 0.720052 0.359259 0.00989583 0.0518519 0.177546
0 0.657812 0.3625 0.00729167 0.037963 0.185216
0 0.488281 0.376389 0.00989583 0.0398148 0.19982
0 0.477604 0.376389 0.00833333 0.0416667 0.205619
0 0.00338542 0.456944 0.00677083 0.0435185 0.205711
0 0.286979 0.398148 0.00729167 0.0407407 0.210156
0 0.786458 0.362037 0.00833333 0.0481481 0.213039
0 0.811198 0.364352 0.00989583 0.0416667 0.231613
0 0.0575521 0.443519 0.00677083 0.0351852 0.236273
0 0.133854 0.343981 0.00625 0.0268519 0.239517
0 0.536979 0.403241 0.0114583 0.0657407 0.247677
0 0.325 0.395833 0.0125 0.0453704 0.248345
0 0.4 0.383333 0.00729167 0.0351852 0.266864
0 0.0369792 0.450463 0.00833333 0.0453704 0.293397
0 0.461719 0.375926 0.0109375 0.0481481 0.299804
0 0.225781 0.418519 0.00989583 0.0481481 0.302514
0 0.354948 0.398611 0.0078125 0.0416667 0.3066
0 0.446354 0.379167 0.0104167 0.0453704 0.307643
0 0.0479167 0.451389 0.0104167 0.0472222 0.343135
0 0.628125 0.362037 0.00833333 0.0425926 0.366244
36 0.434635 0.449074 0.0130208 0.00925926 0.369453
0 0.792969 0.360648 0.0078125 0.0527778 0.395708
0 0.645052 0.362963 0.0078125 0.0425926 0.410363
0 0.544271 0.405093 0.0166667 0.0694444 0.440503
0 0.726562 0.37037 0.0104167 0.0462963 0.565205
0 0.0742188 0.452778 0.00885417 0.0518519 0.600209
0 0.214583 0.422685 0.0125 0.0472222 0.608885
0 0.0125 0.47037 0.0166667 0.062963 0.621879
0 0.570312 0.382407 0.009375 0.0444444 0.635549
0 0.0880208 0.449537 0.0104167 0.0509259 0.668556
0 0.233073 0.414815 0.0130208 0.0537037 0.703429
0 0.951563 0.364815 0.0104167 0.0611111 0.72303
0 0.835938 0.378704 0.0125 0.0296296 0.737709
0 0.524479 0.40463 0.0197917 0.0685185 0.756677
32 0.526302 0.436574 0.0078125 0.012037 0.777316
0 0.679688 0.385185 0.0177083 0.0592593 0.777594
0 0.708854 0.383796 0.0135417 0.0601852 0.783186
0 0.432552 0.4 0.0171875 0.103704 0.844887
0 0.311458 0.437963 0.0145833 0.0814815 0.853085
0 0.141406 0.493519 0.0244792 0.118519 0.903649
0 0.985937 0.425 0.028125 0.218519 0.916069
