0 0.748958 0.362037 0.0104167 0.0537037 0.103567
13 0.258333 0.422222 0.0635417 0.0388889 0.121439
0 0.738802 0.363889 0.00885417 0.0481481 0.122212
0 0.25651 0.325463 0.00572917 0.025 0.136133
0 0.516927 0.366204 0.0109375 0.0398148 0.165962
0 0.153906 0.425463 0.00677083 0.0287037 0.166242
0 0.129948 0.343981 0.00572917 0.0268519 0.169817
0 0.488281 0.375926 0.0078125 0.0388889 0.178368
0 0.467448 0.376852 0.0078125 0.05 0.180237
0 0.783073 0.363426 0.0078125 0.0472222 0.213288
0 0.256771 0.401852 0.00625 0.037037 0.217703
0 0.477604 0.375463 0.00729167 0.0416667 0.233204
0 0.776302 0.365278 0.00885417 0.0453704 0.237821
0 0.641667 0.362963 0.0104167 0.0425926 0.240797
0 0.328385 0.397222 0.00989583 0.0518519 0.242142
0 0.320052 0.398148 0.0130208 0.0481481 0.264306
0 0.276302 0.397222 0.00677083 0.0351852 0.274347
0 0.33151 0.396759 0.0078125 0.0416667 0.286187
0 0.463021 0.378241 0.00833333 0.0472222 0.287272
0 0.703385 0.361574 0.00885417 0.0435185 0.303592
0 0.716406 0.351389 0.00989583 0.0324074 0.329166
0 0.00442708 0.458333 0.00885417 0.0444444 0.333514
0 0.807031 0.364815 0.00885417 0.0425926 0.377551
0 0.0398437 0.448148 0.00885417 0.0444444 0.402653
0 0.401042 0.383333 0.00625 0.0351852 0.444334
0 0.223958 0.420833 0.0104167 0.0472222 0.458551
0 0.724219 0.37037 0.0109375 0.0444444 0.458915
0 0.346875 0.4 0.00833333 0.0407407 0.488235
0 0.291146 0.398148 0.0104167 0.0407407 0.511146
0 0.788802 0.361111 0.00885417 0.0555556 0.528079
0 0.203906 0.423611 0.00989583 0.0472222 0.547607
0 0.0854167 0.451389 0.0125 0.0490741 0.555953
0 0.447917 0.380093 0.0125 0.0472222 0.560434
0 0.624479 0.3625 0.00833333 0.0416667 0.571861
0 0.0721354 0.452778 0.00989583 0.05 0.585057
0 0.832552 0.378704 0.0130208 0.0296296 0.646025
0 0.215885 0.419444 0.0109375 0.0537037 0.674797
0 0.0177083 0.467593 0.01875 0.0648148 0.697347
0 0.71224 0.387963 0.0140625 0.0592593 0.701141
0 0.947656 0.365278 0.0109375 0.0638889 0.713927
0 0.558333 0.382407 0.0114583 0.0481481 0.747816
0 0.0588542 0.448611 0.0135417 0.0527778 0.760495
0 0.541146 0.405093 0.0145833 0.0787037 0.764666
0 0.510677 0.408333 0.0317708 0.0740741 0.788149
0 0.679948 0.388426 0.0151042 0.0583333 0.79343
0 0.52526 0.405556 0.0203125 0.0814815 0.809807
0 0.421354 0.405556 0.0260417 0.105556 0.884708
0 0.304167 0.439815 0.015625 0.087037 0.899258
0 0.135677 0.492593 0.0234375 0.122222 0.906634
0 0.983854 0.425926 0.0322917 0.218519 0.917303
