0 0.742188 0.369907 0.00833333 0.0435185 0.102491
0 0.649219 0.337963 0.0046875 0.0222222 0.109862
0 0.517969 0.38287 0.0109375 0.0398148 0.115219
0 0.336719 0.397685 0.0078125 0.037963 0.116909
0 0.535677 0.400463 0.0161458 0.0490741 0.123263
0 0.329167 0.324537 0.00625 0.025 0.124848
35 0.409896 0.463889 0.00729167 0.0166667 0.143077
0 0.858594 0.373148 0.0078125 0.05 0.147109
0 0.572917 0.377315 0.009375 0.0416667 0.147753
0 0.750781 0.36713 0.0119792 0.0435185 0.155951
0 0.559635 0.378241 0.00885417 0.037963 0.164891
0 0.143229 0.441204 0.0104167 0.0564815 0.176639
0 0.608854 0.360648 0.00625 0.0194444 0.181015
0 0.20625 0.338426 0.00625 0.0268519 0.184422
0 0.398958 0.390741 0.009375 0.0388889 0.186926
0 0.539844 0.368056 0.00989583 0.0212963 0.196733
0 0.705469 0.383333 0.00677083 0.0166667 0.210249
0 0.180208 0.429167 0.00833333 0.0324074 0.215548
0 0.582812 0.378241 0.009375 0.037963 0.218295
0 0.121354 0.426389 0.00729167 0.0231481 0.273982
0 0.713802 0.367593 0.00885417 0.0388889 0.276346
0 0.157813 0.4375 0.00729167 0.0509259 0.321173
0 0.619531 0.368981 0.00989583 0.0398148 0.329564
0 0.813802 0.373148 0.00885417 0.05 0.331304
0 0.852344 0.375463 0.00885417 0.0472222 0.338179
0 0.426302 0.389352 0.00885417 0.0416667 0.346633
0 0.503385 0.380093 0.00885417 0.0342593 0.38526
0 0.777344 0.371296 0.00989583 0.0462963 0.400289
0 0.0776042 0.446296 0.0114583 0.0425926 0.406255
0 0.790365 0.369444 0.00989583 0.0555556 0.417496
0 0.461458 0.387963 0.009375 0.0444444 0.434511
0 0.797656 0.380093 0.0151042 0.0453704 0.44766
0 0.823698 0.371759 0.0109375 0.0564815 0.450159
0 0.883854 0.375 0.0114583 0.0462963 0.470964
0 0.0523437 0.450463 0.0109375 0.0490741 0.480794
0 0.214062 0.419444 0.009375 0.0425926 0.499214
0 0.864583 0.370833 0.009375 0.0564815 0.499758
0 0.696875 0.369444 0.00833333 0.0425926 0.504019
0 0.222917 0.421296 0.0125 0.0481481 0.526362
0 0.164323 0.433796 0.0109375 0.0564815 0.538762
0 0.00520833 0.465278 0.0104167 0.0453704 0.605935
0 0.238021 0.425463 0.009375 0.0472222 0.618396
0 0.541146 0.405093 0.0135417 0.0546296 0.63589
0 0.135937 0.443519 0.0135417 0.062963 0.662134
0 0.575781 0.425463 0.0255208 0.0824074 0.672029
0 0.258594 0.421759 0.0119792 0.0490741 0.676655
0 0.909115 0.390741 0.0119792 0.0296296 0.716444
0 0.560677 0.426389 0.0203125 0.087963 0.740135
32 0.577344 0.463889 0.00989583 0.0148148 0.822579
0 0.440625 0.4125 0.0177083 0.108333 0.860906
0 0.71849 0.403704 0.0234375 0.0685185 0.871321
0 0.404167 0.446296 0.01875 0.1 0.876992
0 0.759635 0.403704 0.0182292 0.0740741 0.883944
0 0.380469 0.455556 0.0286458 0.0981481 0.901663
0 0.106771 0.497685 0.01875 0.121296 0.905826
