0 0.689323 0.35 0.0109375 0.0203704 0.104456
35 0.147135 0.5 0.00677083 0.0148148 0.107821
0 0.669271 0.362963 0.00729167 0.0388889 0.11072
0 0.759896 0.363426 0.0114583 0.0527778 0.111853
0 0.679427 0.362037 0.00885417 0.0425926 0.112593
0 0.750521 0.365741 0.009375 0.0462963 0.114131
0 0.265625 0.401852 0.00833333 0.0388889 0.132374
0 0.508333 0.369907 0.009375 0.0398148 0.136806
0 0.514063 0.368519 0.00625 0.037037 0.138454
0 0.64349 0.377778 0.00572917 0.0148148 0.154367
0 0.3375 0.387963 0.009375 0.0296296 0.158949
0 0.664844 0.363426 0.00677083 0.037963 0.163182
0 0.266927 0.325926 0.00572917 0.0259259 0.165159
0 0.440104 0.382407 0.0114583 0.0462963 0.165531
0 0.0229167 0.45787 0.0166667 0.0490741 0.177824
0 0.701563 0.363889 0.009375 0.0444444 0.181991
0 0.31849 0.396296 0.00885417 0.0407407 0.19517
0 0.485938 0.378241 0.00833333 0.0398148 0.197111
0 0.314583 0.394907 0.00729167 0.037963 0.206313
0 0.26901 0.401852 0.0078125 0.0388889 0.212361
0 0.238281 0.418519 0.00885417 0.0444444 0.227944
32 0.533073 0.437963 0.0078125 0.012963 0.2287
0 0.476823 0.379167 0.0078125 0.0398148 0.23026
0 0.909896 0.365741 0.009375 0.0444444 0.241133
0 0.609375 0.360648 0.00729167 0.0287037 0.244028
0 0.536979 0.406481 0.0145833 0.0703704 0.244661
0 0.0367187 0.448148 0.0078125 0.0407407 0.247885
36 0.455729 0.44537 0.0145833 0.00740741 0.249099
0 0.933594 0.378241 0.00677083 0.0287037 0.251471
0 0.416667 0.378704 0.00729167 0.0314815 0.280472
0 0.208854 0.414352 0.00729167 0.0305556 0.294117
0 0.169271 0.340741 0.00729167 0.0351852 0.294781
0 0.818229 0.365741 0.0104167 0.0425926 0.319783
0 0.714063 0.362963 0.009375 0.0444444 0.339288
0 0.39401 0.385185 0.0078125 0.0351852 0.344962
0 0.288281 0.4 0.00885417 0.0444444 0.351797
0 0.0575521 0.446759 0.00885417 0.037963 0.35359
0 0.727344 0.359722 0.00989583 0.0509259 0.366924
0 0.276042 0.401389 0.00625 0.0398148 0.376442
0 0.8 0.361111 0.00833333 0.0555556 0.42652
0 0.141146 0.342593 0.00625 0.0277778 0.46654
0 0.0908854 0.450463 0.00989583 0.0472222 0.488161
0 0.652604 0.363889 0.00833333 0.0407407 0.49694
0 0.0841146 0.45 0.00885417 0.05 0.519747
0 0.254167 0.415741 0.0114583 0.0481481 0.533693
0 0.84401 0.380556 0.0130208 0.0296296 0.566236
0 0.00677083 0.473148 0.0135417 0.0592593 0.586034
0 0.635156 0.362963 0.00885417 0.0425926 0.625336
0 0.584115 0.383333 0.00885417 0.0407407 0.65059
0 0.686979 0.381019 0.0135417 0.0509259 0.733372
0 0.546354 0.40787 0.0333333 0.0712963 0.767198
0 0.734115 0.381019 0.0203125 0.0601852 0.767968
0 0.960156 0.366204 0.0109375 0.062037 0.770712
0 0.453646 0.397222 0.0135417 0.0962963 0.822588
0 0.566406 0.396759 0.0182292 0.0694444 0.86887
0 0.329948 0.437963 0.0244792 0.0777778 0.87369
0 0.147917 0.488889 0.028125 0.116667 0.900023
0 0.990104 0.428704 0.0197917 0.22037 0.90242
