13 0.433594 0.393056 0.0286458 0.0268519 0.10524
0 0.28151 0.397685 0.0078125 0.0342593 0.105848
0 0.260938 0.327315 0.00625 0.025 0.11305
0 0.78776 0.364352 0.0078125 0.0546296 0.118506
0 0.163542 0.3375 0.00729167 0.0453704 0.120823
0 0.134896 0.343056 0.00625 0.0268519 0.124025
0 0.480469 0.378704 0.00885417 0.0407407 0.152226
36 0.414844 0.455556 0.0161458 0.0111111 0.152556
0 0.682552 0.360648 0.0119792 0.0398148 0.15853
0 0.532292 0.3625 0.0104167 0.0361111 0.158976
0 0.63776 0.37963 0.00572917 0.0148148 0.161976
0 0.339063 0.398148 0.0114583 0.05 0.162643
0 0.673958 0.366204 0.00729167 0.0435185 0.173317
0 0.753385 0.364815 0.0109375 0.0537037 0.182455
0 0.504427 0.375463 0.0109375 0.0416667 0.186846
0 0.492448 0.376852 0.0109375 0.0407407 0.188667
0 0.346875 0.393981 0.00833333 0.0398148 0.199276
0 0.129688 0.431481 0.00625 0.0314815 0.214901
0 0.46276 0.381944 0.0130208 0.0527778 0.219634
0 0.925 0.368981 0.009375 0.0490741 0.247489
0 0.708073 0.364352 0.00885417 0.0435185 0.276758
0 0.333333 0.399074 0.0125 0.05 0.279152
0 0.780729 0.368056 0.009375 0.0472222 0.286174
0 0.0809896 0.45 0.00677083 0.0481481 0.315959
0 0.720833 0.362037 0.0104167 0.0481481 0.327924
0 0.34375 0.394444 0.00833333 0.0425926 0.330615
0 0.357552 0.394444 0.0078125 0.0425926 0.361068
0 0.811979 0.36713 0.0104167 0.0435185 0.402424
0 0.646354 0.366667 0.00833333 0.0425926 0.412458
0 0.311719 0.396296 0.0078125 0.0407407 0.420742
0 0.79375 0.363889 0.00833333 0.0555556 0.432606
0 0.0890625 0.450926 0.0104167 0.0462963 0.471164
0 0.1875 0.424537 0.0104167 0.0509259 0.48187
36 0.31901 0.480093 0.0203125 0.00833333 0.502707
0 0.0119792 0.464352 0.00833333 0.0472222 0.515097
0 0.532031 0.388889 0.0161458 0.0388889 0.546319
0 0.630729 0.365741 0.00833333 0.0388889 0.551144
0 0.0408854 0.460185 0.0130208 0.0666667 0.569233
0 0.102604 0.437963 0.00833333 0.0537037 0.602588
0 0.195312 0.429167 0.0125 0.0435185 0.613347
0 0.0671875 0.441667 0.0104167 0.0481481 0.617472
0 0.953385 0.36713 0.00989583 0.062037 0.709312
0 0.210938 0.422685 0.0114583 0.0490741 0.71473
0 0.8375 0.382407 0.0125 0.0296296 0.733121
0 0.73151 0.391204 0.0140625 0.0694444 0.733362
0 0.463281 0.434259 0.0234375 0.087037 0.775808
0 0.533073 0.434722 0.0296875 0.0824074 0.836528
0 0.683854 0.396296 0.0135417 0.0574074 0.849764
0 0.41276 0.407407 0.0182292 0.107407 0.852445
0 0.31875 0.442593 0.01875 0.0796296 0.864445
0 0.986458 0.42963 0.0270833 0.218519 0.905241
0 0.585417 0.422222 0.0291667 0.0907407 0.909373
0 0.115104 0.497685 0.0239583 0.119444 0.90985
