0 0.0893229 0.431019 0.00989583 0.025 0.107969
0 0.152865 0.430556 0.00885417 0.0314815 0.108443
0 0.489062 0.380093 0.00729167 0.037963 0.133253
0 0.0716146 0.444444 0.00885417 0.0388889 0.141279
36 0.10026 0.553704 0.0203125 0.00925926 0.146477
0 0.300781 0.325463 0.00572917 0.025 0.182295
0 0.821875 0.372222 0.00729167 0.0444444 0.187739
0 0.827865 0.37037 0.0078125 0.0481481 0.193578
0 0.747656 0.367593 0.00885417 0.0425926 0.205324
0 0.852865 0.371296 0.00989583 0.0444444 0.220138
0 0.71224 0.368056 0.00677083 0.0435185 0.226484
0 0.176042 0.340741 0.00625 0.0277778 0.240511
0 0.109375 0.428241 0.00833333 0.0212963 0.244191
0 0.0992187 0.429167 0.0109375 0.0231481 0.271976
0 0.423438 0.384722 0.0135417 0.0546296 0.278423
0 0.58151 0.416204 0.0192708 0.0842593 0.283242
0 0.372396 0.392593 0.00729167 0.037037 0.293469
0 0.676562 0.381944 0.00625 0.0157407 0.305475
0 0.783854 0.370833 0.009375 0.0490741 0.306189
0 0.973958 0.375 0.0104167 0.0537037 0.3063
0 0.794271 0.369444 0.0104167 0.0537037 0.307933
0 0.13151 0.441204 0.0109375 0.0509259 0.333624
0 0.760938 0.365278 0.0104167 0.0490741 0.351017
0 0.126823 0.44213 0.0078125 0.0509259 0.361154
0 0.721094 0.365741 0.0119792 0.0444444 0.398394
0 0.834115 0.368056 0.00885417 0.0546296 0.421216
0 0.0151042 0.459259 0.0114583 0.05 0.422679
0 0.469792 0.381481 0.00833333 0.0351852 0.431776
0 0.508854 0.380093 0.009375 0.0453704 0.437757
0 0.109635 0.438889 0.00989583 0.0425926 0.442591
0 0.684896 0.368056 0.00833333 0.0435185 0.45537
0 0.0416667 0.451852 0.0125 0.0425926 0.465905
0 0.582292 0.393981 0.0177083 0.0398148 0.505712
0 0.198698 0.418981 0.00885417 0.0398148 0.537079
0 0.668229 0.367593 0.00833333 0.0425926 0.550302
0 0.39401 0.391204 0.0140625 0.0416667 0.582175
0 0.768229 0.378241 0.015625 0.0435185 0.587366
0 0.995313 0.371759 0.009375 0.0601852 0.610638
0 0.216406 0.427778 0.0119792 0.0481481 0.612073
0 0.527604 0.396296 0.0104167 0.0444444 0.626111
0 0.0645833 0.456481 0.0104167 0.0425926 0.636624
32 0.585417 0.464815 0.0104167 0.0166667 0.674232
0 0.235938 0.422685 0.0125 0.0472222 0.694461
0 0.878646 0.387963 0.0125 0.0296296 0.715754
0 0.574219 0.424074 0.0265625 0.0796296 0.720488
0 0.41875 0.442593 0.0260417 0.0962963 0.786305
0 0.179688 0.427778 0.0135417 0.0462963 0.790358
0 0.536719 0.403241 0.0151042 0.0546296 0.792633
0 0.0992187 0.497685 0.0192708 0.123148 0.852223
0 0.701042 0.400926 0.0197917 0.062963 0.867049
0 0.740365 0.401852 0.0203125 0.0685185 0.905626
0 0.36849 0.446759 0.0244792 0.0972222 0.91873
