0 0.767708 0.37037 0.00833333 0.0351852 0.100284
0 0.142969 0.426852 0.0078125 0.0333333 0.102484
0 0.746615 0.371296 0.00885417 0.0444444 0.103971
0 0.0822917 0.446759 0.00729167 0.0361111 0.104652
0 0.354688 0.393981 0.00729167 0.0342593 0.107332
0 0.0882813 0.447222 0.0109375 0.037037 0.109354
1 0.62526 0.382407 0.0109375 0.0240741 0.125294
0 0.864323 0.372685 0.0078125 0.0490741 0.125581
0 0.755729 0.366667 0.0125 0.0425926 0.126472
36 0.403385 0.490741 0.00989583 0.012963 0.131578
0 0.334896 0.324074 0.00625 0.0259259 0.176411
0 0.710417 0.384259 0.00625 0.0166667 0.185505
0 0.342969 0.398148 0.00885417 0.037037 0.189685
0 0.566146 0.378704 0.0104167 0.0388889 0.201165
13 0.0393229 0.458333 0.0317708 0.0277778 0.226921
0 0.578906 0.376852 0.00885417 0.0407407 0.230984
0 0.71901 0.368519 0.0078125 0.0388889 0.269508
0 0.81849 0.374074 0.0109375 0.05 0.278758
0 0.616146 0.365741 0.00625 0.0314815 0.280663
0 0.170312 0.434259 0.00833333 0.0537037 0.296793
0 0.858333 0.375463 0.00729167 0.0472222 0.305233
0 0.546875 0.375926 0.0104167 0.0388889 0.311241
0 0.58776 0.378241 0.00989583 0.037963 0.344596
0 0.511458 0.37963 0.009375 0.0333333 0.344974
0 0.233333 0.418981 0.00833333 0.0509259 0.345225
0 0.17526 0.425926 0.00677083 0.0407407 0.358148
0 0.626042 0.370833 0.0104167 0.0453704 0.362004
0 0.782552 0.370833 0.00989583 0.0453704 0.363755
0 0.211979 0.338889 0.00625 0.0259259 0.364322
0 0.108073 0.448148 0.0109375 0.0407407 0.3711
0 0.185417 0.428241 0.00729167 0.0342593 0.38025
0 0.829948 0.372222 0.0109375 0.0555556 0.391194
0 0.114063 0.438426 0.00833333 0.0435185 0.394906
0 0.0609375 0.450463 0.009375 0.0472222 0.402557
0 0.128646 0.43287 0.00729167 0.037963 0.409666
0 0.870573 0.371759 0.00885417 0.0564815 0.418307
0 0.151562 0.435185 0.0104167 0.0444444 0.428383
0 0.802865 0.381481 0.0140625 0.0444444 0.44651
0 0.795833 0.369444 0.0104167 0.0555556 0.454542
0 0.889583 0.375926 0.0104167 0.0444444 0.467674
0 0.144271 0.44213 0.0114583 0.0601852 0.471388
0 0.240625 0.426852 0.0114583 0.0444444 0.504119
0 0.165365 0.437963 0.00989583 0.05 0.508082
0 0.471354 0.387037 0.0125 0.0462963 0.548874
0 0.216667 0.419907 0.00833333 0.0398148 0.581052
0 0.702083 0.369907 0.00833333 0.0416667 0.604934
0 0.261198 0.421296 0.0119792 0.05 0.690795
0 0.0130208 0.464815 0.0135417 0.05 0.693723
0 0.915104 0.391667 0.0125 0.0296296 0.721753
0 0.538802 0.405556 0.0213542 0.062963 0.729269
32 0.56901 0.463889 0.00989583 0.0166667 0.75591
0 0.574479 0.423611 0.0375 0.0731481 0.799892
0 0.375521 0.452778 0.04375 0.1 0.848901
0 0.394792 0.446296 0.0260417 0.103704 0.856281
0 0.761979 0.404167 0.015625 0.0768519 0.874733
0 0.438281 0.412963 0.0192708 0.107407 0.881906
0 0.547656 0.427315 0.0328125 0.0898148 0.889293
0 0.722656 0.405556 0.0203125 0.0703704 0.901662
0 0.103906 0.502778 0.0244792 0.112963 0.902779
