0 0.884635 0.376852 0.0078125 0.05 0.106145
0 0.242708 0.423148 0.0104167 0.0444444 0.109857
0 0.916406 0.379167 0.00989583 0.0453704 0.110587
0 0.23776 0.337037 0.00572917 0.0259259 0.12405
0 0.794271 0.373148 0.009375 0.0444444 0.126828
0 0.593229 0.379167 0.00833333 0.0398148 0.127708
0 0.428906 0.386574 0.0078125 0.0324074 0.138252
35 0.419531 0.435185 0.0078125 0.0185185 0.140569
0 0.757552 0.372222 0.0078125 0.037037 0.145875
0 0.891667 0.375 0.00729167 0.05 0.148235
0 0.0302083 0.458796 0.009375 0.0361111 0.149668
0 0.773177 0.371759 0.0078125 0.0416667 0.183124
0 0.745573 0.36713 0.00885417 0.0342593 0.190281
0 0.197656 0.433333 0.00885417 0.05 0.221339
0 0.624219 0.377778 0.0078125 0.0388889 0.230211
0 0.228385 0.415741 0.00677083 0.0425926 0.230966
0 0.85651 0.374537 0.0119792 0.0546296 0.240031
0 0.782552 0.369444 0.0109375 0.0444444 0.240455
0 0.617969 0.375926 0.00677083 0.0407407 0.253725
0 0.377083 0.400463 0.009375 0.0564815 0.264383
0 0.523177 0.388426 0.0078125 0.037963 0.284619
0 0.846094 0.374537 0.00885417 0.0509259 0.292218
0 0.652865 0.366204 0.00677083 0.0305556 0.303266
0 0.164844 0.428241 0.00885417 0.0398148 0.313658
0 0.0976562 0.439815 0.0078125 0.0425926 0.321086
0 0.553125 0.380093 0.00833333 0.0324074 0.333
0 0.528385 0.383796 0.0119792 0.0435185 0.333385
0 0.125781 0.438426 0.0119792 0.0398148 0.337721
0 0.436979 0.388426 0.00729167 0.0342593 0.337862
0 0.394531 0.414815 0.0078125 0.0222222 0.345079
0 0.808594 0.373611 0.00885417 0.0472222 0.345371
0 0.251302 0.474537 0.0244792 0.0953704 0.381244
0 0.897917 0.374537 0.00833333 0.0564815 0.404762
0 0.667448 0.36713 0.00677083 0.037963 0.442198
0 0.822135 0.373148 0.0109375 0.0574074 0.443959
0 0.265625 0.422685 0.0125 0.0472222 0.447476
0 0.190885 0.433796 0.0140625 0.0601852 0.48496
0 0.110417 0.441667 0.0114583 0.0407407 0.486862
0 0.829427 0.384259 0.0151042 0.0444444 0.50551
0 0.942708 0.396296 0.0135417 0.0314815 0.50742
0 0.0690104 0.450926 0.00989583 0.0425926 0.517586
0 0.473958 0.386574 0.009375 0.0398148 0.523942
0 0.727083 0.369907 0.00833333 0.0416667 0.568397
0 0.307813 0.410185 0.0114583 0.0462963 0.596567
0 0.207292 0.432407 0.0125 0.05 0.598258
0 0.149219 0.443056 0.0109375 0.0416667 0.614779
0 0.50026 0.404167 0.0119792 0.0546296 0.643276
0 0.454427 0.386574 0.0109375 0.037963 0.66363
0 0.238542 0.477778 0.0489583 0.103704 0.725987
32 0.5 0.476389 0.0104167 0.0175926 0.852276
0 0.0434896 0.507407 0.0223958 0.111111 0.865843
0 0.732292 0.416204 0.0197917 0.0768519 0.883847
0 0.484115 0.439815 0.0317708 0.1 0.885855
0 0.58724 0.418519 0.0234375 0.0833333 0.90493
0 0.416927 0.42037 0.0338542 0.112963 0.91644
0 0.751823 0.414815 0.0213542 0.0814815 0.919151
