0 0.108073 0.44213 0.0078125 0.037963 0.102708
0 0.733854 0.36713 0.00833333 0.0342593 0.103421
13 0.0200521 0.451852 0.0390625 0.0611111 0.105199
0 0.395573 0.4125 0.00572917 0.0212963 0.105595
0 0.54974 0.380093 0.00677083 0.0453704 0.109157
0 0.096875 0.444907 0.00729167 0.0305556 0.113447
0 0.176042 0.432407 0.009375 0.0444444 0.114167
0 0.746354 0.371296 0.00729167 0.0388889 0.115685
0 0.724479 0.384722 0.00625 0.0175926 0.116994
13 0.0588542 0.455556 0.0322917 0.0259259 0.129447
0 0.349479 0.323148 0.00520833 0.0240741 0.130821
0 0.873698 0.377315 0.0078125 0.0472222 0.132381
0 0.0778646 0.438426 0.00677083 0.0287037 0.140462
0 0.423698 0.387963 0.00677083 0.0314815 0.149073
0 0.782292 0.372222 0.009375 0.0444444 0.150298
0 0.653646 0.367593 0.00729167 0.0351852 0.157068
0 0.834375 0.374537 0.00833333 0.0490741 0.17257
0 0.136198 0.438889 0.0078125 0.0388889 0.177536
0 0.60651 0.376389 0.00885417 0.0398148 0.188924
0 0.905729 0.376852 0.0114583 0.0462963 0.192146
0 0.226823 0.338426 0.00572917 0.025 0.192295
0 0.554948 0.378704 0.0078125 0.0462963 0.195554
0 0.60026 0.376389 0.0109375 0.0416667 0.20989
0 0.531771 0.37963 0.00729167 0.0333333 0.210243
0 0.103646 0.441667 0.00833333 0.037037 0.213123
0 0.181771 0.436111 0.00833333 0.0462963 0.224781
0 0.635938 0.368519 0.009375 0.0351852 0.229011
0 0.582292 0.378241 0.009375 0.0398148 0.243534
0 0.0859375 0.446296 0.009375 0.0425926 0.258013
0 0.797135 0.371759 0.00989583 0.0435185 0.264548
0 0.770573 0.368056 0.0130208 0.0453704 0.268416
0 0.148958 0.431019 0.00729167 0.037963 0.271265
0 0.189844 0.434722 0.00885417 0.0472222 0.294756
0 0.247396 0.425 0.0104167 0.0462963 0.301403
0 0.845573 0.373148 0.0119792 0.0555556 0.302468
0 0.565625 0.378241 0.0104167 0.0453704 0.314351
0 0.811198 0.368519 0.00989583 0.05 0.372515
0 0.00364583 0.467593 0.00729167 0.0388889 0.374723
0 0.21224 0.420833 0.00885417 0.0416667 0.37549
0 0.0106771 0.472222 0.00989583 0.0425926 0.385377
0 0.885938 0.372685 0.009375 0.0564815 0.385448
0 0.200521 0.428704 0.0114583 0.0574074 0.398826
0 0.240885 0.426852 0.0130208 0.0444444 0.424866
0 0.454167 0.388426 0.009375 0.037963 0.446543
0 0.167969 0.436111 0.0109375 0.0611111 0.450587
0 0.648177 0.368519 0.00989583 0.0407407 0.455783
0 0.817969 0.381944 0.0151042 0.0453704 0.4679
0 0.716406 0.37037 0.00885417 0.0425926 0.476198
0 0.49974 0.385648 0.00885417 0.0435185 0.503233
0 0.0421875 0.461574 0.0114583 0.0564815 0.518061
36 0.432552 0.461574 0.0182292 0.0175926 0.529668
0 0.130469 0.446296 0.0109375 0.0444444 0.611301
0 0.93099 0.393981 0.0140625 0.0305556 0.650667
0 0.266406 0.418056 0.0130208 0.0564815 0.700219
0 0.335417 0.459259 0.0197917 0.103704 0.720274
0 0.521354 0.434722 0.025 0.087963 0.799513
0 0.320833 0.466204 0.028125 0.0990741 0.83456
32 0.533854 0.465741 0.009375 0.0166667 0.837087
0 0.763021 0.406481 0.0197917 0.0851852 0.862285
0 0.732292 0.408333 0.0239583 0.0759259 0.873875
0 0.432292 0.413889 0.0166667 0.107407 0.88941
0 0.0783854 0.505556 0.0192708 0.112963 0.922811
0 0.578646 0.423148 0.03125 0.0777778 0.940226
