0 0.50599 0.365741 0.00677083 0.0333333 0.106978
0 0.789323 0.363426 0.0078125 0.0490741 0.126404
0 0.745833 0.363889 0.0104167 0.05 0.132739
0 0.316146 0.396296 0.009375 0.0333333 0.145788
0 0.660156 0.363426 0.00677083 0.037963 0.148057
0 0.476562 0.378704 0.009375 0.0388889 0.151516
0 0.588542 0.362037 0.00625 0.0314815 0.161518
0 0.0234375 0.456944 0.0114583 0.0361111 0.167432
0 0.332812 0.387963 0.009375 0.0296296 0.168843
0 0.165104 0.339815 0.00625 0.0388889 0.177573
0 0.278646 0.402315 0.0104167 0.0472222 0.177706
0 0.696615 0.363426 0.00989583 0.0416667 0.180603
0 0.416667 0.381481 0.009375 0.0462963 0.185738
0 0.755729 0.362963 0.0104167 0.0537037 0.188641
0 0.928646 0.378704 0.00625 0.0296296 0.208461
0 0.683854 0.360185 0.0114583 0.0425926 0.213438
0 0.639063 0.377315 0.00625 0.0157407 0.220746
0 0.783073 0.365278 0.0078125 0.0490741 0.227218
0 0.467708 0.378241 0.00833333 0.0416667 0.233538
0 0.67526 0.362963 0.0078125 0.0444444 0.23746
0 0.813802 0.365741 0.00885417 0.0407407 0.237844
0 0.407031 0.37963 0.00677083 0.0314815 0.244069
0 0.26276 0.325926 0.00572917 0.0259259 0.250787
36 0.13776 0.541667 0.0213542 0.012963 0.254998
0 0.371354 0.39537 0.00729167 0.0407407 0.275848
0 0.433594 0.382407 0.00989583 0.0481481 0.276807
0 0.00520833 0.461111 0.0104167 0.0462963 0.28269
0 0.240625 0.41713 0.00833333 0.0453704 0.285693
0 0.496875 0.370833 0.0104167 0.0398148 0.287444
0 0.382812 0.390278 0.009375 0.0435185 0.320989
0 0.723177 0.359722 0.00989583 0.0490741 0.345184
0 0.647656 0.364352 0.00885417 0.0398148 0.34867
0 0.709635 0.362963 0.00885417 0.0462963 0.368306
0 0.308073 0.398148 0.00885417 0.0425926 0.373828
0 0.136458 0.343519 0.00625 0.0259259 0.390289
0 0.732552 0.370833 0.00885417 0.0416667 0.393749
0 0.579948 0.38287 0.00989583 0.0416667 0.418911
0 0.26901 0.409259 0.00989583 0.05 0.443302
0 0.795052 0.361574 0.00885417 0.0546296 0.446632
0 0.0286458 0.450463 0.00833333 0.0435185 0.452366
0 0.0851562 0.450926 0.00885417 0.0462963 0.549944
0 0.0789063 0.450926 0.00989583 0.05 0.57296
0 0.0481771 0.449074 0.0109375 0.0388889 0.631449
0 0.25625 0.413426 0.0125 0.0509259 0.632152
0 0.630208 0.362963 0.00833333 0.0425926 0.656413
0 0.741146 0.386574 0.0166667 0.0490741 0.674794
0 0.839063 0.37963 0.0125 0.0296296 0.700166
0 0.527865 0.406019 0.0151042 0.0657407 0.733088
0 0.54349 0.406481 0.0276042 0.0722222 0.748504
0 0.686979 0.383796 0.0145833 0.0490741 0.752338
32 0.54401 0.443056 0.00885417 0.0138889 0.802409
0 0.319531 0.438889 0.0171875 0.0777778 0.805632
0 0.454688 0.398611 0.0145833 0.0990741 0.807797
0 0.954687 0.364815 0.0104167 0.0592593 0.807815
0 0.569792 0.393519 0.0125 0.0722222 0.810138
0 0.134115 0.488889 0.0244792 0.12037 0.895416
0 0.98776 0.425926 0.0244792 0.216667 0.919087
