0 0.674219 0.360185 0.0078125 0.0388889 0.108571
0 0.172917 0.340741 0.009375 0.0314815 0.112017
0 0.782292 0.364815 0.00729167 0.0462963 0.112488
0 0.663281 0.361574 0.00677083 0.037963 0.117593
0 0.683333 0.348611 0.0114583 0.0212963 0.119293
0 0.788542 0.362963 0.00833333 0.05 0.127592
38 0.966146 0.42963 0.0166667 0.00925926 0.128168
0 0.164323 0.340278 0.00677083 0.0361111 0.136569
0 0.507812 0.375926 0.00729167 0.0351852 0.137159
0 0.754948 0.362037 0.00989583 0.0537037 0.140181
0 0.708333 0.35787 0.009375 0.0342593 0.147781
0 0.545052 0.401852 0.0119792 0.0666667 0.156388
0 0.638542 0.377315 0.00625 0.0157407 0.159314
0 0.721875 0.359259 0.0104167 0.05 0.159833
0 0.659115 0.362963 0.0078125 0.0407407 0.168002
0 0.135417 0.343519 0.00625 0.0277778 0.17907
0 0.813281 0.363889 0.0109375 0.0462963 0.188144
0 0.33151 0.393981 0.00989583 0.0453704 0.201422
0 0.422135 0.377778 0.00677083 0.0296296 0.206965
0 0.261458 0.325926 0.00625 0.0259259 0.211369
0 0.516927 0.368056 0.00989583 0.0416667 0.211418
0 0.325 0.395833 0.0104167 0.0435185 0.227784
0 0.477865 0.377778 0.00885417 0.0407407 0.229023
0 0.488281 0.377315 0.00885417 0.0398148 0.230071
0 0.17474 0.42037 0.00677083 0.0296296 0.283097
0 0.461979 0.377315 0.0114583 0.0453704 0.283758
0 0.0588542 0.445833 0.00833333 0.0416667 0.305186
0 0.286979 0.398611 0.0104167 0.0416667 0.310638
0 0.00520833 0.464815 0.0104167 0.0574074 0.313377
0 0.358333 0.396296 0.00729167 0.0407407 0.31365
0 0.0359375 0.45 0.00833333 0.0462963 0.319633
0 0.400521 0.383796 0.00833333 0.0361111 0.337055
0 0.630469 0.362037 0.00885417 0.0425926 0.343642
0 0.447396 0.380556 0.009375 0.0481481 0.36474
0 0.794271 0.361111 0.00833333 0.0555556 0.399179
0 0.229948 0.418519 0.00885417 0.0481481 0.433246
0 0.0450521 0.452778 0.00989583 0.0518519 0.451943
0 0.728906 0.369907 0.0109375 0.0453704 0.461638
0 0.647396 0.362963 0.00833333 0.0425926 0.46178
0 0.0763021 0.452315 0.00885417 0.0509259 0.498644
0 0.0901042 0.448148 0.0104167 0.0518519 0.577943
36 0.439323 0.447222 0.0182292 0.0111111 0.598588
0 0.0151042 0.468056 0.0145833 0.0638889 0.608422
0 0.573438 0.379167 0.009375 0.0490741 0.612282
0 0.21849 0.421296 0.0119792 0.0481481 0.617024
0 0.838542 0.379167 0.0125 0.0305556 0.686102
0 0.235938 0.414815 0.0114583 0.0537037 0.693826
0 0.953385 0.364352 0.0109375 0.0601852 0.700118
32 0.527604 0.437963 0.00833333 0.012963 0.712344
0 0.553646 0.405093 0.025 0.062037 0.751202
0 0.532552 0.404167 0.0192708 0.0657407 0.762798
0 0.711198 0.386574 0.0151042 0.0527778 0.780458
0 0.682031 0.385185 0.0171875 0.0574074 0.817682
0 0.43724 0.401389 0.0182292 0.100926 0.820435
0 0.313021 0.434722 0.0145833 0.0842593 0.841148
0 0.14401 0.493056 0.0255208 0.117593 0.903768
0 0.986979 0.425926 0.0260417 0.218519 0.908743
