0 0.438542 0.378241 0.00833333 0.037963 0.10985
0 0.669531 0.364815 0.00677083 0.0425926 0.114628
0 0.654688 0.365741 0.00729167 0.037037 0.119152
0 0.33724 0.398611 0.0119792 0.0490741 0.121441
0 0.277344 0.398148 0.0078125 0.0351852 0.124206
0 0.485677 0.378241 0.0078125 0.0398148 0.139751
0 0.257812 0.402778 0.00833333 0.0388889 0.145102
0 0.433073 0.377315 0.00677083 0.0305556 0.18372
0 0.13125 0.343519 0.00625 0.0259259 0.189363
0 0.783594 0.365278 0.0078125 0.0472222 0.19737
0 0.472135 0.37963 0.0109375 0.0425926 0.197506
0 0.74974 0.364815 0.0109375 0.0537037 0.22157
0 0.341406 0.397685 0.00885417 0.0490741 0.222567
0 0.678385 0.35787 0.0119792 0.0342593 0.235641
0 0.776823 0.368519 0.00885417 0.0425926 0.243082
0 0.634115 0.378704 0.00572917 0.0166667 0.307745
0 0.703385 0.364352 0.00989583 0.0435185 0.34239
0 0.717708 0.361574 0.0104167 0.0490741 0.348858
0 0.53099 0.394907 0.00989583 0.0509259 0.349108
0 0.303125 0.396759 0.00625 0.0398148 0.363114
0 0.454948 0.37963 0.0119792 0.0462963 0.369297
0 0.808333 0.36713 0.009375 0.0416667 0.388241
0 0.53724 0.387037 0.00885417 0.05 0.410285
0 0.642708 0.364815 0.00833333 0.0425926 0.450137
0 0.0591146 0.444444 0.0161458 0.0462963 0.46882
0 0.199479 0.427315 0.0114583 0.0435185 0.505348
0 0.0768229 0.451389 0.00885417 0.0490741 0.53254
0 0.789844 0.363426 0.00885417 0.0546296 0.53611
0 0.626562 0.365741 0.00833333 0.0407407 0.633958
0 0.0864583 0.445833 0.0135417 0.0601852 0.6438
0 0.191927 0.423611 0.0119792 0.0546296 0.646576
0 0.00546875 0.468519 0.0109375 0.0407407 0.691022
0 0.833333 0.381481 0.0125 0.0296296 0.750855
0 0.21224 0.423611 0.0119792 0.0472222 0.750905
0 0.948958 0.367593 0.0104167 0.062963 0.774944
0 0.523698 0.424537 0.0171875 0.0861111 0.776825
0 0.730469 0.389815 0.0171875 0.0685185 0.782927
0 0.0317708 0.463426 0.0208333 0.0675926 0.797476
0 0.679427 0.391204 0.0161458 0.062037 0.816572
0 0.311979 0.442593 0.0166667 0.087037 0.864012
0 0.477865 0.430093 0.0213542 0.0861111 0.879153
0 0.410937 0.406019 0.015625 0.108333 0.883105
0 0.570312 0.422222 0.0239583 0.0796296 0.910983
0 0.132812 0.497222 0.0333333 0.12037 0.91274
0 0.984635 0.428704 0.0307292 0.218519 0.919829
