0 0.881771 0.373611 0.00833333 0.0546296 0.100924
0 0.87526 0.375926 0.0078125 0.05 0.103097
0 0.835677 0.374537 0.00885417 0.0472222 0.103103
0 0.763281 0.37037 0.0078125 0.0425926 0.103358
0 0.726562 0.394907 0.00729167 0.0398148 0.11354
0 0.0820312 0.444907 0.00677083 0.0416667 0.113937
0 0.139583 0.433333 0.00833333 0.0407407 0.118275
0 0.735417 0.368519 0.00833333 0.0333333 0.124623
0 0.747917 0.372222 0.009375 0.0407407 0.126773
0 0.784375 0.372222 0.009375 0.0462963 0.150661
0 0.107031 0.440741 0.0078125 0.0388889 0.151049
0 0.192188 0.434722 0.00833333 0.0453704 0.163782
0 0.152344 0.42963 0.0078125 0.0388889 0.166667
0 0.370052 0.393981 0.0078125 0.0361111 0.170134
0 0.0903646 0.446759 0.00885417 0.0416667 0.176225
0 0.363802 0.394907 0.00989583 0.0398148 0.178338
0 0.50599 0.419907 0.0130208 0.0472222 0.201657
0 0.0078125 0.467593 0.00833333 0.0388889 0.210223
0 0.846094 0.372685 0.0140625 0.0564815 0.212108
0 0.314063 0.437037 0.0197917 0.0462963 0.212731
0 0.906771 0.376852 0.0114583 0.0481481 0.223509
0 0.772656 0.368056 0.0119792 0.0453704 0.228229
0 0.19974 0.426389 0.0078125 0.0324074 0.233953
0 0.536719 0.378704 0.0078125 0.0351852 0.253568
0 0.555729 0.380093 0.0104167 0.0453704 0.257816
0 0.567708 0.378704 0.0104167 0.0444444 0.261966
0 0.24401 0.425926 0.00885417 0.0462963 0.278242
0 0.798437 0.373148 0.0104167 0.0444444 0.289619
0 0.436458 0.388889 0.0104167 0.0407407 0.302644
0 0.638281 0.366667 0.0109375 0.0314815 0.314263
0 0.6625 0.369444 0.0104167 0.0425926 0.316118
0 0.583854 0.378241 0.009375 0.0398148 0.31704
0 0.208073 0.419907 0.0078125 0.0435185 0.324948
0 0.504948 0.384259 0.00677083 0.0425926 0.327316
0 0.278646 0.413889 0.0114583 0.0481481 0.343129
0 0.133073 0.444444 0.00989583 0.0425926 0.348358
0 0.8125 0.371759 0.0104167 0.0564815 0.353496
0 0.8875 0.373148 0.009375 0.0592593 0.356761
0 0.239323 0.429167 0.0109375 0.0416667 0.369861
0 0.0145833 0.47037 0.0104167 0.0462963 0.376067
0 0.184635 0.435648 0.0119792 0.0472222 0.37906
0 0.266406 0.421759 0.0130208 0.0472222 0.383301
0 0.173698 0.436574 0.0130208 0.0601852 0.386249
0 0.603646 0.377315 0.0125 0.0416667 0.414941
0 0.651563 0.367593 0.00625 0.0388889 0.418372
0 0.820052 0.381944 0.0161458 0.0453704 0.492522
0 0.717969 0.37037 0.0078125 0.0425926 0.500464
0 0.457292 0.3875 0.0145833 0.0416667 0.534175
0 0.0473958 0.456019 0.0114583 0.0453704 0.57398
32 0.52474 0.468519 0.0109375 0.0185185 0.664701
0 0.932552 0.393981 0.0130208 0.0305556 0.678105
0 0.734896 0.410185 0.0177083 0.0777778 0.823925
0 0.509896 0.437963 0.0260417 0.087037 0.839428
0 0.759375 0.411111 0.021875 0.0796296 0.858458
0 0.29349 0.471296 0.0421875 0.109259 0.870157
0 0.429427 0.418981 0.0296875 0.112037 0.883237
0 0.577604 0.423148 0.0333333 0.0796296 0.938239
0 0.06875 0.506019 0.0208333 0.112037 0.944845
