0 0.759635 0.363426 0.0119792 0.0527778 0.101252
0 0.727344 0.347222 0.00989583 0.0240741 0.108903
0 0.679427 0.362037 0.00885417 0.0407407 0.113834
0 0.74974 0.366204 0.00885417 0.0453704 0.123924
36 0.326823 0.472222 0.0109375 0.00925926 0.130949
36 0.455469 0.443981 0.0151042 0.0101852 0.135824
0 0.689062 0.351852 0.0104167 0.0240741 0.147733
0 0.66875 0.362963 0.00729167 0.0388889 0.148004
0 0.597656 0.368981 0.00885417 0.0361111 0.14915
0 0.486198 0.377778 0.00885417 0.0388889 0.16284
0 0.727865 0.359722 0.0109375 0.0509259 0.164956
0 0.64375 0.377315 0.00625 0.0157407 0.169839
0 0.910156 0.364815 0.00989583 0.0462963 0.173488
0 0.476823 0.378241 0.0078125 0.0416667 0.174007
0 0.664844 0.362963 0.00677083 0.0388889 0.189693
0 0.441667 0.381481 0.0114583 0.0462963 0.190165
0 0.933594 0.378241 0.00677083 0.0287037 0.195603
0 0.320312 0.395833 0.00729167 0.0416667 0.196188
0 0.515104 0.369444 0.00729167 0.0407407 0.201335
0 0.33776 0.388889 0.00885417 0.0296296 0.205247
0 0.508854 0.37037 0.009375 0.0388889 0.223082
0 0.0375 0.447685 0.00729167 0.0416667 0.224286
0 0.169271 0.340741 0.00729167 0.0333333 0.226383
0 0.701563 0.364352 0.009375 0.0435185 0.23698
0 0.315104 0.39537 0.00625 0.0351852 0.258405
0 0.20651 0.414352 0.0078125 0.0287037 0.297033
0 0.817708 0.365741 0.009375 0.0425926 0.303865
0 0.235938 0.418519 0.009375 0.0462963 0.343098
0 0.714323 0.362037 0.00989583 0.0444444 0.358519
0 0.73776 0.369907 0.0109375 0.0453704 0.359127
0 0.290885 0.405093 0.0130208 0.0546296 0.387139
0 0.0260417 0.458796 0.0145833 0.0490741 0.387448
0 0.141406 0.34213 0.00572917 0.0287037 0.3928
0 0.61224 0.362963 0.00885417 0.0351852 0.401891
0 0.417188 0.37963 0.00625 0.0314815 0.406921
0 0.372135 0.395833 0.0078125 0.0435185 0.408738
0 0.0919271 0.449537 0.0109375 0.0472222 0.42189
0 0.79974 0.361111 0.0078125 0.0555556 0.429855
0 0.0580729 0.446759 0.00885417 0.037963 0.438522
0 0.252604 0.416204 0.0104167 0.0490741 0.450789
0 0.277604 0.401389 0.00625 0.037963 0.462337
36 0.15 0.541667 0.0270833 0.012963 0.465843
0 0.395573 0.386111 0.00989583 0.037037 0.49789
0 0.652604 0.364352 0.00833333 0.0416667 0.516615
0 0.084375 0.450463 0.009375 0.0490741 0.517256
0 0.539583 0.403241 0.009375 0.0657407 0.529487
0 0.732292 0.381019 0.021875 0.0601852 0.533867
0 0.84401 0.380093 0.0130208 0.0287037 0.558166
0 0.266927 0.401852 0.00885417 0.0388889 0.58656
0 0.635417 0.362963 0.009375 0.0425926 0.643441
0 0.584375 0.382407 0.009375 0.0407407 0.668791
0 0.0078125 0.470833 0.015625 0.0601852 0.701401
32 0.533073 0.437963 0.0078125 0.012963 0.765552
0 0.55 0.404167 0.0208333 0.0712963 0.775854
0 0.960156 0.366204 0.0109375 0.062037 0.777525
0 0.686458 0.38287 0.0135417 0.0490741 0.790556
0 0.453125 0.399074 0.0145833 0.0981481 0.79564
0 0.329688 0.438889 0.0239583 0.0740741 0.87823
0 0.147396 0.488426 0.0239583 0.115741 0.879118
0 0.566406 0.396296 0.0192708 0.0703704 0.880403
0 0.990104 0.428241 0.0197917 0.219444 0.906802
