0 0.621615 0.358796 0.0109375 0.0416667 0.111303
0 0.86224 0.372222 0.00677083 0.0240741 0.118037
0 0.605208 0.3625 0.00625 0.0361111 0.122715
36 0.123438 0.542593 0.0197917 0.012963 0.132492
0 0.578646 0.376852 0.00625 0.0148148 0.135177
0 0.802865 0.359259 0.00989583 0.0462963 0.137937
0 0.751823 0.361574 0.0119792 0.0398148 0.16696
0 0.336458 0.390741 0.00833333 0.0462963 0.200113
0 0.599219 0.3625 0.0078125 0.037963 0.200459
0 0.199479 0.329167 0.00625 0.025 0.206217
0 0.328906 0.391667 0.00989583 0.05 0.218848
0 0.673177 0.361111 0.00885417 0.0481481 0.22025
0 0.691146 0.359259 0.0104167 0.0518519 0.227028
0 0.404687 0.372685 0.00833333 0.0342593 0.239513
0 0.309896 0.390278 0.00729167 0.0416667 0.264629
0 0.260938 0.404167 0.00833333 0.0398148 0.268714
0 0.294271 0.39213 0.00833333 0.0324074 0.273594
0 0.203646 0.410185 0.00729167 0.0407407 0.283811
0 0.648438 0.361111 0.009375 0.0425926 0.332735
0 0.732031 0.358796 0.00885417 0.0527778 0.343849
0 0.209635 0.408333 0.00885417 0.0444444 0.348366
0 0.776302 0.375926 0.0109375 0.0296296 0.356168
0 0.88724 0.361574 0.00885417 0.0601852 0.358071
0 0.382812 0.38287 0.0135417 0.0490741 0.376873
0 0.367188 0.3875 0.009375 0.0435185 0.39124
0 0.661719 0.358333 0.00989583 0.05 0.405933
0 0.5875 0.363889 0.00833333 0.0425926 0.443567
0 0.679167 0.371759 0.009375 0.0435185 0.450664
0 0.253646 0.40787 0.009375 0.0472222 0.471591
0 0.353385 0.392593 0.00989583 0.0407407 0.485048
0 0.214323 0.407407 0.00677083 0.0351852 0.48638
0 0.570573 0.3625 0.00989583 0.0398148 0.501047
0 0.0703125 0.349537 0.00625 0.0287037 0.507518
0 0.13125 0.425 0.0114583 0.0444444 0.52222
0 0.240104 0.411574 0.009375 0.0453704 0.542589
0 0.964063 0.369907 0.0104167 0.0546296 0.610207
0 0.195052 0.412963 0.00989583 0.0462963 0.612189
0 0.535417 0.380556 0.00833333 0.0444444 0.620839
0 0.766146 0.382407 0.0166667 0.0592593 0.664313
0 0.628385 0.377315 0.0119792 0.0546296 0.66775
0 0.723698 0.386574 0.0109375 0.062037 0.680168
0 0.0776042 0.443056 0.0135417 0.0546296 0.710532
0 0.557552 0.385185 0.00989583 0.0425926 0.737018
32 0.80651 0.401852 0.00572917 0.0111111 0.755112
0 0.697656 0.390278 0.0151042 0.0787037 0.789306
0 0.501562 0.386111 0.015625 0.0944444 0.804354
0 0.745313 0.398148 0.0166667 0.0722222 0.812159
0 0.28724 0.457407 0.0234375 0.122222 0.856488
0 0.119531 0.486111 0.0223958 0.125926 0.862103
0 0.93125 0.415278 0.034375 0.200926 0.89467
