0 0.0289063 0.451389 0.0109375 0.0435185 0.101107
0 0.678646 0.348148 0.0114583 0.0203704 0.104091
0 0.49349 0.376852 0.00677083 0.0351852 0.105301
0 0.488802 0.376852 0.0078125 0.037037 0.109752
35 0.528646 0.413426 0.00833333 0.0175926 0.133785
0 0.654688 0.363426 0.00729167 0.0398148 0.134056
0 0.258073 0.401852 0.00677083 0.037037 0.145581
0 0.277083 0.397222 0.00729167 0.037037 0.162728
0 0.257292 0.325463 0.00520833 0.025 0.166895
0 0.783594 0.363426 0.0078125 0.0472222 0.167395
0 0.703906 0.362037 0.00885417 0.0425926 0.170937
0 0.808594 0.364815 0.00989583 0.0407407 0.199481
0 0.321354 0.398148 0.0135417 0.0481481 0.200032
0 0.739844 0.364352 0.0078125 0.0472222 0.205505
0 0.477083 0.375463 0.00833333 0.0416667 0.217296
0 0.777344 0.365278 0.0078125 0.0435185 0.221959
0 0.33125 0.399074 0.009375 0.0444444 0.225819
0 0.157813 0.424537 0.00833333 0.0287037 0.241868
0 0.716927 0.355093 0.00989583 0.0416667 0.247887
0 0.463281 0.377778 0.00989583 0.0462963 0.272307
0 0.642708 0.363426 0.00833333 0.0416667 0.348015
0 0.516146 0.366667 0.0114583 0.0425926 0.357025
0 0.289583 0.399537 0.0114583 0.0416667 0.38114
0 0.0158854 0.466667 0.0182292 0.0648148 0.399359
0 0.20625 0.423148 0.009375 0.0481481 0.429661
0 0.130729 0.343981 0.00625 0.0268519 0.437258
0 0.217708 0.420833 0.009375 0.0490741 0.444406
0 0.724219 0.370833 0.00989583 0.0435185 0.446886
0 0.446875 0.379167 0.0114583 0.0453704 0.449965
0 0.0385417 0.447685 0.009375 0.0453704 0.469389
32 0.524219 0.436574 0.00677083 0.0101852 0.484324
0 0.789844 0.361111 0.00885417 0.0537037 0.488068
0 0.349219 0.399537 0.0119792 0.0416667 0.514457
0 0.400521 0.383796 0.00833333 0.0342593 0.535375
0 0.56276 0.384259 0.0109375 0.0444444 0.564273
0 0.62526 0.362963 0.0078125 0.0425926 0.606647
0 0.0723958 0.452315 0.009375 0.0509259 0.632145
0 0.224479 0.417593 0.0135417 0.0537037 0.645608
0 0.0864583 0.450463 0.0125 0.0490741 0.674311
0 0.544531 0.4 0.0171875 0.062963 0.682701
0 0.948438 0.364815 0.0104167 0.062963 0.688232
0 0.516406 0.406944 0.0213542 0.0712963 0.698357
0 0.532292 0.400926 0.0177083 0.0740741 0.706194
0 0.0572917 0.450926 0.0166667 0.0555556 0.719655
0 0.710417 0.386111 0.0114583 0.0574074 0.728073
0 0.833594 0.378704 0.0130208 0.0296296 0.736301
0 0.679688 0.3875 0.0135417 0.0564815 0.759276
0 0.305729 0.439352 0.0145833 0.0861111 0.874098
0 0.424479 0.404167 0.021875 0.102778 0.890881
0 0.136979 0.493056 0.0229167 0.121296 0.897385
0 0.984635 0.425463 0.0307292 0.217593 0.92001
