0 0.257031 0.394907 0.0078125 0.0324074 0.117498
0 0.303646 0.39537 0.0145833 0.05 0.123667
38 0.90026 0.404167 0.0109375 0.0194444 0.124084
0 0.846875 0.372685 0.00625 0.0268519 0.136526
0 0.622135 0.361111 0.00989583 0.0425926 0.137035
0 0.584635 0.3625 0.00677083 0.037963 0.137167
0 0.555208 0.355556 0.00833333 0.0240741 0.141246
0 0.158333 0.419907 0.009375 0.0453704 0.141307
0 0.783854 0.356019 0.00833333 0.0453704 0.147862
0 0.0966146 0.423611 0.00885417 0.0324074 0.150533
0 0.735417 0.3625 0.009375 0.0416667 0.194838
0 0.940885 0.349537 0.00572917 0.0194444 0.260571
0 0.608073 0.358796 0.0119792 0.0435185 0.266238
0 0.184375 0.330556 0.00625 0.0259259 0.27258
0 0.678906 0.359722 0.0109375 0.0527778 0.309237
0 0.572656 0.363889 0.00885417 0.0407407 0.317944
0 0.236719 0.411111 0.0078125 0.0425926 0.325024
0 0.266146 0.395833 0.009375 0.0342593 0.352979
0 0.28125 0.396296 0.009375 0.05 0.353852
0 0.343229 0.388426 0.0114583 0.0472222 0.35471
0 0.358073 0.386111 0.0109375 0.0481481 0.378116
0 0.647135 0.35787 0.00989583 0.0490741 0.38947
0 0.379427 0.375 0.0078125 0.037037 0.403791
0 0.760938 0.389352 0.0166667 0.0472222 0.40561
0 0.230729 0.406944 0.00833333 0.0416667 0.416327
0 0.657292 0.362037 0.0104167 0.0462963 0.420033
0 0.330208 0.389815 0.009375 0.0425926 0.46139
0 0.716927 0.358796 0.00989583 0.0509259 0.464806
0 0.178125 0.414815 0.00833333 0.0388889 0.482088
0 0.195312 0.406944 0.009375 0.0324074 0.499694
0 0.252344 0.409722 0.0140625 0.0435185 0.509913
0 0.0536458 0.350926 0.00625 0.0296296 0.522036
0 0.669271 0.369444 0.009375 0.0407407 0.568459
0 0.946354 0.374074 0.00729167 0.0407407 0.638313
0 0.982292 0.360648 0.00729167 0.0342593 0.640803
0 0.16875 0.418519 0.0125 0.0462963 0.641861
0 0.870052 0.359259 0.0109375 0.0574074 0.675472
0 0.63151 0.373148 0.0130208 0.0574074 0.686507
0 0.535677 0.378704 0.0109375 0.0462963 0.705783
0 0.557813 0.383333 0.0104167 0.0425926 0.725669
32 0.838802 0.401389 0.00572917 0.012037 0.807584
0 0.0315104 0.455093 0.0151042 0.0601852 0.809712
0 0.747917 0.390741 0.015625 0.0796296 0.811478
0 0.705469 0.3875 0.0130208 0.0638889 0.818021
0 0.103906 0.490278 0.0276042 0.125 0.861672
0 0.311979 0.455556 0.03125 0.127778 0.863414
0 0.510938 0.384722 0.0197917 0.0898148 0.872699
0 0.914323 0.4125 0.0348958 0.199074 0.892249
