0 0.213281 0.407407 0.00989583 0.0407407 0.100552
0 0.878906 0.374074 0.00572917 0.0277778 0.111175
0 0.980208 0.376389 0.00833333 0.0490741 0.121524
29 0.111458 0.498611 0.00729167 0.0157407 0.125344
38 0.932552 0.406944 0.0109375 0.0212963 0.128444
0 0.239844 0.403704 0.0130208 0.0444444 0.137925
0 0.638021 0.360185 0.0114583 0.0425926 0.140997
0 0.416927 0.380556 0.00885417 0.0407407 0.142287
0 0.35599 0.387037 0.00989583 0.0481481 0.14401
13 0.328906 0.403704 0.0244792 0.0277778 0.14796
0 0.651302 0.362963 0.00885417 0.0425926 0.148268
0 0.286458 0.393056 0.00833333 0.0324074 0.182073
0 0.458333 0.374537 0.00729167 0.0398148 0.187443
0 0.233594 0.406944 0.0078125 0.0416667 0.206207
0 0.934635 0.377778 0.00885417 0.0277778 0.211515
0 0.248437 0.402778 0.009375 0.0407407 0.211955
0 0.343229 0.393056 0.009375 0.0453704 0.235677
0 0.378906 0.386111 0.00989583 0.0444444 0.242488
0 0.220833 0.416667 0.0104167 0.0462963 0.24626
0 0.0236979 0.462037 0.0161458 0.0481481 0.25368
0 0.430729 0.374074 0.009375 0.0407407 0.258496
0 0.663542 0.361574 0.009375 0.0435185 0.27381
0 0.602344 0.362963 0.0078125 0.0425926 0.276833
0 0.278906 0.394907 0.00885417 0.0361111 0.296685
0 0.676562 0.356019 0.0104167 0.0453704 0.332019
0 0.485938 0.369907 0.009375 0.0361111 0.332971
0 0.215365 0.328241 0.00572917 0.025 0.334218
0 0.766406 0.363889 0.00989583 0.0425926 0.337095
0 0.935417 0.350926 0.00625 0.0222222 0.343684
0 0.371354 0.386111 0.0114583 0.0481481 0.352192
0 0.407031 0.381481 0.0109375 0.0425926 0.366164
0 0.0867188 0.348148 0.00677083 0.0259259 0.382471
0 0.747917 0.358333 0.00833333 0.0537037 0.38317
0 0.988542 0.361574 0.0104167 0.0361111 0.389192
0 0.545313 0.37963 0.009375 0.0444444 0.39621
0 0.689844 0.369907 0.00885417 0.0435185 0.431499
0 0.315625 0.390741 0.0135417 0.05 0.530693
0 0.791146 0.376852 0.0125 0.0277778 0.560431
0 0.172135 0.422685 0.0130208 0.0546296 0.600632
0 0.189844 0.413889 0.00989583 0.0425926 0.604975
0 0.903906 0.362037 0.00989583 0.0592593 0.656236
0 0.584375 0.383796 0.0125 0.0675926 0.707834
0 0.682552 0.387963 0.0119792 0.05 0.735035
0 0.710677 0.384259 0.0151042 0.0648148 0.775239
32 0.629687 0.448148 0.009375 0.0166667 0.800215
0 0.447396 0.395833 0.0177083 0.0953704 0.825154
0 0.530469 0.408333 0.0255208 0.0851852 0.868977
0 0.947917 0.418056 0.0302083 0.20463 0.880162
0 0.605208 0.416204 0.034375 0.0953704 0.88398
0 0.1125 0.493056 0.0322917 0.125 0.896854
0 0.242708 0.457407 0.0229167 0.0907407 0.89906
