0 0.11276 0.439815 0.00989583 0.037037 0.113254
0 0.26276 0.446759 0.0161458 0.0416667 0.124001
0 0.557552 0.381019 0.00677083 0.0416667 0.13078
0 0.602865 0.380093 0.00989583 0.0324074 0.133558
0 0.88099 0.373611 0.0078125 0.0527778 0.1426
0 0.610156 0.375463 0.0109375 0.0398148 0.145349
0 0.389583 0.413426 0.00729167 0.0231481 0.157088
0 0.260677 0.425463 0.0130208 0.0527778 0.162723
0 0.096875 0.440741 0.00833333 0.0407407 0.164912
0 0.786198 0.372222 0.0078125 0.0444444 0.179052
0 0.847135 0.373611 0.0119792 0.0564815 0.18331
0 0.517708 0.386111 0.0104167 0.0407407 0.186788
0 0.584635 0.37963 0.0078125 0.0407407 0.196744
0 0.773177 0.368981 0.0119792 0.0453704 0.198193
0 0.154948 0.430093 0.0078125 0.037963 0.19838
0 0.18776 0.435648 0.0078125 0.0472222 0.199229
0 0.736198 0.368981 0.0078125 0.037963 0.228213
0 0.614062 0.375926 0.00833333 0.0388889 0.243847
0 0.514063 0.384722 0.00625 0.0435185 0.297012
0 0.641667 0.365741 0.009375 0.0314815 0.324707
0 0.427865 0.389352 0.0078125 0.0342593 0.326601
0 0.0557292 0.452315 0.0125 0.0453704 0.331042
0 0.138281 0.44537 0.0109375 0.0407407 0.337859
0 0.0864583 0.44213 0.00833333 0.0416667 0.354141
0 0.196094 0.43287 0.0119792 0.0527778 0.36181
0 0.67474 0.370833 0.00989583 0.0472222 0.38254
0 0.542969 0.376852 0.00885417 0.037037 0.392191
0 0.229427 0.431481 0.0119792 0.0407407 0.398211
0 0.799479 0.372685 0.009375 0.0472222 0.403988
0 0.367969 0.396296 0.0109375 0.0425926 0.41088
0 0.813021 0.371296 0.0104167 0.0555556 0.424253
0 0.71901 0.371296 0.00885417 0.0425926 0.429214
0 0.888021 0.373148 0.00833333 0.0592593 0.429793
0 0.238542 0.426389 0.0114583 0.0453704 0.448683
0 0.441927 0.3875 0.00677083 0.037963 0.470314
0 0.463281 0.3875 0.00989583 0.0398148 0.494826
0 0.819792 0.381481 0.0135417 0.0462963 0.504878
0 0.179948 0.435185 0.0161458 0.0592593 0.519985
0 0.656771 0.367593 0.00833333 0.0388889 0.533465
0 0.259635 0.477778 0.0213542 0.101852 0.571189
0 0.0192708 0.467593 0.0135417 0.0462963 0.578024
0 0.215885 0.419444 0.0119792 0.0444444 0.591052
0 0.292708 0.410648 0.0114583 0.0453704 0.62509
0 0.500781 0.402315 0.0119792 0.0509259 0.626408
0 0.932813 0.394444 0.0135417 0.0314815 0.681896
0 0.24974 0.480093 0.0244792 0.10463 0.717084
0 0.486719 0.440278 0.0203125 0.0990741 0.798386
0 0.728906 0.410185 0.0203125 0.0796296 0.845154
0 0.747135 0.411111 0.0223958 0.0833333 0.873768
32 0.504167 0.474074 0.009375 0.0185185 0.879255
0 0.0447917 0.5125 0.0177083 0.10463 0.893627
0 0.414323 0.418519 0.0192708 0.112963 0.89908
0 0.57474 0.42037 0.0203125 0.0851852 0.908442
