0 0.280469 0.389352 0.0078125 0.0231481 0.107323
0 0.203385 0.408333 0.0078125 0.0425926 0.109175
0 0.110156 0.348611 0.00677083 0.0324074 0.113283
0 0.736719 0.359259 0.0078125 0.0481481 0.115126
0 0.217969 0.411111 0.00989583 0.0407407 0.135823
0 0.571094 0.362963 0.00572917 0.0351852 0.136685
0 0.231771 0.393981 0.00729167 0.0268519 0.138001
0 0.363542 0.389352 0.0104167 0.0398148 0.13932
0 0.588021 0.376389 0.00625 0.0157407 0.141121
0 0.334635 0.391667 0.00989583 0.05 0.150544
0 0.873958 0.362037 0.0104167 0.0462963 0.15254
0 0.908073 0.348148 0.00572917 0.0166667 0.154573
0 0.27474 0.403241 0.0109375 0.0435185 0.162376
0 0.609115 0.3625 0.0078125 0.037963 0.164753
0 0.401823 0.380093 0.00572917 0.037963 0.177934
0 0.760156 0.361574 0.00989583 0.0416667 0.181561
0 0.685938 0.366204 0.009375 0.0416667 0.197812
0 0.323698 0.388889 0.00677083 0.0425926 0.206666
0 0.348698 0.391667 0.0078125 0.0425926 0.222162
0 0.22526 0.40463 0.0078125 0.037037 0.228618
0 0.658073 0.360648 0.00885417 0.0435185 0.228657
0 0.358854 0.389815 0.00729167 0.0425926 0.237819
0 0.979167 0.356944 0.00729167 0.0342593 0.250957
0 0.341927 0.389815 0.00989583 0.05 0.256155
0 0.741927 0.357407 0.0078125 0.05 0.281103
0 0.209375 0.329167 0.00520833 0.025 0.285602
0 0.670833 0.357407 0.0104167 0.0481481 0.292543
0 0.702604 0.359722 0.0125 0.0527778 0.316451
0 0.416406 0.372222 0.00677083 0.0333333 0.331899
0 0.395312 0.384722 0.0104167 0.0435185 0.337783
0 0.380469 0.386111 0.00989583 0.0444444 0.38474
0 0.307552 0.390741 0.00572917 0.0351852 0.402355
0 0.245052 0.411111 0.00885417 0.0462963 0.471621
0 0.596875 0.3625 0.00833333 0.0416667 0.482946
0 0.0804688 0.348611 0.00677083 0.0268519 0.483053
0 0.0989583 0.438889 0.0135417 0.0537037 0.520394
0 0.209635 0.4125 0.00989583 0.0453704 0.527558
0 0.579427 0.362037 0.00885417 0.0425926 0.530542
0 0.785156 0.375926 0.0119792 0.0277778 0.53181
0 0.258594 0.409722 0.0119792 0.0435185 0.545996
0 0.973698 0.374537 0.00885417 0.0416667 0.585454
0 0.540625 0.37963 0.00833333 0.0444444 0.603087
0 0.897396 0.361111 0.009375 0.0574074 0.650409
0 0.729688 0.387963 0.0135417 0.0611111 0.702168
0 0.768229 0.386574 0.0145833 0.0527778 0.709285
0 0.627865 0.37963 0.0140625 0.0518519 0.71883
0 0.146354 0.422685 0.00833333 0.0453704 0.724643
0 0.564323 0.383796 0.0109375 0.0453704 0.736024
0 0.00520833 0.464352 0.0104167 0.0583333 0.767652
32 0.795573 0.393519 0.00677083 0.0111111 0.795883
0 0.129427 0.484722 0.0213542 0.126852 0.849427
0 0.500521 0.387037 0.0208333 0.0925926 0.861158
0 0.69349 0.395833 0.0182292 0.0712963 0.867622
0 0.941146 0.415741 0.0322917 0.201852 0.880853
0 0.744792 0.399537 0.0354167 0.0731481 0.900129
0 0.283854 0.463889 0.0364583 0.118519 0.929651
