0 0.619271 0.360648 0.00625 0.037963 0.105693
0 0.651042 0.3625 0.009375 0.0416667 0.112962
0 0.742448 0.360185 0.0078125 0.0481481 0.141601
0 0.63724 0.358796 0.0119792 0.0416667 0.147942
0 0.628125 0.360648 0.00833333 0.0398148 0.151588
0 0.340885 0.391667 0.00989583 0.0481481 0.156555
0 0.614583 0.362037 0.00729167 0.0388889 0.174681
0 0.602604 0.361111 0.00833333 0.0388889 0.176783
0 0.2375 0.40463 0.00833333 0.0388889 0.181299
0 0.932292 0.360648 0.00729167 0.0435185 0.200772
0 0.735937 0.362963 0.00833333 0.0444444 0.200975
0 0.414323 0.381481 0.00885417 0.0407407 0.231577
0 0.932031 0.35 0.00677083 0.0203704 0.244106
0 0.474219 0.372685 0.00677083 0.0416667 0.251261
0 0.33776 0.391204 0.00677083 0.0435185 0.263246
0 0.878906 0.375 0.00677083 0.0277778 0.274222
0 0.37526 0.386111 0.0078125 0.0444444 0.283017
0 0.215365 0.328241 0.00572917 0.025 0.290012
0 0.663021 0.361111 0.009375 0.0425926 0.307042
0 0.367188 0.386574 0.0114583 0.0472222 0.313837
0 0.767187 0.3625 0.0114583 0.0416667 0.327363
0 0.0864583 0.348611 0.00625 0.0268519 0.356153
0 0.676562 0.35787 0.0104167 0.0490741 0.357881
0 0.28724 0.393056 0.00885417 0.0361111 0.375882
0 0.348958 0.389352 0.0104167 0.0509259 0.427089
0 0.244271 0.409259 0.0145833 0.05 0.42756
0 0.404427 0.382407 0.0109375 0.0425926 0.450925
0 0.747917 0.358333 0.00833333 0.0537037 0.45348
0 0.305729 0.394907 0.0114583 0.0472222 0.499907
0 0.584896 0.362037 0.009375 0.0425926 0.505083
0 0.903646 0.360185 0.0104167 0.0574074 0.518903
0 0.54375 0.387037 0.0125 0.05 0.542467
0 0.183854 0.414815 0.00625 0.0425926 0.632567
0 0.22474 0.416667 0.0109375 0.0462963 0.67258
0 0.98151 0.370833 0.0109375 0.0546296 0.683341
0 0.791406 0.376389 0.0119792 0.0287037 0.695891
0 0.161719 0.425 0.0119792 0.0518519 0.716109
0 0.0205729 0.462037 0.0119792 0.0518519 0.721943
0 0.689062 0.386111 0.0166667 0.0555556 0.758892
0 0.597396 0.384259 0.0135417 0.0611111 0.797503
0 0.715885 0.384722 0.0192708 0.0638889 0.812261
32 0.660417 0.442593 0.009375 0.0166667 0.856553
0 0.238281 0.459259 0.0171875 0.0925926 0.864856
0 0.552604 0.406481 0.0270833 0.0851852 0.883212
0 0.946615 0.417593 0.0328125 0.203704 0.897661
0 0.453906 0.394907 0.0276042 0.0972222 0.906373
0 0.119531 0.487037 0.0223958 0.122222 0.915937
0 0.632812 0.412963 0.0260417 0.087037 0.938829
