0 0.61901 0.3625 0.00677083 0.0416667 0.114038
0 0.867708 0.373148 0.00625 0.0259259 0.119771
0 0.697917 0.349074 0.0114583 0.0314815 0.121877
0 0.604948 0.363426 0.00677083 0.037963 0.140968
0 0.345052 0.392593 0.00885417 0.0425926 0.15494
0 0.204688 0.328704 0.00520833 0.0240741 0.155222
0 0.105208 0.344907 0.00729167 0.0398148 0.198237
0 0.317448 0.388426 0.00677083 0.0416667 0.206321
0 0.654688 0.361111 0.0104167 0.0444444 0.206631
0 0.901823 0.348148 0.00677083 0.0166667 0.210301
0 0.267188 0.400926 0.00729167 0.0388889 0.210936
0 0.679427 0.366667 0.00885417 0.0462963 0.213324
0 0.754948 0.360648 0.0109375 0.0398148 0.230177
0 0.973177 0.359722 0.0078125 0.037963 0.261808
36 0.128646 0.541667 0.0197917 0.012963 0.327379
0 0.736458 0.359722 0.0114583 0.0546296 0.331255
0 0.354688 0.39213 0.0104167 0.0416667 0.335186
0 0.335417 0.391204 0.0125 0.0509259 0.337437
0 0.666927 0.358796 0.00989583 0.0490741 0.358721
0 0.301562 0.390741 0.00833333 0.0333333 0.362047
0 0.684375 0.369444 0.00833333 0.0425926 0.36372
0 0.592188 0.363426 0.00833333 0.0416667 0.36987
0 0.96901 0.371759 0.00885417 0.0509259 0.407937
0 0.256771 0.407407 0.0104167 0.0481481 0.413249
0 0.221875 0.411574 0.0114583 0.0527778 0.424999
0 0.78125 0.375926 0.0114583 0.0296296 0.445152
0 0.00234375 0.464815 0.0046875 0.0555556 0.445279
0 0.57526 0.362963 0.00885417 0.0407407 0.458611
0 0.411458 0.372222 0.009375 0.0351852 0.467184
0 0.373958 0.386574 0.00729167 0.0453704 0.508128
0 0.0875 0.44213 0.0125 0.0509259 0.521916
0 0.391146 0.383796 0.0114583 0.0472222 0.577657
0 0.892448 0.360648 0.00989583 0.0564815 0.58303
0 0.202344 0.411574 0.0119792 0.0490741 0.589995
0 0.24401 0.412037 0.0119792 0.0462963 0.633171
0 0.0760417 0.349074 0.00625 0.0277778 0.637357
0 0.766146 0.381019 0.0177083 0.0638889 0.676244
0 0.539062 0.381019 0.0114583 0.0435185 0.678098
0 0.138802 0.423148 0.0130208 0.0444444 0.694131
0 0.627604 0.378704 0.0125 0.0537037 0.73515
0 0.561458 0.384259 0.0125 0.0425926 0.763002
0 0.727604 0.389352 0.0125 0.0583333 0.770705
0 0.697396 0.393519 0.0135417 0.0722222 0.777987
32 0.802604 0.401852 0.00625 0.0111111 0.824857
0 0.12526 0.485185 0.0223958 0.125926 0.856266
0 0.501042 0.385185 0.0145833 0.0907407 0.857998
0 0.936458 0.415741 0.0333333 0.201852 0.877107
0 0.286198 0.458796 0.0234375 0.121296 0.895259
0 0.750781 0.402778 0.0244792 0.0666667 0.911408
