0 0.652083 0.363889 0.00729167 0.0407407 0.111726
0 0.91849 0.348611 0.00677083 0.0194444 0.11207
0 0.417969 0.381481 0.00885417 0.0407407 0.112771
0 0.322396 0.37963 0.00729167 0.0240741 0.112921
35 0.104167 0.502778 0.00729167 0.0111111 0.114881
0 0.628125 0.3625 0.00833333 0.0453704 0.124968
0 0.841146 0.361574 0.0104167 0.0472222 0.169691
0 0.357292 0.384722 0.00833333 0.0453704 0.20079
0 0.286458 0.39213 0.00833333 0.0305556 0.209625
0 0.466927 0.374537 0.0078125 0.0398148 0.217604
36 0.435417 0.435185 0.00729167 0.0185185 0.219494
0 0.734635 0.3625 0.0078125 0.0453704 0.220842
0 0.6375 0.360648 0.0114583 0.0453704 0.223424
0 0.491927 0.369907 0.00677083 0.037963 0.228522
32 0.605729 0.452778 0.0104167 0.0166667 0.23033
0 0.601823 0.362963 0.00885417 0.0425926 0.238673
0 0.38125 0.386574 0.00833333 0.0453704 0.246017
36 0.440104 0.437963 0.0177083 0.012963 0.247585
0 0.372656 0.384722 0.00989583 0.0453704 0.254219
0 0.663542 0.362037 0.009375 0.0444444 0.258167
0 0.676823 0.350926 0.00989583 0.0351852 0.264204
0 0.274219 0.396296 0.00885417 0.037037 0.267552
0 0.766406 0.364352 0.00989583 0.0416667 0.300593
0 0.992188 0.361574 0.0114583 0.0361111 0.317991
0 0.585156 0.3625 0.00885417 0.0416667 0.322731
0 0.343229 0.393981 0.00729167 0.0453704 0.328982
0 0.215365 0.328241 0.00572917 0.025 0.338402
0 0.253385 0.402315 0.00989583 0.037963 0.346353
0 0.0867188 0.347685 0.00677083 0.0268519 0.381538
0 0.936458 0.353241 0.00625 0.0231481 0.385362
0 0.244792 0.401389 0.00833333 0.037963 0.392818
0 0.747917 0.358796 0.00833333 0.0546296 0.396911
0 0.409115 0.381481 0.0119792 0.0425926 0.401141
0 0.980208 0.377315 0.00833333 0.0416667 0.42203
0 0.689844 0.37037 0.00885417 0.0444444 0.535579
0 0.176042 0.420833 0.0104167 0.0527778 0.565273
0 0.791406 0.377778 0.0119792 0.0277778 0.573711
0 0.544531 0.381019 0.00989583 0.0416667 0.586529
0 0.025 0.461574 0.0166667 0.0490741 0.596542
0 0.21875 0.416667 0.0125 0.0481481 0.60671
0 0.316406 0.391204 0.00989583 0.0416667 0.612751
0 0.572917 0.387963 0.0197917 0.0555556 0.654763
0 0.192708 0.4125 0.00729167 0.0435185 0.676252
0 0.677604 0.385185 0.0125 0.05 0.718757
0 0.903646 0.3625 0.0104167 0.0601852 0.770804
0 0.439323 0.396759 0.0161458 0.0935185 0.777519
0 0.708854 0.385648 0.0114583 0.0583333 0.792398
0 0.519531 0.408796 0.0223958 0.0805556 0.862924
0 0.245833 0.455093 0.0197917 0.087963 0.884486
0 0.946354 0.419907 0.0322917 0.206481 0.887366
0 0.108333 0.493519 0.0302083 0.125926 0.898644
0 0.593229 0.417593 0.0354167 0.0981481 0.902999
