0 0.277344 0.394907 0.00885417 0.0305556 0.102461
0 0.683594 0.355556 0.0078125 0.037037 0.106257
0 0.589063 0.376389 0.00625 0.0157407 0.106655
0 0.359115 0.391667 0.00885417 0.0407407 0.113753
0 0.111198 0.346759 0.00677083 0.0342593 0.129551
0 0.633333 0.357407 0.0114583 0.0407407 0.129994
0 0.205469 0.408333 0.0078125 0.0388889 0.134735
0 0.760677 0.361574 0.00989583 0.0416667 0.137841
0 0.609115 0.362037 0.0078125 0.0388889 0.140656
0 0.336979 0.390741 0.0104167 0.0481481 0.145232
29 0.286979 0.443519 0.0145833 0.00925926 0.14552
0 0.98125 0.353704 0.00625 0.0240741 0.147297
0 0.328125 0.391204 0.0114583 0.0472222 0.161776
0 0.34974 0.389815 0.0078125 0.0462963 0.164188
0 0.343229 0.389815 0.009375 0.0481481 0.170356
0 0.910417 0.348148 0.00729167 0.0185185 0.181723
0 0.659375 0.360185 0.0104167 0.0425926 0.20368
0 0.210156 0.329167 0.00572917 0.025 0.205382
0 0.573698 0.3625 0.00677083 0.0361111 0.217484
0 0.283073 0.391667 0.00677083 0.0296296 0.222329
0 0.235417 0.393519 0.00833333 0.0259259 0.22968
0 0.40651 0.379167 0.00989583 0.0416667 0.243183
0 0.365885 0.387037 0.0078125 0.0425926 0.272755
0 0.743229 0.353704 0.00833333 0.0425926 0.282403
0 0.672135 0.357407 0.00989583 0.0481481 0.286745
0 0.704167 0.360648 0.0114583 0.0527778 0.288506
0 0.220313 0.408796 0.00833333 0.037963 0.292576
0 0.226823 0.40463 0.0078125 0.0351852 0.307246
0 0.245312 0.411111 0.009375 0.0462963 0.309439
0 0.382552 0.385648 0.00989583 0.0435185 0.325214
0 0.0817708 0.348611 0.00625 0.0268519 0.378559
0 0.417969 0.372685 0.0109375 0.0342593 0.393169
0 0.396875 0.381481 0.009375 0.0462963 0.406069
0 0.598177 0.362963 0.00885417 0.0407407 0.451283
0 0.148438 0.422222 0.00729167 0.0444444 0.4658
0 0.211198 0.411574 0.00989583 0.0453704 0.467729
0 0.579948 0.362037 0.00989583 0.0425926 0.494523
0 0.309896 0.390278 0.00625 0.0342593 0.494735
0 0.786198 0.375463 0.0119792 0.0287037 0.544521
0 0.564844 0.383333 0.00989583 0.0462963 0.559867
0 0.541146 0.379167 0.00833333 0.0453704 0.564569
0 0.97474 0.375 0.00885417 0.0425926 0.581383
0 0.259115 0.408796 0.0130208 0.0453704 0.588967
0 0.898438 0.360648 0.009375 0.0583333 0.641089
0 0.766927 0.378704 0.0171875 0.0703704 0.695095
0 0.102865 0.438426 0.0140625 0.0546296 0.714214
0 0.628125 0.379167 0.0125 0.0527778 0.715127
0 0.729688 0.389815 0.0135417 0.0574074 0.760635
0 0.00572917 0.465278 0.0114583 0.0564815 0.778543
32 0.791927 0.394444 0.00572917 0.0111111 0.78489
0 0.501042 0.3875 0.0208333 0.0935185 0.844793
0 0.130208 0.484722 0.0208333 0.125 0.848238
0 0.740885 0.402315 0.0328125 0.0712963 0.863463
0 0.690625 0.394907 0.0177083 0.0787037 0.864543
0 0.942448 0.415278 0.0307292 0.202778 0.87652
0 0.283073 0.463426 0.0348958 0.119444 0.929792
