0 0.622917 0.362963 0.00833333 0.0407407 0.103788
0 0.742969 0.361111 0.00677083 0.0444444 0.110334
0 0.295573 0.389815 0.00885417 0.0314815 0.123456
26 0.0932292 0.496759 0.00833333 0.0268519 0.125228
0 0.369792 0.385185 0.00833333 0.0444444 0.135972
0 0.638021 0.3625 0.00729167 0.0435185 0.139935
0 0.88776 0.374074 0.00677083 0.0277778 0.165934
0 0.445573 0.372222 0.00885417 0.0388889 0.171058
0 0.271094 0.397222 0.00677083 0.0388889 0.190237
0 0.394531 0.385648 0.00885417 0.0435185 0.191435
0 0.533333 0.369444 0.00729167 0.0351852 0.200268
0 0.671615 0.359259 0.00885417 0.0388889 0.223798
0 0.257812 0.398148 0.00833333 0.037037 0.234571
0 0.356771 0.384259 0.00625 0.0314815 0.236924
0 0.646354 0.359722 0.0125 0.0453704 0.242132
0 0.419792 0.381019 0.0114583 0.0416667 0.251491
0 0.223958 0.328241 0.00625 0.025 0.252946
0 0.492708 0.369907 0.00833333 0.0361111 0.28118
0 0.458594 0.368519 0.00572917 0.0333333 0.286106
38 0.942708 0.408333 0.0125 0.0222222 0.289243
0 0.609635 0.3625 0.00989583 0.0435185 0.289388
0 0.386198 0.385185 0.0119792 0.0462963 0.29001
0 0.854427 0.362037 0.0119792 0.0462963 0.300712
0 0.521875 0.39537 0.009375 0.05 0.325601
0 0.345833 0.390278 0.00833333 0.0509259 0.332104
0 0.75625 0.358796 0.00833333 0.0527778 0.371053
0 0.775 0.363889 0.009375 0.0425926 0.393836
0 0.330469 0.391667 0.0109375 0.0388889 0.415926
0 0.0963542 0.347685 0.00625 0.0268519 0.453881
0 0.685417 0.358796 0.0104167 0.0490741 0.458521
0 0.0317708 0.459259 0.00833333 0.05 0.473421
0 0.235677 0.414352 0.0119792 0.0472222 0.511339
0 0.208854 0.410185 0.0104167 0.0425926 0.543515
0 0.80026 0.378241 0.0119792 0.0287037 0.566455
0 0.697917 0.371296 0.0104167 0.0444444 0.585079
0 0.59349 0.362963 0.00885417 0.0425926 0.594538
0 0.54974 0.380556 0.00989583 0.0425926 0.610614
0 0.198437 0.419444 0.0104167 0.05 0.638626
0 0.219792 0.416204 0.0104167 0.0509259 0.645935
0 0.989323 0.376852 0.00885417 0.0444444 0.705477
0 0.913281 0.361574 0.0109375 0.0583333 0.706002
0 0.0382813 0.458333 0.0119792 0.05 0.708981
0 0.510677 0.406944 0.0182292 0.0694444 0.710614
0 0.714323 0.384259 0.0130208 0.0592593 0.716734
0 0.439844 0.4 0.0213542 0.0944444 0.754353
0 0.675521 0.385185 0.0135417 0.0444444 0.791474
32 0.578385 0.452315 0.00989583 0.0175926 0.841179
0 0.560417 0.419444 0.0302083 0.0944444 0.852794
0 0.101562 0.494444 0.0260417 0.122222 0.877793
0 0.261458 0.448148 0.0177083 0.0833333 0.886196
0 0.958333 0.420833 0.0270833 0.208333 0.89559
