29 0.932552 0.406019 0.00989583 0.0212963 0.111331
0 0.442187 0.375 0.0104167 0.0444444 0.133984
0 0.614844 0.362037 0.0078125 0.0388889 0.137717
0 0.742708 0.360648 0.00833333 0.0472222 0.148926
0 0.628125 0.360185 0.00833333 0.0407407 0.157901
0 0.236979 0.396759 0.009375 0.0268519 0.161533
0 0.288802 0.393981 0.0109375 0.0342593 0.202506
0 0.76875 0.362963 0.0114583 0.0388889 0.224378
0 0.35 0.388426 0.00833333 0.0490741 0.233314
0 0.6375 0.359259 0.0114583 0.0425926 0.244827
0 0.374219 0.3875 0.00885417 0.0435185 0.245367
0 0.736458 0.362963 0.00833333 0.0444444 0.246924
0 0.413021 0.382407 0.00833333 0.0388889 0.251013
0 0.215365 0.328241 0.00572917 0.025 0.274968
0 0.242969 0.409259 0.0109375 0.05 0.276285
0 0.366146 0.386111 0.0104167 0.0481481 0.282428
0 0.335417 0.386574 0.00625 0.0342593 0.290096
0 0.470833 0.374074 0.0104167 0.0425926 0.296538
0 0.66276 0.361111 0.00885417 0.0425926 0.319169
0 0.878906 0.373611 0.00572917 0.0268519 0.342048
0 0.304167 0.393056 0.0135417 0.0453704 0.35337
36 0.127865 0.540278 0.0234375 0.0157407 0.353761
0 0.545052 0.383796 0.00989583 0.0583333 0.407646
0 0.676562 0.35787 0.0104167 0.0490741 0.40965
0 0.584635 0.362963 0.00885417 0.0407407 0.427903
0 0.403646 0.38287 0.0114583 0.0416667 0.444462
0 0.0864583 0.349074 0.00625 0.0277778 0.468715
0 0.747656 0.358333 0.0078125 0.0537037 0.47784
0 0.549219 0.387037 0.00885417 0.0537037 0.490766
0 0.238542 0.408333 0.0125 0.05 0.520146
0 0.0190104 0.461574 0.0130208 0.0546296 0.530622
0 0.182552 0.414815 0.00885417 0.0425926 0.63639
0 0.791146 0.376389 0.0114583 0.0287037 0.698385
0 0.903646 0.360185 0.0114583 0.0574074 0.704329
0 0.979688 0.37037 0.0104167 0.0555556 0.711757
0 0.226562 0.416667 0.0125 0.0462963 0.712983
0 0.159635 0.425926 0.0161458 0.0518519 0.726543
0 0.602344 0.383333 0.0161458 0.0648148 0.760815
0 0.691927 0.386111 0.0140625 0.0555556 0.763208
32 0.670573 0.441204 0.00885417 0.0157407 0.854321
0 0.236979 0.460648 0.0166667 0.0916667 0.869852
0 0.560677 0.409259 0.0213542 0.0833333 0.871864
0 0.717969 0.387037 0.0244792 0.062963 0.87525
0 0.946094 0.417593 0.0328125 0.203704 0.895803
0 0.121875 0.485185 0.0229167 0.12037 0.902744
0 0.45651 0.394444 0.0203125 0.0962963 0.915469
0 0.642969 0.412963 0.0307292 0.087037 0.92449
