0 0.634115 0.3625 0.00677083 0.0435185 0.101485
0 0.336198 0.387963 0.00885417 0.0462963 0.10324
0 0.739323 0.362963 0.0078125 0.0444444 0.115729
0 0.532552 0.369907 0.00885417 0.0342593 0.1287
36 0.101562 0.547685 0.01875 0.0157407 0.153082
0 0.253385 0.396296 0.00885417 0.0296296 0.1603
0 0.426823 0.378704 0.00989583 0.0444444 0.164343
0 0.292188 0.391204 0.00833333 0.0305556 0.175435
0 0.483333 0.370833 0.0114583 0.0398148 0.177337
0 0.642187 0.360185 0.0104167 0.0425926 0.196358
0 0.997656 0.353704 0.0046875 0.0203704 0.209069
0 0.848177 0.361574 0.0109375 0.0472222 0.211072
0 0.388802 0.385648 0.0078125 0.0435185 0.214729
0 0.351042 0.384259 0.00833333 0.0314815 0.215954
0 0.453125 0.368056 0.00729167 0.0324074 0.228496
0 0.415885 0.381481 0.0109375 0.0425926 0.237663
0 0.507292 0.371296 0.009375 0.0407407 0.24123
0 0.220052 0.328241 0.00572917 0.025 0.25068
0 0.667708 0.360648 0.009375 0.0416667 0.262862
0 0.381771 0.385185 0.0125 0.0462963 0.263867
0 0.60651 0.363426 0.00989583 0.0435185 0.309498
0 0.340885 0.391204 0.0161458 0.0527778 0.310563
0 0.567969 0.387037 0.00989583 0.0574074 0.325503
0 0.883594 0.375 0.00677083 0.0277778 0.331634
0 0.523698 0.393056 0.00989583 0.0490741 0.337792
36 0.104427 0.55 0.0119792 0.0111111 0.343119
0 0.271094 0.396296 0.0078125 0.0388889 0.353121
0 0.771615 0.362963 0.0109375 0.0425926 0.375461
0 0.68125 0.358796 0.0104167 0.0509259 0.457476
0 0.752604 0.359259 0.00833333 0.0537037 0.471681
38 0.938542 0.40787 0.0125 0.0231481 0.476745
0 0.589844 0.3625 0.00885417 0.0416667 0.487339
0 0.0916667 0.347685 0.00625 0.0268519 0.504805
0 0.694531 0.372222 0.00989583 0.0444444 0.516346
0 0.0270833 0.460185 0.00833333 0.05 0.519515
0 0.324479 0.391204 0.00833333 0.0398148 0.549744
0 0.233073 0.414815 0.0119792 0.0462963 0.572736
0 0.547135 0.381019 0.00885417 0.0416667 0.585018
0 0.191927 0.419907 0.0130208 0.0509259 0.585742
0 0.218229 0.415278 0.0104167 0.0509259 0.593812
0 0.796094 0.377315 0.0119792 0.0287037 0.619284
0 0.985677 0.377778 0.00885417 0.0407407 0.628583
0 0.203385 0.411574 0.00989583 0.0416667 0.633205
0 0.0338542 0.459259 0.0114583 0.05 0.684514
0 0.515625 0.405556 0.021875 0.0777778 0.780128
0 0.711198 0.384722 0.0140625 0.0583333 0.782513
32 0.586719 0.452778 0.00989583 0.0166667 0.796546
0 0.909115 0.3625 0.0109375 0.0601852 0.805244
0 0.674479 0.384722 0.0166667 0.0490741 0.806871
0 0.439844 0.398148 0.0265625 0.0981481 0.840534
0 0.573958 0.415278 0.0260417 0.102778 0.861244
0 0.953385 0.420833 0.0286458 0.208333 0.864432
0 0.253906 0.444907 0.0151042 0.0898148 0.86682
0 0.0997396 0.49213 0.0182292 0.119444 0.885764
