0 0.722396 0.368519 0.00729167 0.0388889 0.111945
0 0.185677 0.340278 0.00572917 0.0268519 0.113771
0 0.0424479 0.455556 0.00885417 0.0277778 0.123798
0 0.500521 0.380556 0.0104167 0.0444444 0.125178
0 0.161458 0.425463 0.00833333 0.025 0.173112
0 0.38151 0.39213 0.0078125 0.0361111 0.179038
0 0.832031 0.373148 0.00677083 0.0444444 0.182073
0 0.550521 0.376389 0.00729167 0.0398148 0.197374
0 0.793229 0.371296 0.009375 0.0481481 0.217066
0 0.136719 0.440741 0.0078125 0.05 0.246367
0 0.581771 0.414815 0.0229167 0.0666667 0.252654
0 0.685417 0.38287 0.00625 0.0157407 0.252684
0 0.480208 0.380556 0.00625 0.0351852 0.270426
0 0.404948 0.390741 0.0140625 0.0407407 0.284077
0 0.73099 0.366204 0.0109375 0.0416667 0.286963
0 0.51849 0.380093 0.0109375 0.0453704 0.309904
0 0.770312 0.366204 0.0104167 0.0509259 0.325411
0 0.75651 0.369444 0.00989583 0.0444444 0.332258
0 0.984896 0.376389 0.0114583 0.0509259 0.421582
0 0.694271 0.368519 0.00833333 0.0425926 0.422933
0 0.803646 0.369444 0.0114583 0.0537037 0.428842
0 0.120312 0.434722 0.00833333 0.0398148 0.430247
0 0.863021 0.374074 0.0114583 0.0444444 0.437126
0 0.84401 0.369444 0.00885417 0.0537037 0.45587
0 0.0528646 0.45 0.0119792 0.0407407 0.468265
0 0.0263021 0.456944 0.0109375 0.0472222 0.506301
0 0.0755208 0.45463 0.0104167 0.037037 0.530905
0 0.11276 0.446296 0.0151042 0.0611111 0.53179
0 0.777604 0.378704 0.0145833 0.0444444 0.533539
0 0.141406 0.437037 0.0130208 0.0574074 0.535558
32 0.586458 0.462963 0.0104167 0.0148148 0.55917
0 0.529688 0.397685 0.0145833 0.0435185 0.584706
0 0.204688 0.418519 0.009375 0.0388889 0.615318
0 0.677344 0.368056 0.0078125 0.0416667 0.642421
0 0.191927 0.426389 0.0109375 0.0490741 0.69019
0 0.888802 0.388426 0.0119792 0.0305556 0.731765
0 0.540885 0.40463 0.0119792 0.0518519 0.735156
0 0.223958 0.425926 0.0114583 0.0462963 0.736807
0 0.432813 0.410185 0.0197917 0.103704 0.759864
0 0.245052 0.422222 0.0140625 0.0462963 0.77125
0 0.417969 0.44213 0.0151042 0.0972222 0.805831
0 0.572917 0.424074 0.0333333 0.0944444 0.821451
0 0.747396 0.401389 0.0166667 0.0731481 0.876435
0 0.102604 0.499074 0.0197917 0.118519 0.877794
0 0.707292 0.403704 0.0197917 0.062963 0.897447
0 0.374479 0.447685 0.0229167 0.0972222 0.915848
