0 0.570052 0.377778 0.00989583 0.0425926 0.104882
13 0.629948 0.380556 0.0348958 0.0296296 0.107097
0 0.200781 0.430093 0.00677083 0.0398148 0.116011
0 0.763281 0.372222 0.0078125 0.0425926 0.116297
0 0.557813 0.378704 0.00625 0.0388889 0.118354
0 0.0971354 0.441667 0.00885417 0.0388889 0.137248
0 0.88099 0.373148 0.0078125 0.0537037 0.143431
0 0.420052 0.386574 0.00677083 0.0324074 0.148392
0 0.350781 0.323148 0.00572917 0.0240741 0.151274
0 0.90625 0.376852 0.0104167 0.0462963 0.155317
0 0.18776 0.435185 0.0078125 0.0481481 0.15721
0 0.785156 0.372685 0.00885417 0.0435185 0.157413
0 0.613542 0.376389 0.00833333 0.0398148 0.157975
0 0.257812 0.423148 0.0104167 0.0481481 0.163348
0 0.1125 0.440278 0.0104167 0.037963 0.164085
1 0.602083 0.38287 0.009375 0.0268519 0.16634
35 0.475781 0.436111 0.0078125 0.0259259 0.169552
0 0.154948 0.430556 0.0078125 0.037037 0.17033
0 0.835938 0.375463 0.0104167 0.0490741 0.171259
0 0.607813 0.375463 0.00833333 0.0398148 0.182757
0 0.584375 0.377778 0.00833333 0.0388889 0.189772
0 0.772917 0.368981 0.0125 0.0453704 0.195454
0 0.260417 0.446759 0.01875 0.0435185 0.204693
0 0.735677 0.369907 0.00885417 0.0416667 0.233663
0 0.258594 0.473611 0.0244792 0.0972222 0.245779
0 0.846615 0.373148 0.0119792 0.0555556 0.248576
0 0.641667 0.365278 0.00833333 0.0305556 0.263098
1 0.607813 0.382407 0.0197917 0.0277778 0.265795
0 0.542969 0.377778 0.00885417 0.037037 0.266324
0 0.67526 0.37037 0.00989583 0.0462963 0.303172
0 0.23724 0.426852 0.0119792 0.0444444 0.312912
0 0.0856771 0.44213 0.00677083 0.0398148 0.318015
0 0.367448 0.4 0.0109375 0.05 0.34341
0 0.427344 0.388889 0.0078125 0.0351852 0.343828
0 0.718229 0.371296 0.00833333 0.0407407 0.343835
0 0.516667 0.384259 0.0104167 0.0425926 0.346387
0 0.799479 0.371759 0.009375 0.0472222 0.355525
0 0.195833 0.433796 0.0125 0.0527778 0.364644
0 0.228906 0.431019 0.0119792 0.0416667 0.37144
0 0.813021 0.371296 0.0104167 0.0555556 0.382002
0 0.139062 0.44537 0.0125 0.0407407 0.428544
0 0.180469 0.436111 0.0151042 0.0574074 0.447932
0 0.8875 0.373148 0.00833333 0.0592593 0.456104
0 0.442448 0.3875 0.0078125 0.037963 0.458127
0 0.464063 0.3875 0.0104167 0.0398148 0.460099
0 0.0190104 0.468519 0.0140625 0.0481481 0.469371
0 0.0559896 0.454167 0.0119792 0.0453704 0.475827
0 0.215625 0.419907 0.009375 0.0453704 0.492862
0 0.819792 0.381481 0.0145833 0.0462963 0.498659
0 0.657292 0.367593 0.00729167 0.0388889 0.519287
0 0.292708 0.410185 0.0114583 0.0481481 0.592792
0 0.497396 0.404167 0.0135417 0.0564815 0.684556
0 0.247135 0.480556 0.0244792 0.101852 0.685026
0 0.932813 0.394444 0.0135417 0.0314815 0.701351
0 0.486458 0.438889 0.028125 0.1 0.810813
32 0.501302 0.474074 0.00989583 0.0166667 0.843928
0 0.727604 0.410185 0.0208333 0.0796296 0.846402
0 0.745052 0.412963 0.0244792 0.0814815 0.855784
0 0.4125 0.418519 0.0239583 0.111111 0.89407
0 0.0421875 0.511574 0.0177083 0.108333 0.906484
0 0.574219 0.42037 0.0223958 0.0851852 0.933278
