0 0.332552 0.324074 0.00572917 0.0259259 0.101834
0 0.0710938 0.452778 0.0078125 0.0259259 0.101875
0 0.146875 0.432407 0.0125 0.0444444 0.103083
0 0.00338542 0.4625 0.00677083 0.0398148 0.111498
0 0.891406 0.375 0.00885417 0.0444444 0.112422
0 0.708333 0.383333 0.00625 0.0166667 0.139811
0 0.401302 0.395833 0.0140625 0.0472222 0.146046
0 0.352344 0.393981 0.0078125 0.0361111 0.154314
0 0.507031 0.380093 0.00989583 0.0342593 0.171727
13 0.0328125 0.458796 0.0447917 0.0305556 0.174557
0 0.861719 0.373611 0.0078125 0.0490741 0.184567
0 0.339844 0.397222 0.0078125 0.0388889 0.192876
0 0.753125 0.368981 0.0125 0.0472222 0.195937
0 0.716146 0.368519 0.00833333 0.0388889 0.20382
29 0.390885 0.499537 0.0119792 0.00833333 0.208589
0 0.613281 0.360185 0.00677083 0.0203704 0.212286
0 0.172396 0.431019 0.00833333 0.0509259 0.220067
0 0.585938 0.378704 0.009375 0.037037 0.242429
0 0.183333 0.427778 0.00729167 0.0333333 0.245307
0 0.622656 0.37037 0.0119792 0.0444444 0.254597
0 0.126042 0.435648 0.00833333 0.0416667 0.276305
0 0.816146 0.373148 0.009375 0.05 0.27772
0 0.0825521 0.446759 0.0130208 0.0398148 0.300952
0 0.779948 0.372222 0.00989583 0.0462963 0.306988
0 0.855208 0.375463 0.00833333 0.0472222 0.311849
0 0.867969 0.37037 0.00885417 0.0574074 0.313881
0 0.886719 0.375463 0.00989583 0.0453704 0.35654
0 0.800521 0.37963 0.0145833 0.0462963 0.364194
0 0.826823 0.371759 0.0119792 0.0546296 0.366885
0 0.164323 0.437963 0.0130208 0.0518519 0.378839
0 0.79349 0.37037 0.0109375 0.0574074 0.417773
0 0.467448 0.387037 0.0119792 0.0425926 0.434145
0 0.215625 0.418981 0.009375 0.0398148 0.434452
0 0.429948 0.389352 0.0078125 0.0435185 0.457739
0 0.0567708 0.451852 0.0104167 0.0481481 0.478111
36 0.439844 0.4625 0.0130208 0.0101852 0.509696
0 0.239844 0.425926 0.0109375 0.0462963 0.554742
0 0.699479 0.369907 0.00833333 0.0435185 0.554815
0 0.14349 0.441667 0.0182292 0.0648148 0.572056
0 0.260677 0.421759 0.0119792 0.0490741 0.588528
0 0.229167 0.421296 0.0135417 0.0518519 0.607861
0 0.539844 0.406944 0.0203125 0.0546296 0.621411
0 0.91276 0.391204 0.0130208 0.0305556 0.687598
32 0.572396 0.464352 0.0125 0.0194444 0.703328
0 0.00885417 0.463889 0.0125 0.0462963 0.71962
0 0.553385 0.424537 0.0276042 0.0824074 0.760486
0 0.575 0.428241 0.04375 0.0824074 0.809406
0 0.399219 0.446296 0.0203125 0.1 0.841896
0 0.439323 0.411574 0.0171875 0.10463 0.858345
0 0.104948 0.499537 0.0192708 0.117593 0.882111
0 0.377865 0.454167 0.0380208 0.0935185 0.882312
0 0.720833 0.402778 0.0208333 0.0703704 0.884628
0 0.760677 0.404167 0.0171875 0.075 0.889476
