0 0.620573 0.3625 0.00677083 0.037963 0.103763
0 0.292188 0.390741 0.009375 0.0296296 0.107435
0 0.634375 0.3625 0.00729167 0.0435185 0.110622
0 0.533073 0.369907 0.0078125 0.0342593 0.122785
0 0.740104 0.362963 0.00729167 0.0407407 0.152708
0 0.657552 0.364352 0.00885417 0.0416667 0.16693
0 0.261458 0.401389 0.00729167 0.0361111 0.171486
0 0.522917 0.39213 0.0104167 0.0472222 0.179085
38 0.939323 0.408333 0.0119792 0.0222222 0.180693
0 0.341406 0.391204 0.0119792 0.0509259 0.181155
0 0.382812 0.386574 0.0125 0.0435185 0.187487
0 0.884635 0.374537 0.00677083 0.0287037 0.187523
0 0.122135 0.344444 0.0078125 0.037037 0.191818
0 0.352604 0.384722 0.00833333 0.0305556 0.19801
0 0.366927 0.385648 0.00989583 0.0453704 0.199229
0 0.390365 0.385648 0.0078125 0.0435185 0.20645
0 0.566406 0.386111 0.0109375 0.0555556 0.211498
0 0.643229 0.359722 0.0114583 0.0435185 0.225245
0 0.508594 0.367593 0.00677083 0.0351852 0.22618
0 0.418229 0.381019 0.00833333 0.0416667 0.228039
0 0.254167 0.396759 0.009375 0.0342593 0.230243
0 0.454427 0.368519 0.0078125 0.0333333 0.231121
0 0.66849 0.360648 0.00885417 0.0416667 0.247499
0 0.427344 0.37963 0.00989583 0.0444444 0.26812
0 0.326302 0.391204 0.00885417 0.0398148 0.284784
36 0.101042 0.546296 0.0208333 0.0203704 0.287834
0 0.607031 0.363426 0.00989583 0.0416667 0.292988
0 0.485677 0.371296 0.00989583 0.0407407 0.301046
0 0.270573 0.396759 0.0078125 0.0398148 0.349586
0 0.0927083 0.347685 0.00625 0.0268519 0.356521
0 0.221094 0.328241 0.00572917 0.025 0.361328
0 0.772135 0.363426 0.00989583 0.0416667 0.365413
0 0.753385 0.359722 0.0078125 0.0527778 0.449695
0 0.682031 0.358333 0.00989583 0.05 0.460441
0 0.590625 0.3625 0.00833333 0.0416667 0.484311
0 0.233854 0.415278 0.0114583 0.0453704 0.541188
0 0.21849 0.414815 0.00989583 0.0518519 0.54206
0 0.695312 0.372222 0.0104167 0.0444444 0.562295
0 0.797135 0.377778 0.0119792 0.0277778 0.578701
0 0.0289063 0.460185 0.00885417 0.05 0.580186
0 0.205208 0.411111 0.0104167 0.0425926 0.584093
0 0.547917 0.380556 0.009375 0.0425926 0.637502
0 0.986458 0.378241 0.00833333 0.0435185 0.674619
0 0.0351562 0.459259 0.0109375 0.05 0.679943
0 0.194271 0.419907 0.0135417 0.0509259 0.728316
0 0.711719 0.385185 0.0151042 0.0574074 0.76338
0 0.910156 0.3625 0.0109375 0.0601852 0.7707
0 0.675 0.384259 0.015625 0.0481481 0.77498
32 0.584635 0.453704 0.00885417 0.0166667 0.78686
0 0.440625 0.398148 0.025 0.0962963 0.808426
0 0.513802 0.40787 0.0203125 0.0768519 0.840369
0 0.570312 0.417593 0.0260417 0.101852 0.843709
0 0.953906 0.420833 0.0296875 0.208333 0.873518
0 0.1 0.493519 0.0197917 0.122222 0.878201
0 0.255729 0.447685 0.0145833 0.087963 0.880728
