0 0.155469 0.418056 0.00885417 0.0435185 0.106757
0 0.563802 0.377315 0.0046875 0.0157407 0.10682
0 0.960677 0.352315 0.00572917 0.0175926 0.124291
0 0.782552 0.356944 0.00885417 0.0453704 0.133339
0 0.265104 0.396296 0.009375 0.0333333 0.140314
0 0.622656 0.363889 0.00989583 0.0425926 0.164741
0 0.256771 0.39537 0.00833333 0.0351852 0.172417
0 0.301562 0.396759 0.0177083 0.0490741 0.174243
0 0.584115 0.3625 0.0078125 0.037963 0.174417
0 0.554948 0.356019 0.00885417 0.025 0.178811
0 0.347396 0.389352 0.009375 0.0453704 0.192482
0 0.183594 0.331019 0.00572917 0.025 0.205581
0 0.735937 0.362037 0.0114583 0.0425926 0.21921
0 0.940365 0.35 0.00677083 0.0203704 0.219692
0 0.279427 0.396759 0.00989583 0.0527778 0.270355
0 0.607552 0.359722 0.0119792 0.0435185 0.289141
0 0.572396 0.363889 0.00833333 0.0407407 0.339789
0 0.238802 0.410648 0.00989583 0.0435185 0.340265
0 0.65651 0.361574 0.00989583 0.0453704 0.341405
0 0.357812 0.3875 0.0104167 0.0453704 0.353573
0 0.343229 0.389815 0.0114583 0.0444444 0.361235
0 0.716667 0.358796 0.009375 0.0509259 0.420295
0 0.378906 0.375463 0.00885417 0.0361111 0.42634
0 0.646615 0.35787 0.00989583 0.0490741 0.439975
0 0.678385 0.360185 0.0119792 0.0537037 0.444059
0 0.252344 0.40787 0.0140625 0.0453704 0.446065
0 0.328646 0.389352 0.0114583 0.0398148 0.487912
0 0.0533854 0.350926 0.00677083 0.0277778 0.494569
0 0.177604 0.414815 0.00833333 0.0388889 0.503825
0 0.195052 0.406944 0.00885417 0.0324074 0.511556
0 0.229167 0.406019 0.00833333 0.0398148 0.521715
0 0.66875 0.369444 0.009375 0.0425926 0.578541
0 0.945833 0.373611 0.00833333 0.0416667 0.58993
0 0.981771 0.359722 0.00833333 0.0361111 0.6115
0 0.0302083 0.455093 0.015625 0.0601852 0.641468
0 0.168229 0.418519 0.0125 0.0462963 0.668182
0 0.631771 0.373611 0.0114583 0.0546296 0.685653
0 0.763281 0.384259 0.0223958 0.0537037 0.691722
0 0.869531 0.358333 0.0109375 0.0555556 0.696636
0 0.535677 0.377315 0.0109375 0.0509259 0.706829
0 0.557552 0.383333 0.00989583 0.0425926 0.716697
0 0.313281 0.455093 0.0276042 0.125 0.763423
32 0.840104 0.400926 0.00625 0.0111111 0.773611
0 0.747917 0.390278 0.0166667 0.0787037 0.801246
0 0.704948 0.3875 0.0130208 0.0638889 0.807909
0 0.102865 0.490278 0.0255208 0.125 0.833057
0 0.511198 0.384259 0.0182292 0.0907407 0.874952
0 0.914062 0.4125 0.034375 0.199074 0.879065
