0 0.650781 0.361574 0.00885417 0.0416667 0.107988
0 0.770573 0.363889 0.00885417 0.037037 0.111169
0 0.932031 0.35 0.00677083 0.0185185 0.113722
0 0.742448 0.360648 0.0078125 0.0472222 0.12451
0 0.628125 0.360648 0.00729167 0.0398148 0.129076
0 0.698698 0.363426 0.00989583 0.0472222 0.132394
0 0.2125 0.406944 0.00833333 0.0398148 0.1476
0 0.471615 0.374537 0.00989583 0.0416667 0.156156
0 0.614844 0.3625 0.0078125 0.037963 0.157413
0 0.736198 0.3625 0.0078125 0.0453704 0.189024
0 0.63724 0.359259 0.0119792 0.0425926 0.197273
0 0.215104 0.327778 0.00520833 0.0240741 0.228877
0 0.766146 0.363889 0.009375 0.0388889 0.230645
0 0.375 0.386574 0.00833333 0.0435185 0.23555
0 0.879167 0.373148 0.00625 0.0277778 0.238451
0 0.413021 0.381944 0.00833333 0.0398148 0.25941
0 0.66276 0.360648 0.00885417 0.0435185 0.265223
0 0.34974 0.388889 0.0078125 0.05 0.265498
0 0.585417 0.3625 0.009375 0.0416667 0.293673
0 0.440625 0.375463 0.00729167 0.0435185 0.294174
0 0.336458 0.387963 0.00625 0.037037 0.306489
0 0.366927 0.3875 0.0109375 0.0490741 0.325962
0 0.676562 0.358796 0.0104167 0.0490741 0.332729
0 0.288021 0.393519 0.0104167 0.037037 0.345107
0 0.245052 0.409722 0.00989583 0.0490741 0.36928
0 0.403646 0.38287 0.0114583 0.0416667 0.401002
36 0.127344 0.541204 0.0213542 0.012037 0.420625
0 0.747917 0.358333 0.00833333 0.0537037 0.448949
0 0.2375 0.407407 0.009375 0.0462963 0.461736
0 0.0864583 0.348611 0.00625 0.0268519 0.473047
0 0.304688 0.394444 0.0135417 0.0462963 0.493057
0 0.546615 0.388426 0.0109375 0.0490741 0.551701
0 0.0200521 0.462037 0.0130208 0.0537037 0.580294
0 0.979948 0.370833 0.00989583 0.0527778 0.640592
0 0.791146 0.376389 0.0114583 0.0287037 0.66013
0 0.182812 0.414352 0.00729167 0.0435185 0.682146
0 0.160417 0.425463 0.015625 0.0527778 0.718874
0 0.226302 0.416667 0.0119792 0.0462963 0.726024
0 0.903646 0.360648 0.0125 0.0583333 0.726287
0 0.59974 0.383796 0.0161458 0.062037 0.730403
0 0.690885 0.387963 0.0140625 0.0537037 0.741408
0 0.556771 0.407407 0.0229167 0.0833333 0.831542
32 0.667188 0.440741 0.009375 0.0166667 0.834489
0 0.23724 0.460648 0.0161458 0.0916667 0.84865
0 0.717188 0.387963 0.021875 0.062963 0.851532
0 0.638802 0.412963 0.0223958 0.087037 0.885284
0 0.455729 0.394444 0.0239583 0.0962963 0.889145
0 0.122396 0.485648 0.025 0.121296 0.892222
0 0.945833 0.417593 0.0333333 0.203704 0.897054
