0 0.566406 0.376852 0.00572917 0.0148148 0.122971
0 0.177083 0.414352 0.00625 0.0398148 0.125056
0 0.945312 0.366667 0.00833333 0.0518519 0.147575
0 0.586458 0.362963 0.00729167 0.0388889 0.147849
0 0.557292 0.356481 0.00833333 0.0240741 0.150552
0 0.258854 0.402315 0.00833333 0.0509259 0.199527
0 0.73776 0.363426 0.00989583 0.0435185 0.208864
0 0.540625 0.3625 0.00520833 0.0287037 0.210115
0 0.102344 0.418519 0.00677083 0.0222222 0.218064
0 0.33776 0.385648 0.00885417 0.037963 0.220165
0 0.610156 0.359259 0.0130208 0.0444444 0.223434
0 0.944792 0.350463 0.00729167 0.0194444 0.226231
0 0.270312 0.393981 0.00729167 0.0342593 0.230491
0 0.849219 0.372222 0.00572917 0.0259259 0.264745
0 0.659115 0.361574 0.00885417 0.0453704 0.300248
0 0.361979 0.38287 0.0104167 0.0509259 0.30346
0 0.970052 0.354167 0.00572917 0.0268519 0.306576
0 0.186198 0.331019 0.00572917 0.025 0.316047
0 0.182031 0.414815 0.00677083 0.037037 0.31753
0 0.635938 0.360648 0.00833333 0.0416667 0.325018
0 0.289062 0.392593 0.0104167 0.0388889 0.349878
0 0.68099 0.359722 0.0109375 0.0527778 0.351197
0 0.309375 0.394444 0.0125 0.0481481 0.353654
0 0.71901 0.35787 0.00989583 0.0527778 0.401311
0 0.948438 0.369907 0.009375 0.0490741 0.419102
0 0.648958 0.357407 0.0104167 0.0481481 0.427131
0 0.383854 0.375 0.009375 0.0351852 0.437734
0 0.347396 0.387963 0.009375 0.0462963 0.438796
0 0.198177 0.407407 0.00885417 0.0314815 0.443373
0 0.57474 0.363889 0.00885417 0.0425926 0.464077
0 0.0559896 0.350926 0.00677083 0.0277778 0.467486
0 0.170573 0.417593 0.0140625 0.05 0.497573
0 0.709635 0.384259 0.00989583 0.0592593 0.50466
0 0.0393229 0.451852 0.0119792 0.05 0.543875
0 0.251823 0.40787 0.0130208 0.0490741 0.567553
0 0.670052 0.369444 0.00989583 0.0444444 0.582944
0 0.235677 0.410185 0.00989583 0.0462963 0.589216
0 0.986198 0.361111 0.00572917 0.0333333 0.589434
0 0.872917 0.358333 0.0104167 0.0555556 0.645917
0 0.557813 0.381944 0.009375 0.0472222 0.655101
0 0.760156 0.383796 0.0151042 0.0583333 0.677381
0 0.701823 0.387963 0.0119792 0.0703704 0.693804
0 0.629687 0.375926 0.0145833 0.0555556 0.698037
0 0.535156 0.380093 0.00989583 0.0435185 0.718947
32 0.832292 0.401852 0.00625 0.0111111 0.80373
0 0.745313 0.390741 0.0208333 0.0777778 0.821173
0 0.104948 0.489815 0.0244792 0.127778 0.859095
0 0.510417 0.384259 0.01875 0.0907407 0.889262
0 0.916667 0.4125 0.0354167 0.199074 0.903143
0 0.307813 0.459259 0.0395833 0.124074 0.916755
