0 0.699479 0.366204 0.00729167 0.0342593 0.102366
0 0.0752604 0.444907 0.00989583 0.037963 0.11773
0 0.552344 0.378241 0.00989583 0.037963 0.127967
0 0.0924479 0.430556 0.00885417 0.0240741 0.133628
35 0.582812 0.436574 0.00833333 0.0138889 0.138816
0 0.705208 0.363426 0.00625 0.0268519 0.139743
0 0.996875 0.373148 0.00625 0.0574074 0.146994
0 0.178906 0.340741 0.00572917 0.0277778 0.157978
0 0.715885 0.368056 0.0078125 0.0416667 0.162877
0 0.830729 0.371296 0.00833333 0.0462963 0.171874
0 0.155729 0.429167 0.00833333 0.0305556 0.202261
0 0.1125 0.439352 0.009375 0.0453704 0.217115
0 0.542969 0.375463 0.0078125 0.0398148 0.231705
0 0.49401 0.380556 0.0109375 0.0444444 0.241079
0 0.977865 0.375 0.00989583 0.0518519 0.271682
0 0.786458 0.37037 0.0104167 0.0481481 0.2737
0 0.750521 0.369444 0.00833333 0.0425926 0.285525
0 0.113021 0.427315 0.00833333 0.0212963 0.285871
0 0.678906 0.381944 0.00572917 0.0157407 0.297256
0 0.375521 0.390741 0.00729167 0.0333333 0.300236
0 0.104167 0.427778 0.0114583 0.0240741 0.335947
0 0.724479 0.365741 0.0114583 0.0425926 0.336853
0 0.797135 0.368981 0.0109375 0.0527778 0.33938
0 0.855729 0.372222 0.0104167 0.0444444 0.343175
0 0.511719 0.379167 0.00989583 0.0453704 0.381232
0 0.763542 0.366667 0.009375 0.0537037 0.385478
0 0.473177 0.381019 0.0078125 0.0342593 0.427816
0 0.396875 0.391204 0.0145833 0.0416667 0.42952
0 0.135677 0.440741 0.00989583 0.0518519 0.442283
0 0.0177083 0.45787 0.009375 0.0472222 0.45621
0 0.130208 0.441667 0.00833333 0.05 0.489151
0 0.83724 0.368519 0.00885417 0.0537037 0.491488
0 0.0447917 0.451389 0.0125 0.0435185 0.509005
0 0.688021 0.368519 0.00833333 0.0425926 0.522651
0 0.426562 0.408333 0.015625 0.101852 0.533109
0 0.528385 0.398148 0.0119792 0.0407407 0.558989
0 0.2 0.418519 0.009375 0.0407407 0.635861
0 0.771094 0.379167 0.0151042 0.0416667 0.663801
0 0.58125 0.411574 0.0177083 0.0675926 0.673177
0 0.0674479 0.45463 0.00989583 0.0425926 0.68249
0 0.671094 0.367593 0.0078125 0.0425926 0.69137
0 0.238542 0.422685 0.0125 0.0472222 0.71589
0 0.217708 0.426852 0.0125 0.0481481 0.747867
0 0.53776 0.403704 0.0140625 0.0555556 0.755916
0 0.882031 0.387963 0.0130208 0.0296296 0.760884
0 0.417708 0.440278 0.0208333 0.0972222 0.769635
0 0.183594 0.426852 0.0130208 0.0462963 0.776625
32 0.585417 0.464815 0.0114583 0.0166667 0.80351
0 0.100521 0.497685 0.01875 0.123148 0.833605
0 0.573698 0.421759 0.0234375 0.0842593 0.834653
0 0.703125 0.400926 0.0208333 0.0648148 0.895693
0 0.371354 0.446296 0.0260417 0.0962963 0.912044
0 0.742969 0.402315 0.0203125 0.0694444 0.91427
