0 0.346354 0.388426 0.009375 0.0472222 0.110875
0 0.627344 0.360648 0.0078125 0.0398148 0.111358
35 0.128385 0.500463 0.00989583 0.0157407 0.125889
0 0.425521 0.378241 0.0114583 0.0435185 0.127309
0 0.419271 0.374537 0.00729167 0.0416667 0.141819
0 0.741927 0.358796 0.0078125 0.0490741 0.142093
0 0.651302 0.364352 0.0078125 0.0398148 0.142455
0 0.553906 0.368056 0.00677083 0.0324074 0.144802
0 0.63724 0.359259 0.0109375 0.0425926 0.155845
0 0.765104 0.361574 0.00833333 0.0416667 0.157604
0 0.457292 0.374537 0.00729167 0.0416667 0.165363
0 0.676302 0.35 0.00989583 0.0333333 0.168083
0 0.369271 0.3875 0.00833333 0.0453704 0.174175
0 0.436719 0.37037 0.00989583 0.0333333 0.182151
0 0.331771 0.387037 0.009375 0.0333333 0.184821
0 0.230729 0.409722 0.0104167 0.0398148 0.190044
0 0.214844 0.328241 0.00572917 0.025 0.209319
0 0.66276 0.360185 0.00885417 0.0425926 0.215604
0 0.971615 0.361111 0.00677083 0.037037 0.245881
0 0.361719 0.387963 0.0130208 0.05 0.248107
0 0.878125 0.374074 0.00625 0.0296296 0.250113
0 0.0864583 0.349074 0.00625 0.0277778 0.30831
0 0.585417 0.3625 0.009375 0.0416667 0.332159
0 0.747917 0.35787 0.00833333 0.0527778 0.364146
0 0.288281 0.399074 0.0119792 0.0555556 0.405896
0 0.39974 0.38287 0.00989583 0.0435185 0.406904
0 0.30026 0.393981 0.00885417 0.0416667 0.432555
0 0.927865 0.355093 0.00677083 0.0287037 0.436874
0 0.689844 0.37037 0.00885417 0.0425926 0.444507
0 0.411458 0.38287 0.0114583 0.0453704 0.450728
0 0.544271 0.379167 0.009375 0.0435185 0.546358
0 0.979948 0.374537 0.00885417 0.0453704 0.562769
0 0.175521 0.41713 0.00833333 0.0435185 0.576327
0 0.609896 0.380556 0.0125 0.0611111 0.596024
0 0.791146 0.376389 0.0114583 0.0287037 0.637871
0 0.560156 0.385648 0.0171875 0.0453704 0.658339
0 0.903125 0.359722 0.0114583 0.0564815 0.688889
0 0.0164062 0.462037 0.0130208 0.0537037 0.707118
0 0.726562 0.391667 0.0197917 0.0574074 0.769005
0 0.147396 0.426852 0.0125 0.0537037 0.778372
0 0.590104 0.417593 0.0229167 0.0666667 0.779912
0 0.703906 0.391667 0.0203125 0.0537037 0.799823
0 0.673958 0.403704 0.028125 0.0907407 0.845692
32 0.698698 0.435648 0.00885417 0.0157407 0.861539
0 0.469531 0.392593 0.0223958 0.0981481 0.87594
0 0.236979 0.459722 0.021875 0.10463 0.896441
0 0.127865 0.485648 0.0276042 0.121296 0.897833
0 0.946615 0.416667 0.0307292 0.203704 0.900701
