0 0.279948 0.393056 0.0109375 0.0361111 0.102133
0 0.627604 0.360648 0.00833333 0.0416667 0.103074
0 0.239844 0.39537 0.00885417 0.0203704 0.10642
0 0.593229 0.375463 0.00625 0.0157407 0.108103
0 0.925781 0.359722 0.00677083 0.0472222 0.113502
0 0.830208 0.357407 0.0104167 0.0518519 0.119289
0 0.651823 0.364352 0.0078125 0.0398148 0.125491
0 0.26276 0.399537 0.00677083 0.025 0.138077
0 0.415365 0.375463 0.0078125 0.0416667 0.153278
0 0.558854 0.366667 0.009375 0.0314815 0.156742
0 0.996094 0.358796 0.0078125 0.0324074 0.159455
0 0.410677 0.380556 0.00989583 0.0444444 0.174588
0 0.277865 0.3875 0.0078125 0.0231481 0.176609
0 0.234375 0.412037 0.00833333 0.0462963 0.185602
0 0.767187 0.362037 0.0114583 0.0407407 0.187412
0 0.63724 0.359722 0.0119792 0.0435185 0.202656
0 0.820573 0.373148 0.0109375 0.0203704 0.204347
0 0.366927 0.388426 0.0109375 0.0453704 0.211706
0 0.663021 0.360648 0.009375 0.0435185 0.215696
0 0.24974 0.409722 0.0119792 0.0472222 0.220113
0 0.215104 0.328241 0.00625 0.025 0.242092
26 0.123438 0.485648 0.0125 0.0342593 0.26238
0 0.92526 0.349074 0.00677083 0.0222222 0.264837
32 0.716927 0.437963 0.00885417 0.0111111 0.269331
0 0.676302 0.35787 0.00989583 0.0490741 0.279894
0 0.286458 0.391667 0.009375 0.0314815 0.31362
0 0.359635 0.3875 0.0109375 0.0509259 0.313791
0 0.878646 0.373148 0.00625 0.0277778 0.320942
0 0.689844 0.368056 0.0078125 0.0398148 0.339437
0 0.229427 0.408796 0.0078125 0.0490741 0.355949
0 0.448177 0.374537 0.00677083 0.0398148 0.364157
0 0.433854 0.369907 0.00729167 0.0342593 0.37799
0 0.602083 0.3625 0.00833333 0.0416667 0.385354
0 0.308073 0.390278 0.00885417 0.037963 0.388283
0 0.747656 0.35787 0.00885417 0.0527778 0.415254
0 0.585156 0.362037 0.00885417 0.0407407 0.415873
0 0.397396 0.38287 0.00833333 0.0435185 0.43044
0 0.613802 0.376852 0.0130208 0.0481481 0.434015
0 0.328125 0.3875 0.00625 0.0324074 0.451083
0 0.0864583 0.348611 0.00625 0.0268519 0.497636
32 0.717448 0.429167 0.0078125 0.012037 0.513171
0 0.297656 0.395833 0.0109375 0.037963 0.524887
0 0.54375 0.378704 0.00833333 0.0444444 0.538495
0 0.980208 0.374074 0.00833333 0.0444444 0.543101
0 0.711719 0.389352 0.0213542 0.0601852 0.597783
0 0.791406 0.375926 0.0119792 0.0296296 0.615546
0 0.566927 0.384722 0.00989583 0.0453704 0.627195
0 0.138542 0.431019 0.0114583 0.0509259 0.656832
0 0.903385 0.360185 0.0109375 0.0574074 0.673531
0 0.171354 0.41713 0.00833333 0.0435185 0.711729
0 0.0145833 0.463426 0.015625 0.0546296 0.734922
0 0.703385 0.408333 0.0296875 0.0648148 0.80444
0 0.61901 0.4125 0.0286458 0.0657407 0.814211
0 0.738021 0.388889 0.0177083 0.0611111 0.814771
0 0.243229 0.461574 0.0177083 0.108333 0.856166
0 0.13151 0.485185 0.0286458 0.122222 0.888081
0 0.473177 0.391667 0.0192708 0.0944444 0.893963
0 0.946875 0.415741 0.0302083 0.203704 0.902792
