0 0.0380208 0.440741 0.00729167 0.0259259 0.108592
36 0.151562 0.541667 0.0239583 0.012963 0.130208
0 0.322396 0.396296 0.00729167 0.0407407 0.133236
0 0.664844 0.362963 0.00677083 0.0388889 0.138176
0 0.532292 0.373611 0.00729167 0.0342593 0.142287
0 0.328125 0.395833 0.009375 0.037963 0.144066
0 0.41901 0.379167 0.00572917 0.0324074 0.146328
0 0.688802 0.356944 0.0119792 0.0361111 0.151519
0 0.286979 0.403241 0.0104167 0.0416667 0.162264
0 0.64349 0.377778 0.00572917 0.0148148 0.165166
0 0.727604 0.35 0.0104167 0.0296296 0.184952
0 0.516146 0.37037 0.00833333 0.0407407 0.197632
0 0.479167 0.379167 0.009375 0.0398148 0.206522
0 0.701563 0.364815 0.009375 0.0444444 0.212538
0 0.169792 0.340741 0.00729167 0.0333333 0.215673
0 0.33776 0.389352 0.00885417 0.0305556 0.219914
0 0.933594 0.377778 0.00677083 0.0296296 0.220081
0 0.0369792 0.45 0.00833333 0.0425926 0.237323
0 0.510677 0.369907 0.00885417 0.0435185 0.250581
0 0.81849 0.365741 0.0109375 0.0425926 0.267191
0 0.316667 0.395833 0.00729167 0.0398148 0.295475
0 0.714323 0.362963 0.00885417 0.0444444 0.31999
0 0.8 0.361111 0.00833333 0.0537037 0.39118
0 0.280208 0.401389 0.00833333 0.0398148 0.393269
0 0.396615 0.386111 0.00989583 0.0351852 0.39522
0 0.615625 0.364352 0.00833333 0.037963 0.406452
0 0.0585938 0.444907 0.0078125 0.0398148 0.442223
0 0.652604 0.364352 0.00833333 0.0416667 0.47405
0 0.141146 0.34213 0.00625 0.0287037 0.481645
0 0.371615 0.396296 0.0078125 0.0444444 0.484426
0 0.264844 0.402315 0.00885417 0.037963 0.488343
0 0.0283854 0.45787 0.0130208 0.0490741 0.493684
0 0.0841146 0.451389 0.00989583 0.0472222 0.52878
0 0.09375 0.447222 0.0114583 0.0537037 0.547151
0 0.84401 0.380556 0.0130208 0.0296296 0.576305
0 0.736979 0.371759 0.009375 0.0472222 0.576806
0 0.234375 0.419444 0.009375 0.0481481 0.591353
0 0.296354 0.404167 0.0125 0.0472222 0.59267
0 0.635417 0.362963 0.00833333 0.0425926 0.618722
0 0.584635 0.38287 0.00885417 0.0398148 0.631491
0 0.251042 0.416667 0.0125 0.0481481 0.657248
0 0.54349 0.405093 0.0130208 0.062037 0.657347
0 0.553646 0.403241 0.015625 0.0675926 0.664693
0 0.730469 0.383796 0.0171875 0.0527778 0.726887
32 0.533073 0.438426 0.0078125 0.0138889 0.741086
0 0.685417 0.386111 0.0135417 0.05 0.778055
0 0.959635 0.366667 0.0119792 0.062963 0.781999
0 0.564844 0.397222 0.0151042 0.0740741 0.797944
0 0.00807292 0.47037 0.0140625 0.062963 0.804305
0 0.453646 0.4 0.0177083 0.1 0.856878
0 0.149479 0.489815 0.025 0.116667 0.868078
0 0.327344 0.439815 0.0203125 0.0740741 0.880359
0 0.989844 0.428241 0.0203125 0.219444 0.902393
