0 0.688542 0.352315 0.0104167 0.025 0.10033
0 0.370313 0.405556 0.00625 0.0222222 0.101957
0 0.0377604 0.45 0.0078125 0.0462963 0.107615
0 0.265625 0.401852 0.00833333 0.037037 0.112411
0 0.564583 0.383333 0.015625 0.0407407 0.116465
0 0.680208 0.360185 0.00729167 0.0388889 0.119506
0 0.324219 0.393519 0.0078125 0.0351852 0.120513
32 0.963802 0.471759 0.00989583 0.0101852 0.122143
0 0.33776 0.388889 0.00885417 0.0296296 0.125768
0 0.66901 0.3625 0.0078125 0.0398148 0.149829
0 0.528385 0.375 0.00885417 0.0333333 0.151779
0 0.727344 0.347685 0.00989583 0.025 0.160714
0 0.169531 0.339352 0.0078125 0.037963 0.161115
0 0.664583 0.362963 0.00729167 0.0388889 0.164025
0 0.608594 0.361111 0.0109375 0.0444444 0.172327
0 0.64349 0.377778 0.00572917 0.0148148 0.180091
0 0.059375 0.444444 0.00729167 0.037037 0.189846
0 0.369792 0.394444 0.00729167 0.0425926 0.215173
0 0.620052 0.361111 0.00572917 0.0351852 0.220745
0 0.460156 0.379167 0.00989583 0.0435185 0.227456
0 0.701042 0.364352 0.009375 0.0435185 0.23303
0 0.420052 0.378704 0.00677083 0.0314815 0.233281
0 0.197656 0.416204 0.00677083 0.0287037 0.283848
0 0.298177 0.401389 0.00989583 0.0435185 0.287477
0 0.479948 0.379167 0.00989583 0.0398148 0.291368
0 0.489062 0.377315 0.00729167 0.037963 0.302489
0 0.511979 0.368056 0.00625 0.0416667 0.30879
0 0.283594 0.400926 0.00885417 0.0425926 0.31302
0 0.714323 0.362963 0.00885417 0.0462963 0.316495
0 0.517969 0.368981 0.00885417 0.0398148 0.317217
36 0.453646 0.445833 0.01875 0.00833333 0.323346
0 0.817448 0.365741 0.00885417 0.0425926 0.35094
0 0.398438 0.385185 0.00729167 0.0333333 0.362424
0 0.259115 0.402315 0.0078125 0.037963 0.381035
0 0.141146 0.343056 0.00625 0.0287037 0.403922
0 0.8 0.361111 0.00833333 0.0555556 0.407327
0 0.317708 0.393519 0.00729167 0.0333333 0.415867
0 0.933333 0.378241 0.00625 0.0268519 0.436335
0 0.0330729 0.456481 0.0130208 0.0537037 0.441405
0 0.652604 0.363426 0.00833333 0.0416667 0.486422
0 0.725521 0.381481 0.0114583 0.0592593 0.496307
0 0.0833333 0.451852 0.009375 0.0481481 0.512804
0 0.736458 0.371296 0.0104167 0.0481481 0.52784
32 0.533073 0.437963 0.0078125 0.012963 0.532876
0 0.84401 0.380093 0.0130208 0.0305556 0.544905
0 0.635417 0.3625 0.00833333 0.0435185 0.586163
0 0.248958 0.41713 0.015625 0.0472222 0.631915
0 0.0942708 0.444444 0.0114583 0.0592593 0.633823
0 0.0078125 0.474074 0.015625 0.0537037 0.637841
0 0.583854 0.383333 0.009375 0.0407407 0.689375
0 0.232292 0.419444 0.0125 0.0481481 0.691612
0 0.544792 0.402315 0.0166667 0.0694444 0.722516
0 0.451562 0.400463 0.0197917 0.0953704 0.762407
0 0.561979 0.406019 0.025 0.0638889 0.766685
0 0.959635 0.366204 0.0109375 0.062037 0.772754
0 0.685677 0.385648 0.0140625 0.0509259 0.787526
0 0.322917 0.438889 0.0125 0.0703704 0.827323
0 0.14974 0.491667 0.0244792 0.114815 0.876834
0 0.989844 0.428704 0.0203125 0.22037 0.902134
