0 0.0846354 0.446296 0.0078125 0.0351852 0.101633
0 0.35599 0.394444 0.0078125 0.0314815 0.110867
0 0.34375 0.398611 0.00729167 0.037963 0.111833
0 0.75651 0.366667 0.0130208 0.0425926 0.118594
0 0.865365 0.373148 0.0078125 0.05 0.145606
0 0.0888021 0.446759 0.0119792 0.0361111 0.149872
0 0.336198 0.323611 0.00572917 0.025 0.163265
0 0.521094 0.384259 0.00885417 0.0351852 0.166889
13 0.0411458 0.45787 0.0364583 0.0287037 0.191369
0 0.820833 0.373611 0.00833333 0.0490741 0.198743
0 0.213021 0.337963 0.00625 0.0259259 0.208102
0 0.567969 0.377315 0.0109375 0.037963 0.216843
0 0.711719 0.383796 0.00572917 0.0175926 0.238075
0 0.51276 0.37963 0.0078125 0.0351852 0.25445
0 0.173177 0.436111 0.00885417 0.0481481 0.270823
0 0.859375 0.375463 0.00833333 0.0472222 0.275326
0 0.115885 0.437963 0.00885417 0.0407407 0.276745
0 0.579427 0.376852 0.00885417 0.0407407 0.280763
0 0.146875 0.442593 0.0125 0.0611111 0.288047
0 0.151302 0.435185 0.0109375 0.0481481 0.289659
0 0.0617188 0.449537 0.00885417 0.0472222 0.293074
0 0.617969 0.36713 0.00677083 0.0324074 0.296605
0 0.626562 0.37037 0.0114583 0.0444444 0.351519
0 0.83151 0.372222 0.0109375 0.0555556 0.355065
0 0.720573 0.368056 0.0078125 0.037963 0.356234
0 0.588802 0.377778 0.00989583 0.0388889 0.3626
0 0.130469 0.433796 0.0078125 0.0398148 0.367224
36 0.394531 0.493981 0.0203125 0.0194444 0.369499
0 0.871615 0.371296 0.00885417 0.0555556 0.373506
0 0.783333 0.371296 0.009375 0.0444444 0.384938
0 0.177865 0.425 0.0078125 0.0425926 0.397503
0 0.890625 0.375926 0.0104167 0.0444444 0.401349
0 0.186719 0.427315 0.00677083 0.0342593 0.417536
0 0.548177 0.377315 0.0109375 0.0416667 0.430625
0 0.239844 0.425926 0.0151042 0.0462963 0.434096
0 0.797135 0.369907 0.00989583 0.0546296 0.444782
0 0.472917 0.386111 0.0114583 0.0444444 0.466597
0 0.167187 0.4375 0.0114583 0.0490741 0.478045
0 0.804167 0.382407 0.0145833 0.0425926 0.479319
0 0.109896 0.448611 0.0114583 0.0416667 0.482974
0 0.216667 0.419907 0.00729167 0.0398148 0.528235
0 0.703385 0.37037 0.0078125 0.0407407 0.567743
0 0.0145833 0.461574 0.0135417 0.0435185 0.6168
0 0.5375 0.407407 0.01875 0.0592593 0.621997
0 0.261719 0.421296 0.0119792 0.0481481 0.687388
0 0.916667 0.391667 0.0125 0.0296296 0.692078
0 0.391406 0.444444 0.0276042 0.1 0.789726
32 0.566667 0.464352 0.009375 0.0157407 0.837522
0 0.545573 0.427778 0.0338542 0.0888889 0.850517
0 0.373698 0.453241 0.0421875 0.108333 0.85877
0 0.76276 0.405556 0.0151042 0.0759259 0.871546
0 0.571875 0.425463 0.0354167 0.0712963 0.875214
0 0.438802 0.413426 0.0234375 0.108333 0.878416
0 0.723437 0.406944 0.0208333 0.0675926 0.906251
0 0.103906 0.502315 0.0276042 0.113889 0.909494
