0 0.541927 0.373148 0.00989583 0.0333333 0.116687
0 0.0898438 0.444907 0.00885417 0.0324074 0.119843
13 0.613802 0.380093 0.0442708 0.0305556 0.126099
0 0.339323 0.323611 0.00572917 0.025 0.128146
0 0.216406 0.338426 0.00572917 0.025 0.136728
0 0.865104 0.375 0.009375 0.0481481 0.14006
0 0.736198 0.370833 0.00677083 0.037963 0.140635
0 0.771615 0.372222 0.0109375 0.0425926 0.149957
0 0.519792 0.383796 0.0104167 0.0398148 0.176502
0 0.622135 0.366667 0.00677083 0.0314815 0.196167
0 0.189844 0.427778 0.00677083 0.0333333 0.203253
0 0.823438 0.373611 0.00833333 0.0509259 0.205338
13 0.0559896 0.458333 0.0515625 0.0259259 0.207531
0 0.571615 0.378241 0.0109375 0.037963 0.217557
0 0.715365 0.384259 0.00677083 0.0166667 0.24023
0 0.59375 0.376852 0.00833333 0.0388889 0.244719
0 0.158333 0.433796 0.009375 0.0435185 0.275334
0 0.413802 0.390278 0.00885417 0.0342593 0.279589
0 0.177344 0.437963 0.0109375 0.0462963 0.308907
0 0.183073 0.424074 0.0078125 0.0444444 0.315507
0 0.723958 0.368056 0.00833333 0.037963 0.319798
0 0.135156 0.431944 0.0078125 0.0361111 0.326461
0 0.585417 0.376389 0.009375 0.0416667 0.329959
0 0.894792 0.375926 0.0104167 0.0462963 0.341299
0 0.552344 0.378241 0.0109375 0.0435185 0.342795
0 0.120312 0.437037 0.00833333 0.0425926 0.357193
0 0.834115 0.371759 0.0119792 0.0546296 0.373416
0 0.169792 0.438426 0.009375 0.0453704 0.375088
0 0.0205729 0.45 0.0192708 0.0666667 0.404156
0 0.63151 0.37037 0.00885417 0.0462963 0.410455
0 0.535156 0.402778 0.0119792 0.0481481 0.418664
0 0.0677083 0.450463 0.009375 0.0472222 0.431577
0 0.800521 0.37037 0.0104167 0.0537037 0.438293
0 0.87526 0.371759 0.00885417 0.0564815 0.445228
0 0.478646 0.385648 0.009375 0.0435185 0.449842
0 0.241667 0.421759 0.0114583 0.0546296 0.495411
0 0.114323 0.448148 0.00989583 0.0425926 0.513232
0 0.7875 0.370833 0.009375 0.0453704 0.523423
0 0.153125 0.441204 0.015625 0.062037 0.524667
0 0.808073 0.380556 0.0151042 0.0481481 0.587179
0 0.264062 0.42037 0.0125 0.0481481 0.622786
0 0.216146 0.419444 0.0104167 0.0425926 0.635414
0 0.706771 0.37037 0.00833333 0.0425926 0.673935
0 0.920313 0.391667 0.0125 0.0296296 0.692853
0 0.382812 0.444444 0.028125 0.0944444 0.775326
32 0.558594 0.4625 0.00989583 0.0138889 0.800247
0 0.545573 0.427778 0.0328125 0.087037 0.821785
0 0.763542 0.406481 0.015625 0.0759259 0.852241
0 0.358594 0.453704 0.0317708 0.111111 0.855464
0 0.726562 0.407407 0.01875 0.0703704 0.86623
0 0.0981771 0.501852 0.0213542 0.114815 0.890984
0 0.567708 0.425463 0.03125 0.0768519 0.893197
0 0.438281 0.414815 0.0296875 0.109259 0.902414
