0 0.442708 0.375463 0.00833333 0.0361111 0.1049
0 0.133594 0.343519 0.00572917 0.0259259 0.10527
0 0.816146 0.367593 0.00833333 0.0407407 0.107453
0 0.447656 0.379167 0.0130208 0.0472222 0.114159
36 0.414062 0.454167 0.015625 0.012037 0.135801
0 0.672396 0.365278 0.00729167 0.0416667 0.139923
0 0.436719 0.376389 0.00572917 0.0305556 0.151767
0 0.478646 0.378704 0.00833333 0.0388889 0.154405
0 0.490104 0.376852 0.009375 0.0407407 0.160416
0 0.529948 0.357407 0.00885417 0.0240741 0.161472
0 0.279948 0.398611 0.00885417 0.0361111 0.166649
0 0.636198 0.379167 0.0046875 0.0157407 0.197474
0 0.752604 0.365278 0.0104167 0.0546296 0.197986
0 0.130469 0.431019 0.00677083 0.0305556 0.211418
0 0.779427 0.368519 0.00885417 0.0481481 0.225205
0 0.68099 0.359722 0.0119792 0.0361111 0.229774
0 0.532292 0.384722 0.0135417 0.0305556 0.242285
0 0.70651 0.364352 0.00885417 0.0435185 0.274483
0 0.785677 0.366667 0.0078125 0.0481481 0.274507
0 0.460677 0.378704 0.0109375 0.0444444 0.276073
0 0.0794271 0.45 0.00885417 0.05 0.292292
0 0.502083 0.374074 0.0104167 0.0444444 0.302271
0 0.329427 0.398148 0.00885417 0.0481481 0.311229
0 0.810156 0.367593 0.00885417 0.0425926 0.316945
0 0.0872396 0.449537 0.0109375 0.0527778 0.359592
0 0.0971354 0.440741 0.0109375 0.0537037 0.365512
0 0.188021 0.423611 0.0104167 0.0546296 0.417218
0 0.338281 0.397685 0.0119792 0.0527778 0.463422
0 0.644792 0.365741 0.00833333 0.0407407 0.471114
0 0.0651042 0.442593 0.0104167 0.0481481 0.483086
0 0.352865 0.394444 0.0109375 0.0444444 0.492043
0 0.719792 0.362037 0.0104167 0.0481481 0.494712
0 0.792448 0.363426 0.0078125 0.0546296 0.507451
0 0.308854 0.397222 0.00625 0.0407407 0.520343
0 0.196094 0.42963 0.00989583 0.0425926 0.53485
0 0.629687 0.366204 0.00833333 0.0398148 0.566003
0 0.009375 0.465741 0.009375 0.05 0.567903
0 0.210677 0.422685 0.0109375 0.0490741 0.702918
0 0.951302 0.367593 0.00989583 0.0611111 0.729285
0 0.835677 0.382407 0.0130208 0.0296296 0.730673
0 0.0375 0.461111 0.0135417 0.0685185 0.74215
0 0.730729 0.392593 0.0135417 0.062963 0.746647
0 0.68151 0.397222 0.0171875 0.0537037 0.825131
0 0.528385 0.430556 0.0369792 0.0888889 0.825504
0 0.411979 0.407407 0.0177083 0.107407 0.834096
0 0.119531 0.494907 0.0182292 0.125 0.871542
0 0.317187 0.441204 0.0208333 0.0842593 0.877543
0 0.582292 0.427315 0.0322917 0.0805556 0.900786
0 0.985677 0.428704 0.0286458 0.218519 0.917508
0 0.463542 0.43287 0.0364583 0.0898148 0.939367
