0 0.278646 0.393519 0.009375 0.0351852 0.103854
0 0.829948 0.357407 0.0109375 0.0518519 0.104912
0 0.970573 0.362037 0.00885417 0.0407407 0.107988
0 0.417448 0.37963 0.0078125 0.0407407 0.108459
0 0.304948 0.39213 0.0078125 0.037963 0.109193
0 0.997135 0.358333 0.00572917 0.0314815 0.119428
0 0.627865 0.360185 0.0078125 0.0407407 0.12835
0 0.742448 0.358796 0.0078125 0.0490741 0.133951
0 0.684115 0.358333 0.0078125 0.0407407 0.138806
0 0.708333 0.347222 0.0114583 0.0259259 0.142654
0 0.765885 0.362037 0.00885417 0.0407407 0.149375
0 0.215104 0.328241 0.00520833 0.025 0.16476
0 0.878646 0.373148 0.00625 0.0277778 0.180801
0 0.651302 0.3625 0.00885417 0.0416667 0.190452
0 0.259635 0.398611 0.00572917 0.0231481 0.204527
0 0.63724 0.359259 0.0119792 0.0425926 0.217483
0 0.421875 0.378241 0.0135417 0.0416667 0.228358
0 0.453385 0.374074 0.00989583 0.0425926 0.236807
0 0.434896 0.37037 0.0104167 0.0333333 0.257319
0 0.926302 0.352778 0.00677083 0.0296296 0.258781
0 0.239583 0.406481 0.00833333 0.0425926 0.261575
0 0.368229 0.387963 0.0104167 0.0444444 0.262709
0 0.284896 0.399537 0.015625 0.0527778 0.264676
0 0.410937 0.38287 0.0104167 0.0416667 0.312522
0 0.00807292 0.464815 0.00885417 0.05 0.314495
0 0.248437 0.410185 0.0114583 0.0462963 0.325307
0 0.557031 0.366667 0.00677083 0.0314815 0.342296
0 0.601823 0.361111 0.0078125 0.0407407 0.342536
0 0.329167 0.3875 0.00729167 0.0324074 0.344167
0 0.676562 0.358333 0.009375 0.05 0.360576
0 0.663021 0.361574 0.009375 0.0453704 0.369366
0 0.360156 0.3875 0.0109375 0.0490741 0.37994
0 0.747917 0.35787 0.00833333 0.0527778 0.390744
0 0.0864583 0.349074 0.00625 0.0277778 0.419316
0 0.298698 0.395833 0.0109375 0.037963 0.43312
0 0.980469 0.374537 0.0078125 0.0435185 0.471445
0 0.398698 0.383333 0.0078125 0.0425926 0.528391
0 0.230729 0.410185 0.0114583 0.0481481 0.569908
0 0.791406 0.376389 0.0119792 0.0287037 0.594923
0 0.584896 0.361574 0.009375 0.0416667 0.621562
0 0.544271 0.379167 0.009375 0.0453704 0.63891
0 0.708333 0.389352 0.0177083 0.0564815 0.645532
0 0.172917 0.41713 0.00729167 0.0435185 0.670501
0 0.565365 0.386111 0.00885417 0.0444444 0.686716
0 0.903125 0.359722 0.0114583 0.0564815 0.691409
0 0.0151042 0.462963 0.0145833 0.0537037 0.729519
0 0.14349 0.429167 0.0140625 0.0490741 0.747423
0 0.733854 0.389352 0.0229167 0.0601852 0.794636
0 0.692969 0.398611 0.0244792 0.0805556 0.801951
0 0.607813 0.406481 0.03125 0.0888889 0.833835
32 0.709375 0.433796 0.009375 0.0175926 0.885932
0 0.128906 0.485648 0.0255208 0.121296 0.888704
0 0.239844 0.463426 0.0213542 0.10463 0.899772
0 0.946875 0.415741 0.0302083 0.203704 0.899863
0 0.470833 0.393056 0.025 0.0972222 0.926867
