0 0.113542 0.344444 0.00729167 0.037037 0.100741
0 0.591146 0.375926 0.00625 0.0148148 0.102795
0 0.985156 0.352315 0.00677083 0.0212963 0.111388
0 0.697396 0.363889 0.009375 0.0444444 0.119007
0 0.617448 0.3625 0.00677083 0.0361111 0.125181
0 0.210156 0.408796 0.00677083 0.037963 0.136265
0 0.822917 0.358333 0.00833333 0.0462963 0.142482
0 0.739062 0.358333 0.00833333 0.0462963 0.145983
0 0.57474 0.362963 0.00677083 0.0388889 0.148532
0 0.659375 0.360648 0.009375 0.0416667 0.150425
0 0.325781 0.387037 0.00677083 0.0388889 0.169138
0 0.914323 0.359722 0.0078125 0.0416667 0.169204
0 0.347135 0.387963 0.00989583 0.0481481 0.174878
0 0.357292 0.391204 0.0114583 0.0435185 0.177883
0 0.414583 0.375926 0.00729167 0.037037 0.206627
0 0.672917 0.356481 0.0114583 0.0481481 0.22047
0 0.705469 0.359722 0.0109375 0.0527778 0.239809
0 0.914583 0.348148 0.00729167 0.0185185 0.249418
0 0.401823 0.381481 0.0119792 0.0462963 0.266089
0 0.422135 0.373611 0.0109375 0.037963 0.280848
0 0.611458 0.3625 0.00833333 0.037963 0.291847
0 0.690104 0.36713 0.00729167 0.0398148 0.296137
0 0.377344 0.384722 0.00885417 0.0416667 0.30083
0 0.386979 0.385185 0.009375 0.0425926 0.312494
0 0.314323 0.389352 0.00989583 0.0342593 0.345993
0 0.230208 0.403704 0.00833333 0.0351852 0.351548
0 0.28151 0.396296 0.0078125 0.0425926 0.362996
0 0.211979 0.328241 0.00625 0.025 0.367143
0 0.635156 0.359259 0.0119792 0.0444444 0.391753
0 0.541667 0.379167 0.00833333 0.0435185 0.439455
0 0.215625 0.410185 0.009375 0.0462963 0.454691
0 0.745052 0.358333 0.00885417 0.0518519 0.466067
0 0.599479 0.3625 0.00833333 0.0416667 0.471217
0 0.582031 0.361574 0.00885417 0.0416667 0.509436
0 0.244531 0.407407 0.0109375 0.0518519 0.550887
0 0.0835937 0.349074 0.00677083 0.0277778 0.596454
0 0.976823 0.375463 0.00885417 0.0398148 0.598276
0 0.257031 0.406944 0.00989583 0.0472222 0.627248
0 0.788542 0.375926 0.0114583 0.0296296 0.629988
0 0.108594 0.438426 0.00989583 0.0527778 0.645243
0 0.90026 0.360648 0.0109375 0.0583333 0.651361
0 0.566667 0.384259 0.0104167 0.0462963 0.658311
0 0.626042 0.378241 0.0114583 0.0583333 0.671873
0 0.154687 0.421296 0.0114583 0.0444444 0.675389
0 0.00859375 0.464815 0.0119792 0.0574074 0.695619
32 0.78151 0.40463 0.00677083 0.0111111 0.760733
0 0.764323 0.376852 0.0140625 0.0740741 0.806841
0 0.683594 0.39537 0.0182292 0.0777778 0.816049
0 0.496875 0.386574 0.015625 0.0935185 0.859635
0 0.132292 0.484722 0.0239583 0.125 0.859985
0 0.944271 0.415741 0.03125 0.203704 0.892545
0 0.27526 0.458796 0.0213542 0.125 0.893404
0 0.728385 0.399537 0.0234375 0.0842593 0.911901
