0 0.263542 0.393981 0.00833333 0.0287037 0.110601
0 0.330729 0.384722 0.00520833 0.0342593 0.11131
0 0.635677 0.363426 0.00677083 0.0361111 0.111507
0 0.853646 0.372222 0.00520833 0.0259259 0.139055
0 0.572135 0.363426 0.00677083 0.0416667 0.153293
0 0.253125 0.406944 0.009375 0.0453704 0.18088
0 0.297396 0.389815 0.00625 0.0388889 0.2103
0 0.372396 0.385185 0.00625 0.037037 0.214956
0 0.548177 0.3625 0.00572917 0.0305556 0.22118
0 0.334635 0.384259 0.00572917 0.0333333 0.230023
0 0.614583 0.360648 0.0125 0.0453704 0.239736
0 0.190885 0.32963 0.00572917 0.0240741 0.2494
0 0.579167 0.364352 0.00833333 0.0416667 0.265571
0 0.357812 0.3875 0.0114583 0.0453704 0.275435
0 0.685417 0.360648 0.0135417 0.0527778 0.278929
0 0.189583 0.414815 0.0104167 0.0462963 0.281035
0 0.639844 0.361574 0.00989583 0.0416667 0.293172
0 0.665104 0.366667 0.009375 0.0481481 0.308417
0 0.0604167 0.350463 0.00625 0.0287037 0.323219
0 0.319531 0.392593 0.0140625 0.0481481 0.330536
0 0.722917 0.360648 0.0104167 0.0564815 0.356835
0 0.391667 0.374074 0.00625 0.0351852 0.357706
0 0.767187 0.375 0.0104167 0.0296296 0.407392
0 0.995833 0.374074 0.00833333 0.0555556 0.416648
0 0.653385 0.359259 0.00989583 0.05 0.436599
0 0.346875 0.393056 0.0104167 0.0416667 0.439719
0 0.247656 0.408796 0.00885417 0.0453704 0.465782
0 0.671875 0.369907 0.00833333 0.0435185 0.468
0 0.234896 0.411574 0.0104167 0.0453704 0.538289
0 0.202604 0.406019 0.009375 0.0342593 0.569472
0 0.561458 0.362963 0.00833333 0.0425926 0.577278
0 0.183594 0.413889 0.0119792 0.0518519 0.613421
0 0.953125 0.368056 0.00833333 0.0546296 0.628984
0 0.0578125 0.448148 0.0125 0.0537037 0.652528
0 0.555208 0.383796 0.0135417 0.0453704 0.682893
0 0.877865 0.359722 0.0109375 0.0583333 0.694019
0 0.115625 0.427315 0.0104167 0.0435185 0.741571
0 0.532292 0.37963 0.015625 0.0462963 0.747223
0 0.714844 0.386574 0.0130208 0.0583333 0.750741
0 0.623177 0.379167 0.0151042 0.0527778 0.76658
0 0.696875 0.391204 0.015625 0.0712963 0.777438
0 0.757031 0.381944 0.0151042 0.062037 0.790954
32 0.815104 0.404167 0.00625 0.012037 0.793348
0 0.738281 0.392593 0.0171875 0.0814815 0.799783
0 0.109635 0.488426 0.0234375 0.126852 0.858149
0 0.498698 0.387037 0.0223958 0.0925926 0.888444
0 0.921615 0.413889 0.0338542 0.2 0.901295
0 0.290365 0.459722 0.0307292 0.121296 0.921575
