36 0.327344 0.472222 0.0130208 0.00925926 0.113535
0 0.785937 0.366667 0.009375 0.0462963 0.115494
0 0.792708 0.363889 0.00833333 0.0462963 0.117777
0 0.815625 0.366204 0.00729167 0.0416667 0.121518
36 0.153646 0.537963 0.0104167 0.012963 0.123189
0 0.664062 0.363889 0.00729167 0.037037 0.129411
0 0.373698 0.396296 0.00677083 0.0388889 0.138208
0 0.053125 0.439352 0.009375 0.0212963 0.139474
0 0.510156 0.366204 0.00677083 0.0305556 0.15672
0 0.265885 0.325926 0.00572917 0.0259259 0.16499
0 0.70026 0.363889 0.00885417 0.0444444 0.17386
0 0.335677 0.388426 0.00989583 0.0324074 0.179052
0 0.270833 0.401852 0.00729167 0.0407407 0.179227
0 0.678906 0.363426 0.0078125 0.0453704 0.183358
0 0.819792 0.365278 0.0114583 0.0435185 0.193416
0 0.472396 0.379167 0.009375 0.0398148 0.211505
0 0.642187 0.377315 0.00520833 0.0157407 0.217316
0 0.425 0.381481 0.0104167 0.0444444 0.220944
0 0.314323 0.398148 0.0109375 0.0425926 0.222684
0 0.216406 0.412963 0.00677083 0.0277778 0.226309
0 0.482292 0.378704 0.009375 0.0388889 0.230823
0 0.0278646 0.45787 0.0109375 0.0342593 0.254385
0 0.650521 0.363889 0.00833333 0.0407407 0.284381
0 0.502344 0.368981 0.0078125 0.0416667 0.284407
0 0.388802 0.387037 0.00677083 0.0351852 0.289199
0 0.438281 0.382407 0.0109375 0.0462963 0.296737
0 0.168229 0.339815 0.00729167 0.037037 0.2982
0 0.411979 0.37963 0.00729167 0.0314815 0.314405
0 0.034375 0.440741 0.00833333 0.0240741 0.344824
0 0.598698 0.364352 0.0078125 0.0398148 0.345566
0 0.798958 0.360648 0.00833333 0.0527778 0.356406
0 0.0541667 0.447685 0.0114583 0.037963 0.363835
0 0.279948 0.406944 0.0140625 0.0509259 0.372515
0 0.241406 0.418519 0.0119792 0.0444444 0.40303
0 0.71276 0.362963 0.00885417 0.0444444 0.429845
0 0.583073 0.382407 0.00885417 0.0407407 0.470429
0 0.0114583 0.460648 0.0145833 0.0490741 0.483583
0 0.140104 0.343056 0.00625 0.0268519 0.496835
0 0.0893229 0.450463 0.00989583 0.0472222 0.500023
0 0.842448 0.380093 0.0119792 0.0287037 0.566274
0 0.726302 0.359722 0.00989583 0.0490741 0.567905
0 0.0828125 0.450463 0.0104167 0.0490741 0.568326
0 0.25651 0.414815 0.0130208 0.0481481 0.613283
0 0.633854 0.362963 0.00833333 0.0425926 0.615978
0 0.533854 0.403241 0.0125 0.0657407 0.665289
32 0.540885 0.440741 0.00885417 0.012963 0.698222
0 0.738802 0.380556 0.0151042 0.0611111 0.71047
0 0.540885 0.411574 0.0203125 0.0712963 0.71568
0 0.570833 0.393056 0.0145833 0.0731481 0.782963
0 0.688021 0.384259 0.0166667 0.0481481 0.783291
0 0.958594 0.366204 0.0109375 0.0601852 0.803221
0 0.455729 0.398611 0.0166667 0.0990741 0.829312
0 0.326042 0.438426 0.0197917 0.075 0.864794
0 0.14349 0.489352 0.0307292 0.119444 0.899852
0 0.989583 0.428704 0.0208333 0.22037 0.91062
