0 0.104427 0.418981 0.00572917 0.0231481 0.120482
0 0.340625 0.384722 0.00729167 0.0398148 0.121813
0 0.566927 0.376852 0.00572917 0.0148148 0.132792
0 0.84974 0.372222 0.00572917 0.0259259 0.134222
0 0.601042 0.361574 0.00729167 0.0416667 0.135269
0 0.592708 0.3625 0.00625 0.037963 0.15158
0 0.972135 0.352778 0.00677083 0.0240741 0.184597
0 0.541667 0.360648 0.00625 0.025 0.186547
0 0.788281 0.359722 0.00989583 0.0472222 0.18893
0 0.586979 0.3625 0.00729167 0.0398148 0.190049
0 0.259375 0.393056 0.00833333 0.0324074 0.193124
0 0.946615 0.353241 0.0078125 0.025 0.196713
0 0.271615 0.393981 0.00989583 0.0342593 0.203204
0 0.557813 0.355556 0.00833333 0.0240741 0.217102
0 0.7375 0.3625 0.0104167 0.0435185 0.252972
0 0.610677 0.359259 0.0119792 0.0444444 0.256423
0 0.636979 0.360648 0.00833333 0.0416667 0.296674
0 0.183854 0.413426 0.00833333 0.0398148 0.307019
0 0.756771 0.384722 0.009375 0.0546296 0.314059
0 0.364323 0.385185 0.0109375 0.0481481 0.319405
0 0.76276 0.381944 0.0130208 0.0416667 0.338894
0 0.68125 0.360185 0.0114583 0.0537037 0.349266
0 0.659896 0.360648 0.009375 0.0472222 0.358384
0 0.336198 0.383333 0.00677083 0.0351852 0.368504
0 0.0567708 0.350926 0.00625 0.0296296 0.388509
0 0.290365 0.391667 0.0109375 0.0407407 0.392442
0 0.649479 0.35787 0.0104167 0.0490741 0.392882
0 0.310156 0.393519 0.0119792 0.05 0.398621
0 0.719792 0.358333 0.009375 0.0518519 0.43567
0 0.57526 0.363889 0.00885417 0.0407407 0.438065
0 0.384896 0.375463 0.009375 0.0342593 0.443791
0 0.346354 0.387037 0.0125 0.0462963 0.459696
0 0.948438 0.368056 0.009375 0.0527778 0.462749
0 0.988021 0.3625 0.00625 0.037963 0.540543
0 0.670052 0.369444 0.00989583 0.0444444 0.546261
0 0.173177 0.418981 0.0119792 0.0490741 0.559338
0 0.198698 0.406481 0.00885417 0.0333333 0.56208
0 0.710938 0.383796 0.0125 0.0564815 0.568982
0 0.250521 0.40787 0.0125 0.0472222 0.570576
0 0.04375 0.450926 0.015625 0.0518519 0.598956
0 0.236198 0.410185 0.0109375 0.0444444 0.643935
0 0.873438 0.359259 0.0104167 0.0574074 0.649599
0 0.556771 0.382407 0.0114583 0.0462963 0.668827
0 0.629167 0.375926 0.0135417 0.0574074 0.708527
0 0.534375 0.381019 0.00833333 0.0435185 0.710651
0 0.701563 0.388426 0.0114583 0.0712963 0.747044
32 0.829427 0.402315 0.00677083 0.012037 0.759765
0 0.744531 0.39213 0.0286458 0.0768519 0.841743
0 0.508594 0.384259 0.0161458 0.0907407 0.857329
0 0.106771 0.488889 0.0260417 0.127778 0.878825
0 0.917188 0.412963 0.0354167 0.2 0.901708
0 0.304427 0.459259 0.0411458 0.124074 0.921397
