0 0.485938 0.377778 0.00833333 0.0388889 0.108508
0 0.534635 0.374074 0.00572917 0.0314815 0.114579
36 0.326302 0.472685 0.0109375 0.00833333 0.1341
0 0.66849 0.3625 0.00677083 0.037963 0.141384
0 0.321354 0.396759 0.00729167 0.0416667 0.156163
0 0.477344 0.379167 0.00885417 0.0398148 0.168318
0 0.688542 0.356481 0.0114583 0.0351852 0.176127
0 0.64349 0.377778 0.00572917 0.0166667 0.180478
0 0.664844 0.363426 0.00677083 0.037963 0.189588
0 0.727604 0.353704 0.0104167 0.037037 0.203576
0 0.515885 0.37037 0.00885417 0.0425926 0.205296
0 0.169792 0.340741 0.00729167 0.0351852 0.214083
0 0.33776 0.388889 0.00885417 0.0296296 0.218832
0 0.315885 0.395833 0.00677083 0.037963 0.231913
0 0.598698 0.366667 0.00677083 0.0388889 0.232803
0 0.701563 0.364815 0.009375 0.0444444 0.233778
0 0.933594 0.378704 0.00677083 0.0277778 0.260276
0 0.509635 0.37037 0.0109375 0.0425926 0.285329
0 0.613802 0.363889 0.00989583 0.0351852 0.311237
0 0.818229 0.365741 0.009375 0.0425926 0.323234
0 0.714583 0.3625 0.009375 0.0435185 0.329352
0 0.0375 0.449074 0.00729167 0.0407407 0.367613
0 0.278906 0.401852 0.0078125 0.0388889 0.381588
0 0.205469 0.415278 0.00677083 0.0287037 0.39166
0 0.141146 0.34213 0.00625 0.0287037 0.398776
0 0.417448 0.37963 0.00572917 0.0314815 0.410959
0 0.79974 0.361574 0.0078125 0.0546296 0.441668
0 0.29401 0.403704 0.0151042 0.05 0.455431
0 0.652604 0.364352 0.00833333 0.0416667 0.457616
0 0.372135 0.395833 0.0078125 0.0435185 0.471347
0 0.540885 0.400463 0.0109375 0.062037 0.479692
36 0.151302 0.54213 0.0244792 0.0138889 0.483115
0 0.0583333 0.445833 0.00833333 0.0398148 0.495105
0 0.395833 0.387037 0.0104167 0.037037 0.505046
0 0.0927083 0.45 0.0104167 0.0462963 0.505595
0 0.251302 0.416204 0.0119792 0.0490741 0.511802
0 0.266146 0.402315 0.009375 0.0398148 0.521373
0 0.73724 0.372222 0.00989583 0.0481481 0.53182
0 0.084375 0.450926 0.009375 0.0481481 0.540999
0 0.235938 0.418519 0.009375 0.0462963 0.551088
0 0.844271 0.380556 0.0125 0.0296296 0.601188
0 0.635156 0.363426 0.00885417 0.0435185 0.640831
0 0.0273438 0.45787 0.0151042 0.0509259 0.657684
0 0.584635 0.382407 0.00885417 0.0407407 0.679312
0 0.73151 0.387037 0.0203125 0.0481481 0.716511
0 0.00755208 0.469907 0.0151042 0.062037 0.738729
32 0.533073 0.437963 0.0078125 0.012963 0.739003
0 0.959635 0.366204 0.0119792 0.062037 0.760624
0 0.685677 0.384722 0.0130208 0.0472222 0.765874
0 0.55026 0.402778 0.0203125 0.0703704 0.778377
0 0.453906 0.399074 0.0161458 0.1 0.823715
0 0.329427 0.439352 0.0234375 0.0731481 0.836531
0 0.566146 0.396759 0.0177083 0.0712963 0.864212
0 0.147656 0.489815 0.0234375 0.116667 0.878846
0 0.989844 0.428704 0.0203125 0.22037 0.906079
