0 0.2625 0.402315 0.009375 0.0361111 0.101091
0 0.473958 0.378704 0.00729167 0.0407407 0.101566
0 0.786458 0.36713 0.00833333 0.0472222 0.104625
0 0.793229 0.364815 0.00833333 0.0481481 0.107464
0 0.5375 0.387037 0.009375 0.0351852 0.108088
32 0.536198 0.437963 0.0078125 0.012963 0.111502
0 0.266406 0.326389 0.00572917 0.025 0.115288
0 0.31224 0.396296 0.00572917 0.0388889 0.118944
0 0.750521 0.365741 0.009375 0.0462963 0.122524
0 0.688281 0.35 0.0109375 0.0222222 0.122725
0 0.760417 0.362963 0.0104167 0.0537037 0.128593
0 0.0294271 0.456481 0.0109375 0.0333333 0.130781
0 0.933073 0.378241 0.00677083 0.0287037 0.132108
0 0.664062 0.363426 0.00729167 0.037963 0.150223
0 0.908854 0.362963 0.009375 0.05 0.15502
0 0.373958 0.398611 0.00729167 0.0361111 0.15843
0 0.642969 0.377778 0.00572917 0.0148148 0.166792
0 0.0223958 0.45787 0.0104167 0.0472222 0.179681
0 0.336719 0.387963 0.00885417 0.0314815 0.189061
0 0.701302 0.363889 0.00885417 0.0425926 0.217357
0 0.0359375 0.447222 0.00833333 0.0388889 0.221542
0 0.414583 0.379167 0.00729167 0.0324074 0.244087
0 0.504948 0.370833 0.00677083 0.0416667 0.248972
0 0.427344 0.378241 0.0119792 0.0453704 0.263169
0 0.214062 0.413426 0.00625 0.0268519 0.267631
0 0.817448 0.365741 0.00885417 0.0425926 0.284966
0 0.483073 0.378241 0.0109375 0.0398148 0.304948
0 0.603125 0.363889 0.00729167 0.037037 0.306639
0 0.00364583 0.485648 0.00729167 0.0324074 0.329537
0 0.799479 0.361574 0.00833333 0.0546296 0.342722
0 0.536198 0.40787 0.0119792 0.0712963 0.347244
0 0.16901 0.339815 0.0078125 0.0351852 0.362553
0 0.651563 0.363889 0.00833333 0.0407407 0.363401
0 0.315625 0.396296 0.0114583 0.0444444 0.365888
0 0.440885 0.381481 0.00989583 0.0462963 0.387738
0 0.713542 0.362963 0.009375 0.0444444 0.413564
0 0.285417 0.405556 0.009375 0.05 0.417064
0 0.0546875 0.448148 0.0114583 0.0407407 0.422304
0 0.240625 0.418056 0.0114583 0.0453704 0.435756
0 0.140625 0.342593 0.00625 0.0277778 0.447055
0 0.274219 0.402315 0.00677083 0.0398148 0.45404
0 0.726823 0.359722 0.00989583 0.0490741 0.45904
0 0.0148437 0.460648 0.0109375 0.0509259 0.484793
0 0.583854 0.381944 0.009375 0.0416667 0.52211
0 0.254948 0.415278 0.0119792 0.0472222 0.522249
0 0.634635 0.3625 0.00885417 0.0435185 0.527877
0 0.843229 0.380093 0.0125 0.0305556 0.541806
0 0.0830729 0.450463 0.00885417 0.0490741 0.592504
0 0.0901042 0.450463 0.009375 0.0472222 0.610548
0 0.73776 0.378241 0.0130208 0.0638889 0.740448
0 0.542448 0.410185 0.0203125 0.0648148 0.768043
0 0.959375 0.366204 0.0114583 0.062037 0.780437
0 0.45625 0.398611 0.0145833 0.0990741 0.822417
0 0.688021 0.383333 0.0166667 0.05 0.826011
0 0.326042 0.438426 0.0166667 0.0768519 0.838104
0 0.569271 0.39537 0.0177083 0.0703704 0.840314
0 0.145573 0.488889 0.0307292 0.118519 0.891408
0 0.989844 0.428704 0.0203125 0.22037 0.905087
