35 0.12526 0.498148 0.0078125 0.0166667 0.106708
0 0.295312 0.39213 0.009375 0.0342593 0.111175
0 0.614844 0.363426 0.0078125 0.0398148 0.133009
0 0.66224 0.358333 0.00885417 0.0407407 0.133296
0 0.285677 0.391204 0.00677083 0.0305556 0.148176
0 0.627604 0.360648 0.00833333 0.0416667 0.149928
0 0.433073 0.375926 0.00885417 0.0425926 0.165225
36 0.128906 0.54213 0.0255208 0.0101852 0.177815
0 0.636979 0.359259 0.0114583 0.0425926 0.183504
0 0.235677 0.405556 0.00885417 0.0444444 0.193427
0 0.370313 0.387037 0.00833333 0.0462963 0.20556
0 0.215365 0.328241 0.00572917 0.025 0.212383
0 0.928646 0.363426 0.00833333 0.0527778 0.241429
0 0.708854 0.360185 0.0114583 0.0537037 0.254412
0 0.347917 0.387963 0.009375 0.0462963 0.263853
0 0.4375 0.373611 0.00833333 0.0435185 0.269269
0 0.766146 0.360648 0.0104167 0.0453704 0.277277
0 0.363802 0.386574 0.0109375 0.0490741 0.282781
0 0.243229 0.409259 0.0104167 0.05 0.285578
0 0.333854 0.386111 0.00833333 0.0333333 0.328842
0 0.676562 0.358796 0.0104167 0.0509259 0.331098
0 0.878646 0.374074 0.00625 0.0259259 0.335196
0 0.41224 0.382407 0.00885417 0.0425926 0.344146
0 0.747917 0.358333 0.00833333 0.0537037 0.381581
0 0.585156 0.361574 0.00989583 0.0435185 0.388088
0 0.0864583 0.349537 0.00625 0.0268519 0.388983
0 0.421354 0.375 0.009375 0.0425926 0.446122
0 0.689583 0.371296 0.009375 0.0444444 0.449927
0 0.544531 0.379167 0.00885417 0.0453704 0.473557
0 0.229167 0.414352 0.0104167 0.0435185 0.47798
0 0.402083 0.383333 0.0104167 0.0407407 0.506155
0 0.980208 0.372685 0.009375 0.0509259 0.531606
0 0.791146 0.376389 0.0114583 0.0287037 0.624264
0 0.55599 0.386111 0.0171875 0.05 0.63107
0 0.0174479 0.462963 0.0119792 0.0518519 0.64239
0 0.606771 0.383333 0.0125 0.0592593 0.721741
0 0.903125 0.360185 0.0114583 0.0574074 0.725075
0 0.180208 0.416667 0.0125 0.0425926 0.731324
0 0.151562 0.428704 0.0125 0.05 0.783922
0 0.698438 0.393056 0.0135417 0.0490741 0.794306
32 0.686719 0.438889 0.00885417 0.0166667 0.841268
0 0.71901 0.393056 0.0265625 0.0564815 0.853713
0 0.577344 0.411111 0.0307292 0.0814815 0.85876
0 0.657031 0.405093 0.0307292 0.0898148 0.887123
0 0.463281 0.393519 0.0140625 0.0981481 0.889932
0 0.946354 0.41713 0.0322917 0.20463 0.895215
0 0.235938 0.461574 0.01875 0.0935185 0.905129
0 0.127083 0.486111 0.0302083 0.12037 0.913952
