0 0.880729 0.378704 0.0114583 0.05 0.101382
0 0.193229 0.426389 0.00729167 0.037963 0.101596
0 0.828906 0.378241 0.00885417 0.0416667 0.102573
0 0.791146 0.374537 0.00729167 0.037963 0.108637
0 0.797396 0.375463 0.00729167 0.037963 0.114214
0 0.926823 0.37963 0.0078125 0.05 0.116616
0 0.839063 0.376852 0.00833333 0.0444444 0.120133
0 0.460677 0.385185 0.00989583 0.0333333 0.131427
0 0.0179687 0.451852 0.00989583 0.0222222 0.135229
0 0.163542 0.43287 0.009375 0.037963 0.138503
0 0.200521 0.423611 0.009375 0.037963 0.148954
0 0.0734375 0.458796 0.0114583 0.0416667 0.151981
0 0.953385 0.382407 0.0119792 0.0481481 0.152895
0 0.760938 0.371296 0.009375 0.037037 0.172334
0 0.807292 0.374537 0.00729167 0.0453704 0.179803
0 0.272396 0.424074 0.0125 0.0425926 0.189875
0 0.920573 0.382407 0.0078125 0.0481481 0.192884
0 0.84349 0.376852 0.00885417 0.0462963 0.19565
0 0.891146 0.377778 0.0114583 0.0555556 0.203027
0 0.0205729 0.430093 0.00572917 0.0231481 0.220562
0 0.653646 0.376852 0.0114583 0.0407407 0.233319
0 0.0341146 0.472685 0.00885417 0.0342593 0.241662
0 0.134635 0.431944 0.00677083 0.0361111 0.254005
0 0.779688 0.372685 0.00833333 0.0398148 0.260233
0 0.469531 0.386574 0.00885417 0.0324074 0.284958
0 0.816406 0.372685 0.0119792 0.0472222 0.299337
0 0.508333 0.384722 0.00833333 0.0416667 0.313485
0 0.51276 0.418056 0.0109375 0.062037 0.321141
0 0.00677083 0.469907 0.0125 0.0546296 0.331469
0 0.230208 0.433333 0.0114583 0.0537037 0.335669
0 0.5875 0.380556 0.00833333 0.0351852 0.342204
0 0.686979 0.369907 0.00729167 0.0361111 0.346659
0 0.520573 0.401852 0.00989583 0.0462963 0.359465
0 0.85651 0.373611 0.0109375 0.0527778 0.386971
0 0.566406 0.384259 0.00885417 0.0407407 0.391653
0 0.933333 0.377778 0.009375 0.0592593 0.403015
0 0.551302 0.390278 0.0109375 0.037963 0.428102
0 0.111458 0.444907 0.015625 0.0453704 0.429063
0 0.410937 0.400463 0.009375 0.0546296 0.43345
0 0.186458 0.4375 0.00833333 0.0416667 0.433812
0 0.704427 0.37037 0.00989583 0.0425926 0.435522
0 0.146875 0.436574 0.009375 0.0435185 0.436126
0 0.979427 0.400463 0.0130208 0.0305556 0.465601
0 0.729688 0.371759 0.0104167 0.0435185 0.466917
0 0.295312 0.418981 0.0114583 0.0472222 0.485923
0 0.488802 0.385648 0.00885417 0.037963 0.515038
0 0.259375 0.472222 0.0208333 0.0907407 0.622306
0 0.864062 0.386574 0.015625 0.0490741 0.655664
0 0.348698 0.405556 0.0130208 0.0462963 0.674914
32 0.516146 0.481019 0.009375 0.0194444 0.832612
0 0.242188 0.477315 0.0354167 0.100926 0.833193
0 0.619792 0.418056 0.0208333 0.0842593 0.848434
0 0.498437 0.441204 0.0291667 0.108333 0.861705
0 0.757812 0.415741 0.0208333 0.0833333 0.867229
0 0.44375 0.418981 0.0260417 0.112037 0.881129
0 0.774219 0.415741 0.0192708 0.0907407 0.884139
0 0.065625 0.50463 0.0229167 0.101852 0.936298
