0 0.633594 0.376389 0.00677083 0.0157407 0.107649
0 0.749479 0.3625 0.0104167 0.0546296 0.117685
0 0.0296875 0.452778 0.0114583 0.0444444 0.120791
0 0.25651 0.325463 0.00572917 0.025 0.126107
0 0.466667 0.376389 0.00729167 0.0453704 0.12785
0 0.692448 0.363889 0.0078125 0.0407407 0.133095
0 0.155208 0.425463 0.00729167 0.0305556 0.146024
13 0.260417 0.420833 0.0614583 0.0416667 0.147334
0 0.739323 0.363889 0.00885417 0.0481481 0.149035
0 0.516406 0.368056 0.0130208 0.0416667 0.156151
0 0.130208 0.344444 0.00520833 0.0259259 0.165488
0 0.776563 0.364815 0.00833333 0.0444444 0.176397
0 0.489062 0.376389 0.00833333 0.037963 0.185875
0 0.257031 0.401852 0.00677083 0.037037 0.190105
0 0.276042 0.397685 0.00729167 0.0361111 0.197508
0 0.477604 0.375463 0.00729167 0.0398148 0.19949
0 0.783333 0.363426 0.00729167 0.0472222 0.204661
0 0.0395833 0.447685 0.009375 0.0453704 0.208759
0 0.463021 0.377315 0.00833333 0.0453704 0.212574
0 0.703385 0.361574 0.00885417 0.0435185 0.241661
0 0.641927 0.363889 0.00989583 0.0407407 0.255946
0 0.0046875 0.459259 0.009375 0.0462963 0.277135
0 0.326823 0.397222 0.00885417 0.05 0.287286
0 0.716406 0.352778 0.00989583 0.0351852 0.287704
0 0.807552 0.364352 0.00885417 0.0416667 0.295134
0 0.319792 0.398148 0.0125 0.0481481 0.329192
0 0.331771 0.394907 0.00833333 0.0361111 0.35324
0 0.724219 0.371296 0.00989583 0.0444444 0.412702
0 0.224479 0.419444 0.0104167 0.0481481 0.467203
0 0.290625 0.399074 0.0104167 0.0407407 0.470045
0 0.447656 0.37963 0.0119792 0.0462963 0.494542
0 0.401042 0.383333 0.00729167 0.037037 0.498948
0 0.788802 0.360648 0.00885417 0.0546296 0.512785
0 0.347917 0.4 0.009375 0.0407407 0.544573
0 0.205208 0.423148 0.0104167 0.0481481 0.557758
0 0.624479 0.362963 0.00833333 0.0425926 0.559583
0 0.071875 0.452778 0.0104167 0.0518519 0.598629
0 0.0859375 0.451389 0.0125 0.0490741 0.599861
0 0.0174479 0.46713 0.0182292 0.0657407 0.643206
0 0.832812 0.378704 0.0125 0.0296296 0.653778
0 0.217187 0.419444 0.0114583 0.0537037 0.656077
0 0.559635 0.382407 0.0119792 0.0462963 0.666061
0 0.711458 0.387037 0.0114583 0.0574074 0.676359
0 0.527604 0.404167 0.0177083 0.0805556 0.709131
0 0.947656 0.364815 0.0109375 0.062963 0.711947
0 0.541406 0.402778 0.0140625 0.0722222 0.759344
0 0.513281 0.410185 0.0328125 0.0703704 0.76405
0 0.0580729 0.448148 0.0151042 0.0518519 0.769554
0 0.680208 0.387963 0.015625 0.0574074 0.786489
0 0.421615 0.405093 0.0265625 0.10463 0.861448
0 0.304167 0.439352 0.015625 0.0861111 0.884003
0 0.136719 0.492593 0.0244792 0.122222 0.913154
0 0.984115 0.425926 0.0317708 0.218519 0.913983
