13 0.266927 0.413889 0.0307292 0.0296296 0.107965
0 0.829948 0.356944 0.0109375 0.0527778 0.111747
0 0.627604 0.360185 0.00833333 0.0407407 0.114672
0 0.248698 0.394444 0.00885417 0.0185185 0.12043
0 0.81875 0.372222 0.0104167 0.0203704 0.131735
0 0.995573 0.353704 0.0078125 0.0222222 0.14617
0 0.765885 0.362037 0.00885417 0.0407407 0.152993
0 0.63724 0.358796 0.0119792 0.0453704 0.168961
0 0.285937 0.392593 0.00833333 0.0351852 0.184093
0 0.357812 0.388426 0.009375 0.0472222 0.213263
0 0.925 0.348611 0.00729167 0.0231481 0.229168
26 0.123698 0.486574 0.0109375 0.0324074 0.231117
0 0.878385 0.373148 0.00677083 0.0277778 0.241031
0 0.364844 0.387963 0.0109375 0.0462963 0.254703
0 0.663021 0.361111 0.009375 0.0425926 0.255489
0 0.236458 0.4125 0.0104167 0.0546296 0.266674
0 0.215365 0.328704 0.00572917 0.0259259 0.268145
0 0.676302 0.357407 0.00989583 0.0481481 0.321199
0 0.295052 0.394907 0.0078125 0.037963 0.335438
0 0.407813 0.381481 0.0104167 0.0462963 0.342137
0 0.560938 0.365741 0.00833333 0.0314815 0.353233
0 0.227865 0.407407 0.0078125 0.0444444 0.360112
0 0.310937 0.389352 0.009375 0.037963 0.3697
0 0.747656 0.357407 0.00885417 0.0518519 0.383925
0 0.326823 0.3875 0.00677083 0.0324074 0.388565
0 0.689583 0.368981 0.00833333 0.0435185 0.400047
0 0.584896 0.362037 0.009375 0.0407407 0.402188
0 0.415104 0.375 0.00833333 0.0425926 0.411244
0 0.601823 0.362963 0.0078125 0.0407407 0.414249
0 0.444271 0.374074 0.0104167 0.0388889 0.416122
0 0.396354 0.383333 0.0104167 0.0425926 0.435334
0 0.432552 0.369907 0.00677083 0.0342593 0.444413
0 0.0864583 0.349074 0.00625 0.0277778 0.454917
0 0.135677 0.433333 0.0130208 0.0537037 0.58178
0 0.616927 0.381481 0.0109375 0.0537037 0.587293
0 0.170052 0.418519 0.00989583 0.0425926 0.587978
0 0.979948 0.374074 0.0078125 0.0425926 0.598893
0 0.56901 0.385648 0.00989583 0.0453704 0.603137
0 0.790885 0.375926 0.0119792 0.0296296 0.641319
0 0.54349 0.378704 0.0078125 0.0444444 0.65257
0 0.903125 0.360648 0.0114583 0.0583333 0.669256
0 0.0140625 0.462963 0.015625 0.0537037 0.759218
0 0.717708 0.396296 0.0177083 0.0518519 0.798342
0 0.634375 0.412037 0.01875 0.0703704 0.868145
0 0.478125 0.389352 0.0145833 0.0935185 0.877241
0 0.132812 0.485185 0.0302083 0.122222 0.880822
0 0.704427 0.406481 0.0192708 0.0685185 0.882489
0 0.740365 0.3875 0.0203125 0.0638889 0.883625
0 0.946615 0.415278 0.0307292 0.202778 0.896806
0 0.246094 0.460648 0.0244792 0.112037 0.918893
