0 0.661458 0.359722 0.0114583 0.0435185 0.107776
0 0.696354 0.363426 0.0104167 0.0472222 0.109625
0 0.351302 0.390741 0.0078125 0.0444444 0.109827
0 0.284375 0.390278 0.00625 0.0287037 0.111182
0 0.879167 0.372685 0.00729167 0.0287037 0.11659
0 0.685677 0.35463 0.00885417 0.0333333 0.116976
0 0.911979 0.349074 0.00729167 0.0222222 0.130683
0 0.820833 0.358796 0.009375 0.0472222 0.135614
0 0.221615 0.408333 0.00677083 0.037037 0.142329
0 0.983073 0.352315 0.00572917 0.0194444 0.170257
0 0.610677 0.362963 0.00677083 0.0388889 0.170705
0 0.672656 0.356944 0.00989583 0.0472222 0.183314
0 0.245573 0.410648 0.0078125 0.0453704 0.18479
0 0.911979 0.361574 0.00729167 0.0490741 0.201938
0 0.228385 0.40463 0.0078125 0.0333333 0.203341
0 0.573958 0.363426 0.00625 0.0361111 0.210243
0 0.409635 0.378704 0.0109375 0.0425926 0.220937
0 0.419792 0.372222 0.009375 0.0333333 0.22765
0 0.346354 0.389815 0.0125 0.0481481 0.235049
0 0.370573 0.385648 0.0078125 0.0435185 0.235432
0 0.238802 0.394907 0.00677083 0.0305556 0.238842
0 0.211198 0.328241 0.00572917 0.025 0.244228
0 0.329948 0.391204 0.0119792 0.0490741 0.246044
0 0.357812 0.393056 0.009375 0.0416667 0.262635
0 0.398698 0.381481 0.00989583 0.0462963 0.267802
0 0.704948 0.360648 0.0109375 0.0527778 0.280058
0 0.385417 0.385185 0.0104167 0.0425926 0.350163
0 0.634896 0.358333 0.0104167 0.0425926 0.359586
29 0.284635 0.442593 0.0151042 0.00925926 0.367172
0 0.279427 0.393519 0.00989583 0.0351852 0.375035
0 0.729167 0.391667 0.0104167 0.0555556 0.381273
0 0.598698 0.362963 0.00885417 0.0425926 0.381658
0 0.74349 0.357407 0.00885417 0.05 0.386484
0 0.0822917 0.348611 0.00625 0.0268519 0.396909
0 0.213021 0.411574 0.009375 0.0453704 0.447977
0 0.311719 0.390278 0.0078125 0.0342593 0.507256
0 0.541406 0.379167 0.0078125 0.0453704 0.51855
0 0.58151 0.361111 0.00885417 0.0425926 0.521269
0 0.565885 0.383333 0.00989583 0.0462963 0.530424
0 0.7875 0.37963 0.0114583 0.037037 0.535366
32 0.78776 0.396759 0.00677083 0.0101852 0.53538
0 0.151562 0.421759 0.009375 0.0453704 0.562365
0 0.76849 0.385185 0.0109375 0.0555556 0.614906
0 0.259115 0.407407 0.0130208 0.0481481 0.628376
0 0.627865 0.379167 0.0119792 0.0527778 0.691195
0 0.975781 0.374537 0.00885417 0.0435185 0.693935
0 0.899479 0.360648 0.0104167 0.0601852 0.704701
0 0.00651042 0.464352 0.0119792 0.0564815 0.751789
0 0.104948 0.438889 0.0119792 0.0537037 0.783126
0 0.688802 0.39537 0.0192708 0.0777778 0.8208
0 0.130729 0.484722 0.0208333 0.125 0.852099
0 0.499479 0.387037 0.0177083 0.0925926 0.859697
0 0.7375 0.401389 0.025 0.075 0.880565
0 0.94375 0.415278 0.0322917 0.202778 0.880919
0 0.279427 0.462037 0.0265625 0.12037 0.907414
