38 0.956771 0.410185 0.0114583 0.0222222 0.116617
0 0.757552 0.362963 0.0078125 0.0425926 0.129519
0 0.216406 0.410648 0.00572917 0.0268519 0.131133
0 0.985937 0.367593 0.009375 0.0611111 0.144427
0 0.308854 0.389815 0.009375 0.0314815 0.146199
0 0.636198 0.363426 0.00677083 0.037963 0.153583
0 0.148438 0.34213 0.00833333 0.0324074 0.158628
0 0.745573 0.363426 0.00677083 0.0305556 0.159995
0 0.389062 0.383796 0.00833333 0.0453704 0.175996
32 0.541927 0.452778 0.00677083 0.0111111 0.181465
0 0.277344 0.396759 0.00677083 0.0361111 0.188717
0 0.653125 0.361574 0.00833333 0.0453704 0.189166
34 0.957031 0.410648 0.0130208 0.0231481 0.196515
0 0.872135 0.363426 0.00989583 0.0453704 0.208308
0 0.139062 0.343981 0.00833333 0.0342593 0.217593
0 0.615104 0.377315 0.00625 0.0157407 0.231111
0 0.659375 0.361111 0.0114583 0.0444444 0.243115
0 0.00234375 0.450463 0.0046875 0.0305556 0.243699
0 0.413281 0.384722 0.00989583 0.0416667 0.246057
0 0.789323 0.364352 0.0109375 0.0416667 0.261785
0 0.731771 0.361574 0.0104167 0.0546296 0.267834
0 0.238281 0.326852 0.00572917 0.0259259 0.285453
0 0.271615 0.397222 0.0078125 0.0388889 0.285601
0 0.402865 0.383796 0.0109375 0.0472222 0.296727
0 0.476302 0.36713 0.00677083 0.0324074 0.311509
0 0.770052 0.360185 0.00885417 0.0518519 0.386939
0 0.902344 0.376852 0.00572917 0.0277778 0.395912
0 0.685417 0.360648 0.009375 0.0416667 0.402457
0 0.466146 0.371296 0.0114583 0.0407407 0.402783
0 0.698958 0.360185 0.0104167 0.0481481 0.425812
0 0.623958 0.362963 0.00833333 0.0425926 0.448973
0 0.375781 0.384722 0.0109375 0.0453704 0.455951
0 0.0177083 0.452315 0.009375 0.0416667 0.476883
0 0.71224 0.371296 0.00989583 0.0444444 0.494145
0 0.0489583 0.456944 0.0104167 0.0490741 0.540241
0 0.0565104 0.455093 0.0109375 0.0472222 0.543087
0 0.110677 0.34537 0.00572917 0.0259259 0.552968
0 0.523438 0.392593 0.0135417 0.0537037 0.581515
36 0.111458 0.547222 0.0197917 0.0111111 0.582734
0 0.353385 0.39537 0.0130208 0.0462963 0.608646
0 0.241406 0.415278 0.0119792 0.0472222 0.665899
0 0.227083 0.416667 0.0114583 0.05 0.666011
0 0.607031 0.362963 0.00885417 0.0407407 0.702544
0 0.928385 0.3625 0.0109375 0.0583333 0.704911
0 0.814323 0.378241 0.0119792 0.0287037 0.718239
0 0.556771 0.393056 0.01875 0.0638889 0.739278
0 0.723698 0.38287 0.0140625 0.0601852 0.75548
0 0.675781 0.383796 0.0182292 0.0472222 0.805288
0 0.508594 0.405093 0.0171875 0.0675926 0.849346
32 0.555729 0.449537 0.00833333 0.0157407 0.850287
0 0.538802 0.412963 0.0255208 0.0925926 0.851602
0 0.281771 0.441667 0.01875 0.0833333 0.862989
0 0.440885 0.398148 0.0244792 0.0981481 0.892564
0 0.108333 0.490278 0.0239583 0.121296 0.894659
0 0.968229 0.422685 0.0385417 0.210185 0.924513
