0 0.698958 0.363426 0.0104167 0.0453704 0.114707
0 0.735156 0.362963 0.00885417 0.0425926 0.117046
0 0.651823 0.364352 0.0078125 0.0398148 0.122562
0 0.221615 0.416204 0.0078125 0.0453704 0.122796
0 0.627865 0.360648 0.00885417 0.0416667 0.138548
0 0.286719 0.393519 0.00885417 0.0333333 0.170484
0 0.63776 0.360185 0.0119792 0.0425926 0.173834
0 0.355469 0.387037 0.00989583 0.0462963 0.17757
0 0.878646 0.374537 0.00625 0.0287037 0.196551
0 0.215365 0.328241 0.00572917 0.025 0.205178
0 0.21276 0.406019 0.00885417 0.0398148 0.20791
0 0.54349 0.379167 0.0119792 0.0435185 0.214049
0 0.378125 0.386574 0.00833333 0.0435185 0.21759
0 0.979688 0.373611 0.00729167 0.0398148 0.228534
0 0.279687 0.395833 0.0104167 0.0342593 0.244352
0 0.415885 0.380556 0.00885417 0.0407407 0.264485
0 0.222396 0.427315 0.00625 0.025 0.270196
0 0.663281 0.361574 0.00885417 0.0435185 0.274619
0 0.233594 0.40463 0.00677083 0.0351852 0.278546
0 0.934635 0.353241 0.00677083 0.0287037 0.278809
0 0.247656 0.40463 0.0078125 0.0425926 0.303773
0 0.766406 0.363426 0.0109375 0.0416667 0.318324
0 0.241146 0.403241 0.009375 0.0416667 0.318555
0 0.676562 0.358796 0.009375 0.0490741 0.332309
0 0.690885 0.369907 0.00885417 0.0416667 0.33367
0 0.40599 0.381481 0.00989583 0.0425926 0.334107
0 0.344531 0.393056 0.0151042 0.0453704 0.338194
0 0.429688 0.373611 0.009375 0.0416667 0.356804
0 0.371094 0.386574 0.0119792 0.0490741 0.360386
0 0.602344 0.3625 0.0078125 0.0416667 0.36698
0 0.484115 0.37037 0.0109375 0.037037 0.397268
0 0.747917 0.359259 0.00833333 0.0537037 0.415918
0 0.9875 0.360185 0.009375 0.0388889 0.447045
0 0.0226563 0.4625 0.0151042 0.0490741 0.474767
0 0.188021 0.414352 0.00833333 0.0435185 0.489293
0 0.0867188 0.348611 0.00677083 0.0268519 0.495282
0 0.167448 0.418519 0.0078125 0.0444444 0.505229
0 0.314583 0.39213 0.0135417 0.0490741 0.599692
0 0.903646 0.362037 0.009375 0.0592593 0.63203
0 0.791406 0.376852 0.0119792 0.0277778 0.643937
0 0.684635 0.387963 0.0130208 0.05 0.715146
0 0.588281 0.384722 0.0171875 0.062037 0.732118
0 0.710938 0.386111 0.015625 0.062963 0.775848
32 0.63776 0.447222 0.00989583 0.0166667 0.811696
0 0.450521 0.395833 0.021875 0.0953704 0.813362
0 0.239583 0.455093 0.01875 0.0953704 0.884663
0 0.946094 0.417593 0.0338542 0.203704 0.889955
0 0.533594 0.410648 0.0244792 0.0768519 0.893705
0 0.114323 0.492593 0.0286458 0.127778 0.909276
0 0.614323 0.416204 0.0286458 0.0916667 0.941277
