0 0.87526 0.375463 0.0078125 0.0509259 0.101479
0 0.560417 0.37963 0.00833333 0.0425926 0.103165
0 0.763281 0.369907 0.0078125 0.0416667 0.108983
0 0.835938 0.375 0.009375 0.0481481 0.109952
0 0.308854 0.466667 0.021875 0.0981481 0.122497
13 0.69375 0.381481 0.0416667 0.0259259 0.123074
0 0.504167 0.418519 0.0135417 0.0518519 0.123776
0 0.199219 0.428704 0.00677083 0.037037 0.130086
0 0.882552 0.373148 0.00885417 0.0555556 0.139884
0 0.108073 0.440741 0.00885417 0.0388889 0.142572
0 0.735677 0.369444 0.00885417 0.037037 0.144261
0 0.00911458 0.46713 0.00885417 0.037963 0.145245
0 0.747917 0.372222 0.009375 0.0407407 0.147248
0 0.152604 0.430556 0.00729167 0.0388889 0.157478
0 0.55599 0.37963 0.0109375 0.0444444 0.161388
0 0.907292 0.376389 0.0114583 0.0472222 0.167805
0 0.090625 0.445833 0.00833333 0.0416667 0.179973
0 0.0828125 0.444907 0.00833333 0.0435185 0.195039
0 0.846615 0.372685 0.0140625 0.0564815 0.202356
0 0.370313 0.393981 0.00729167 0.0361111 0.204512
0 0.193229 0.434259 0.00833333 0.0462963 0.206534
0 0.0132813 0.47037 0.0151042 0.0462963 0.209002
0 0.772917 0.368519 0.0125 0.0462963 0.234891
0 0.784115 0.372685 0.00989583 0.0472222 0.236035
0 0.393229 0.407407 0.009375 0.0351852 0.249641
0 0.538021 0.377778 0.009375 0.0351852 0.253453
0 0.364062 0.39537 0.009375 0.0407407 0.25768
0 0.567969 0.377315 0.0109375 0.0435185 0.261371
0 0.308854 0.441204 0.01875 0.0472222 0.270361
0 0.584375 0.377778 0.009375 0.0388889 0.275571
0 0.24401 0.425463 0.00885417 0.0472222 0.283981
0 0.207031 0.419444 0.0109375 0.0444444 0.307986
0 0.663802 0.369444 0.0109375 0.0425926 0.313733
0 0.238281 0.429167 0.00885417 0.0435185 0.322991
0 0.799219 0.372222 0.00989583 0.0481481 0.345413
0 0.43776 0.388426 0.0109375 0.037963 0.351809
0 0.279427 0.413889 0.00989583 0.0481481 0.353404
0 0.184896 0.436111 0.0114583 0.05 0.365195
0 0.133333 0.443981 0.009375 0.0416667 0.365449
0 0.81276 0.371296 0.0109375 0.0555556 0.383577
0 0.88776 0.373148 0.00885417 0.0592593 0.387173
0 0.639063 0.366667 0.0104167 0.0314815 0.389859
0 0.265625 0.421759 0.0125 0.0490741 0.409369
0 0.652604 0.367593 0.00625 0.0388889 0.434743
0 0.603385 0.376852 0.0130208 0.0407407 0.445682
0 0.0484375 0.456481 0.0104167 0.0444444 0.488657
0 0.718229 0.37037 0.00833333 0.0425926 0.512378
0 0.174219 0.436574 0.0130208 0.0601852 0.51895
0 0.820052 0.38287 0.0161458 0.0453704 0.527438
0 0.457552 0.3875 0.0140625 0.0416667 0.535323
0 0.932552 0.393981 0.0130208 0.0305556 0.656912
0 0.292969 0.472685 0.0442708 0.108333 0.816777
0 0.735156 0.410648 0.0161458 0.0787037 0.825355
32 0.523438 0.468981 0.009375 0.0175926 0.835982
0 0.757552 0.411574 0.0223958 0.0768519 0.859864
0 0.507552 0.437963 0.0286458 0.0888889 0.863554
0 0.428125 0.42037 0.0302083 0.107407 0.870213
0 0.0666667 0.505556 0.0208333 0.111111 0.90417
0 0.577344 0.423148 0.0348958 0.0796296 0.945646
