13 0.270312 0.413889 0.0447917 0.0314815 0.112089
0 0.91901 0.35 0.00677083 0.0222222 0.120318
0 0.114583 0.341667 0.00833333 0.0407407 0.129446
0 0.826302 0.35787 0.0119792 0.0490741 0.138149
0 0.003125 0.475 0.00625 0.0407407 0.159632
0 0.989844 0.35787 0.0078125 0.0305556 0.163934
0 0.613281 0.362963 0.0078125 0.0388889 0.180327
0 0.636719 0.358796 0.0119792 0.0435185 0.186673
0 0.877344 0.372685 0.00572917 0.0268519 0.187971
0 0.233594 0.406944 0.00885417 0.0453704 0.193721
0 0.210417 0.406944 0.00833333 0.0398148 0.215352
0 0.697135 0.364815 0.00989583 0.0481481 0.221972
0 0.359375 0.390741 0.009375 0.0444444 0.223794
0 0.707552 0.360185 0.0109375 0.0518519 0.238289
0 0.335156 0.388889 0.0078125 0.0481481 0.238821
0 0.766146 0.3625 0.0114583 0.0398148 0.243069
0 0.661198 0.359259 0.00885417 0.0407407 0.260074
0 0.352344 0.390278 0.00989583 0.0472222 0.269695
0 0.320833 0.3875 0.00833333 0.0361111 0.308233
0 0.734375 0.390278 0.0135417 0.0564815 0.316444
0 0.214062 0.328241 0.00625 0.025 0.36485
0 0.746354 0.35787 0.00833333 0.0527778 0.371518
0 0.405469 0.380556 0.0109375 0.0462963 0.398808
0 0.675521 0.357407 0.0114583 0.05 0.405396
0 0.689583 0.369907 0.0104167 0.0435185 0.405919
0 0.242188 0.412037 0.0104167 0.0462963 0.412638
0 0.429167 0.374074 0.0114583 0.0425926 0.430437
0 0.601302 0.362963 0.0078125 0.0425926 0.431958
0 0.390885 0.384259 0.00989583 0.0444444 0.436135
0 0.978906 0.374074 0.00885417 0.0425926 0.470967
0 0.28724 0.395833 0.0109375 0.0398148 0.496949
0 0.583333 0.361111 0.0104167 0.0425926 0.498567
0 0.0854167 0.348611 0.00625 0.0287037 0.514067
0 0.223698 0.409259 0.0109375 0.0444444 0.566203
0 0.789844 0.375926 0.0119792 0.0296296 0.570095
0 0.255729 0.403241 0.0114583 0.0564815 0.580269
0 0.567969 0.383796 0.00989583 0.0453704 0.600312
0 0.161458 0.419444 0.00833333 0.0444444 0.614873
0 0.542708 0.379167 0.00833333 0.0453704 0.635039
0 0.902083 0.360185 0.0114583 0.0592593 0.676111
0 0.757812 0.388426 0.0177083 0.0564815 0.704637
0 0.622396 0.380093 0.0135417 0.0546296 0.762325
0 0.0106771 0.463889 0.0119792 0.0555556 0.809222
0 0.666146 0.398148 0.0177083 0.0833333 0.843347
0 0.71849 0.399537 0.0421875 0.0842593 0.855898
0 0.132292 0.484259 0.03125 0.125926 0.857032
0 0.946094 0.415741 0.0296875 0.203704 0.900249
0 0.489062 0.389352 0.025 0.0953704 0.904925
0 0.263802 0.461574 0.0307292 0.119444 0.912639
