0 0.66901 0.362963 0.0078125 0.0388889 0.101696
0 0.2875 0.402778 0.0104167 0.0425926 0.105131
29 0.325781 0.472222 0.0130208 0.00925926 0.10578
0 0.0382813 0.439815 0.0078125 0.0240741 0.110431
0 0.530729 0.375463 0.009375 0.0324074 0.110628
0 0.00286458 0.47037 0.00572917 0.0574074 0.113238
0 0.488542 0.377315 0.00729167 0.0361111 0.118596
0 0.323438 0.394907 0.00833333 0.037963 0.125092
0 0.64349 0.377778 0.00572917 0.0148148 0.144958
0 0.688802 0.356944 0.0119792 0.0361111 0.14583
0 0.664583 0.362963 0.00729167 0.0388889 0.152406
0 0.727344 0.348611 0.00989583 0.0268519 0.170042
0 0.516667 0.369907 0.00833333 0.0398148 0.182818
0 0.701302 0.364352 0.00989583 0.0435185 0.186871
0 0.510938 0.368519 0.00729167 0.0407407 0.187577
0 0.3375 0.388889 0.009375 0.0314815 0.205992
0 0.169531 0.340278 0.0078125 0.0342593 0.206239
0 0.0372396 0.450926 0.00885417 0.0444444 0.213343
0 0.419531 0.379167 0.00572917 0.0324074 0.22357
0 0.479688 0.378241 0.0104167 0.0398148 0.25696
0 0.714323 0.3625 0.00885417 0.0453704 0.29108
0 0.817708 0.366204 0.009375 0.0416667 0.293051
0 0.933594 0.378241 0.00677083 0.0287037 0.296134
0 0.616406 0.363426 0.00677083 0.037963 0.301893
0 0.0291667 0.45787 0.0125 0.0490741 0.307445
0 0.280469 0.400463 0.0078125 0.0416667 0.342261
0 0.396615 0.385185 0.00885417 0.0351852 0.342272
0 0.264323 0.402315 0.00989583 0.037963 0.351311
0 0.0588542 0.444907 0.00729167 0.0398148 0.361468
0 0.8 0.361111 0.00833333 0.0537037 0.383029
0 0.316927 0.39537 0.0078125 0.037037 0.38441
0 0.371354 0.396296 0.00729167 0.0425926 0.390672
0 0.652604 0.363426 0.00833333 0.0416667 0.471702
0 0.141406 0.34213 0.00572917 0.0287037 0.484538
0 0.296615 0.40463 0.0119792 0.0481481 0.54058
0 0.0838542 0.451389 0.009375 0.0472222 0.54118
0 0.736979 0.371759 0.009375 0.0472222 0.54781
0 0.84401 0.380093 0.0130208 0.0287037 0.560171
0 0.635156 0.3625 0.00885417 0.0435185 0.57419
0 0.0940104 0.44537 0.0119792 0.0574074 0.607914
0 0.234115 0.419907 0.00989583 0.0472222 0.613673
0 0.584375 0.38287 0.009375 0.0416667 0.616347
0 0.729688 0.383796 0.0145833 0.0546296 0.662921
32 0.533073 0.437963 0.0078125 0.012963 0.680828
0 0.554948 0.40463 0.0161458 0.0685185 0.682246
0 0.544531 0.405093 0.0151042 0.0638889 0.685089
0 0.250781 0.416204 0.0130208 0.0472222 0.702766
0 0.00885417 0.47037 0.0135417 0.0611111 0.722903
0 0.959896 0.366667 0.0114583 0.062963 0.774848
0 0.685677 0.385648 0.0130208 0.0509259 0.783154
0 0.564062 0.399537 0.0145833 0.0768519 0.793958
0 0.326042 0.439352 0.0177083 0.0712963 0.851072
0 0.453385 0.399074 0.0192708 0.1 0.855763
0 0.15 0.489815 0.025 0.116667 0.867875
0 0.989844 0.427778 0.0203125 0.22037 0.904316
