0 0.273438 0.419907 0.0114583 0.0509259 0.100705
0 0.846094 0.377778 0.00885417 0.0444444 0.10532
0 0.467708 0.385185 0.00833333 0.0314815 0.105537
0 0.927865 0.383333 0.00885417 0.0481481 0.105663
0 0.0984375 0.441204 0.00729167 0.0342593 0.121999
0 0.961979 0.384259 0.0135417 0.0481481 0.124069
0 0.835938 0.379167 0.00833333 0.0435185 0.124184
0 0.028125 0.428704 0.00520833 0.0203704 0.129505
0 0.0807292 0.456019 0.0125 0.0435185 0.132058
0 0.898698 0.378704 0.0119792 0.0574074 0.132566
0 0.610677 0.381481 0.00885417 0.0407407 0.142353
0 0.813802 0.375 0.0078125 0.0444444 0.148092
0 0.230469 0.421759 0.0078125 0.0453704 0.16049
38 0.0770833 0.493056 0.009375 0.0101852 0.162527
0 0.0252604 0.450463 0.0078125 0.0212963 0.171898
0 0.161458 0.434722 0.00729167 0.0342593 0.174666
0 0.207552 0.421759 0.00885417 0.037963 0.176018
0 0.659896 0.377315 0.0145833 0.0416667 0.179467
0 0.23776 0.430093 0.0119792 0.0583333 0.179577
0 0.476562 0.386574 0.00833333 0.0342593 0.207112
0 0.767708 0.372685 0.009375 0.0416667 0.207775
0 0.786458 0.374537 0.00833333 0.0416667 0.210549
0 0.851302 0.376852 0.00885417 0.0462963 0.234588
0 0.694271 0.372222 0.00729167 0.0425926 0.24048
0 0.940885 0.378704 0.00885417 0.0574074 0.279214
0 0.823438 0.374074 0.0125 0.0462963 0.289351
0 0.170312 0.43287 0.009375 0.037963 0.293217
0 0.710417 0.369444 0.0125 0.0425926 0.309928
0 0.594792 0.380093 0.00729167 0.0342593 0.313603
0 0.525781 0.407407 0.00885417 0.0555556 0.339351
0 0.495833 0.385185 0.00729167 0.0388889 0.341103
0 0.574219 0.383796 0.00885417 0.0416667 0.344614
0 0.417448 0.398611 0.00989583 0.0527778 0.348173
0 0.557552 0.389815 0.0109375 0.037037 0.348951
0 0.278385 0.420833 0.0130208 0.0490741 0.351535
0 0.19349 0.437037 0.0078125 0.0425926 0.352874
0 0.142188 0.431944 0.00729167 0.0398148 0.361598
0 0.863802 0.374537 0.0109375 0.0546296 0.365662
0 0.0140625 0.468981 0.0135417 0.0546296 0.377982
0 0.73724 0.372222 0.0109375 0.0444444 0.396786
0 0.0421875 0.471759 0.00729167 0.0305556 0.401389
0 0.986979 0.401389 0.0125 0.0324074 0.424267
0 0.154948 0.435185 0.00989583 0.0425926 0.501784
0 0.517969 0.419907 0.0130208 0.0601852 0.552991
0 0.35651 0.404167 0.0130208 0.0472222 0.553878
0 0.301302 0.418519 0.0109375 0.0481481 0.583581
0 0.871354 0.387963 0.0145833 0.0462963 0.589826
0 0.119531 0.442593 0.0151042 0.0462963 0.620593
0 0.2625 0.471296 0.0197917 0.0851852 0.659093
32 0.519531 0.481019 0.00989583 0.0175926 0.814472
0 0.626562 0.418056 0.021875 0.0842593 0.848105
0 0.780469 0.41713 0.0192708 0.0898148 0.860421
0 0.245052 0.475463 0.0328125 0.102778 0.868436
0 0.50026 0.440741 0.0255208 0.111111 0.875673
0 0.763281 0.416667 0.0223958 0.0851852 0.888943
0 0.446875 0.418981 0.0197917 0.110185 0.905038
0 0.0708333 0.502315 0.025 0.102778 0.907344
