0 0.570833 0.377315 0.009375 0.0416667 0.101368
0 0.876042 0.375926 0.00729167 0.0481481 0.105066
0 0.266406 0.444444 0.0119792 0.0388889 0.109802
0 0.882031 0.374537 0.0078125 0.0509259 0.11968
13 0.383594 0.405556 0.0411458 0.0425926 0.12306
0 0.608854 0.375463 0.009375 0.0398148 0.131481
0 0.557813 0.381019 0.00729167 0.0416667 0.134115
0 0.847135 0.373611 0.0130208 0.0564815 0.151946
0 0.786458 0.373611 0.00729167 0.0435185 0.173358
0 0.0966146 0.442593 0.0078125 0.0407407 0.187618
0 0.389844 0.405093 0.0078125 0.037963 0.192602
0 0.773698 0.368981 0.0119792 0.0453704 0.192869
0 0.260156 0.413889 0.0109375 0.0296296 0.195765
0 0.1875 0.436111 0.00833333 0.0462963 0.213982
0 0.614062 0.376389 0.00833333 0.0398148 0.226853
0 0.520052 0.387963 0.00885417 0.037037 0.227386
0 0.642187 0.365741 0.00833333 0.0296296 0.233709
0 0.113281 0.440741 0.0109375 0.037037 0.24449
0 0.0861979 0.440741 0.00677083 0.0388889 0.24896
0 0.736458 0.369907 0.00833333 0.0416667 0.255459
0 0.155208 0.42963 0.00833333 0.037037 0.258307
0 0.673437 0.365741 0.00729167 0.037037 0.269488
0 0.585677 0.378704 0.00885417 0.0407407 0.272482
0 0.0557292 0.452778 0.0135417 0.0425926 0.348597
0 0.138021 0.446296 0.0104167 0.0425926 0.351704
0 0.263021 0.476389 0.0208333 0.100926 0.352936
0 0.428125 0.388426 0.00833333 0.0361111 0.359418
0 0.888281 0.373148 0.00885417 0.0574074 0.385387
0 0.368229 0.396296 0.0114583 0.0407407 0.387122
0 0.542708 0.377315 0.009375 0.037963 0.387248
0 0.196615 0.434722 0.0109375 0.0490741 0.397021
0 0.513542 0.384722 0.00729167 0.0435185 0.403066
0 0.463281 0.387037 0.00885417 0.0407407 0.420154
0 0.441667 0.387037 0.00625 0.037037 0.422165
0 0.719271 0.371296 0.00833333 0.0407407 0.429702
0 0.813542 0.371296 0.0104167 0.0555556 0.430939
0 0.23125 0.431944 0.0125 0.0416667 0.441496
0 0.8 0.372222 0.009375 0.0444444 0.452943
0 0.240104 0.425926 0.0114583 0.0462963 0.492971
0 0.179427 0.435648 0.0182292 0.0601852 0.505039
0 0.215365 0.419907 0.0119792 0.0453704 0.520223
0 0.657031 0.367593 0.00885417 0.0388889 0.542294
0 0.820573 0.38287 0.0151042 0.0453704 0.569179
0 0.502083 0.402315 0.0104167 0.0490741 0.587921
0 0.0197917 0.467593 0.0145833 0.0481481 0.594722
0 0.933333 0.394444 0.0135417 0.0314815 0.620016
0 0.291667 0.410185 0.0125 0.0462963 0.663171
0 0.251302 0.478241 0.0265625 0.10463 0.681088
0 0.730469 0.410185 0.0213542 0.0796296 0.836995
0 0.490365 0.439815 0.0307292 0.0962963 0.853038
0 0.747917 0.411111 0.0208333 0.0833333 0.874391
32 0.506771 0.473611 0.0104167 0.0175926 0.88932
0 0.416146 0.417593 0.0166667 0.111111 0.890066
0 0.575521 0.418981 0.0197917 0.0842593 0.896839
0 0.0473958 0.512963 0.01875 0.101852 0.905284
