0 0.534375 0.374537 0.00833333 0.0324074 0.105697
0 0.239583 0.40463 0.00625 0.0222222 0.122481
0 0.358594 0.397222 0.0078125 0.0425926 0.127562
36 0.101042 0.554167 0.0229167 0.0101852 0.138507
0 0.867708 0.374537 0.00833333 0.0472222 0.142193
0 0.770833 0.371759 0.0104167 0.0416667 0.146227
32 0.553385 0.457407 0.00572917 0.00925926 0.156422
0 0.570312 0.377778 0.0104167 0.037037 0.160602
0 0.338802 0.324074 0.00572917 0.0259259 0.161596
0 0.861458 0.375926 0.00729167 0.0481481 0.16453
0 0.521615 0.386574 0.00885417 0.0361111 0.164628
0 0.550781 0.377778 0.0109375 0.0407407 0.164953
0 0.541927 0.374537 0.00989583 0.0361111 0.165792
13 0.0463542 0.457407 0.0364583 0.0277778 0.173632
0 0.714063 0.384259 0.00625 0.0185185 0.180979
0 0.176563 0.436574 0.0114583 0.0472222 0.191882
0 0.515625 0.37963 0.00625 0.0333333 0.198238
0 0.411458 0.389815 0.00833333 0.0351852 0.202951
0 0.822917 0.374074 0.00833333 0.0481481 0.223699
0 0.215365 0.338889 0.00572917 0.0259259 0.225025
0 0.620573 0.367593 0.00572917 0.0314815 0.240307
0 0.592188 0.377315 0.009375 0.037963 0.253986
0 0.583594 0.376389 0.00885417 0.0398148 0.267877
0 0.133333 0.431481 0.00729167 0.0351852 0.271334
0 0.11901 0.437963 0.0078125 0.0407407 0.272147
0 0.15651 0.435648 0.00885417 0.0453704 0.310941
0 0.722917 0.368981 0.00833333 0.037963 0.326592
0 0.189063 0.426852 0.00625 0.0333333 0.327761
0 0.181771 0.425 0.00833333 0.0462963 0.336409
0 0.16901 0.437963 0.00989583 0.0481481 0.354745
0 0.892969 0.375926 0.00989583 0.0462963 0.357885
0 0.785937 0.371296 0.0104167 0.0425926 0.358299
0 0.833594 0.371759 0.0119792 0.0546296 0.361093
0 0.629948 0.370833 0.00989583 0.0453704 0.374753
0 0.874479 0.371759 0.00833333 0.0583333 0.392393
0 0.79974 0.370833 0.00989583 0.0564815 0.400736
0 0.0669271 0.450926 0.00989583 0.0462963 0.420467
0 0.80651 0.380093 0.0151042 0.0472222 0.443839
0 0.536719 0.40787 0.0151042 0.0564815 0.450186
0 0.150781 0.441204 0.0151042 0.0601852 0.452896
0 0.476562 0.386111 0.0104167 0.0444444 0.471738
0 0.241406 0.424074 0.0119792 0.05 0.503871
0 0.113281 0.447685 0.0109375 0.0435185 0.535235
0 0.705729 0.369907 0.00833333 0.0435185 0.565772
0 0.216667 0.418981 0.009375 0.0416667 0.580255
0 0.91901 0.39213 0.0130208 0.0305556 0.659895
0 0.0179687 0.4625 0.0161458 0.0453704 0.663976
0 0.263542 0.42037 0.0125 0.0481481 0.665796
0 0.544531 0.42963 0.0276042 0.0833333 0.785586
0 0.1 0.500463 0.0239583 0.115741 0.831909
0 0.385938 0.444907 0.0270833 0.0972222 0.837394
0 0.763281 0.406944 0.0151042 0.075 0.839256
32 0.561719 0.463889 0.00885417 0.0148148 0.845205
0 0.36276 0.453241 0.0359375 0.110185 0.86862
0 0.72526 0.406019 0.0203125 0.0694444 0.87399
0 0.438802 0.414815 0.0276042 0.109259 0.894266
0 0.567969 0.425 0.0338542 0.0759259 0.894344
