0 0.33776 0.388426 0.0078125 0.0305556 0.102493
0 0.191406 0.418519 0.00572917 0.0277778 0.108777
0 0.602604 0.335648 0.00416667 0.0194444 0.112044
0 0.558333 0.377778 0.0145833 0.0314815 0.113358
0 0.0239583 0.456944 0.0104167 0.0453704 0.113414
0 0.688021 0.350463 0.0104167 0.0231481 0.116581
0 0.0304688 0.454167 0.0078125 0.0453704 0.123545
0 0.933073 0.378241 0.00572917 0.0268519 0.125064
0 0.664583 0.363426 0.00833333 0.0398148 0.125926
0 0.266406 0.325926 0.00572917 0.0259259 0.129395
0 0.169531 0.341204 0.0078125 0.0342593 0.130351
0 0.519531 0.368519 0.00989583 0.0407407 0.166029
0 0.331771 0.39537 0.0114583 0.0407407 0.168078
0 0.252865 0.405556 0.00677083 0.0407407 0.173753
0 0.642969 0.377315 0.00572917 0.0157407 0.179085
0 0.700521 0.362963 0.009375 0.0425926 0.179744
0 0.489323 0.377778 0.00885417 0.0388889 0.179866
0 0.285937 0.4 0.00833333 0.0425926 0.181649
0 0.0591146 0.445833 0.00677083 0.037963 0.193899
0 0.325521 0.39537 0.00729167 0.0407407 0.199512
0 0.817708 0.365741 0.009375 0.0407407 0.207065
0 0.421615 0.378704 0.0078125 0.0314815 0.234287
0 0.615365 0.363426 0.0078125 0.0361111 0.240523
0 0.513281 0.368981 0.00677083 0.0416667 0.264716
0 0.713021 0.362037 0.009375 0.0425926 0.283913
0 0.479948 0.378241 0.00885417 0.0398148 0.287879
0 0.432552 0.380556 0.0078125 0.0444444 0.294241
0 0.799219 0.360648 0.00885417 0.0527778 0.304991
0 0.140625 0.343056 0.00625 0.0268519 0.327838
0 0.319531 0.393519 0.0078125 0.037037 0.329407
0 0.625781 0.361574 0.00677083 0.0361111 0.352446
0 0.400521 0.385185 0.009375 0.037037 0.382117
0 0.651823 0.362963 0.00885417 0.0425926 0.382523
0 0.367708 0.397685 0.009375 0.0453704 0.418705
0 0.0135417 0.469444 0.015625 0.0611111 0.42417
0 0.726302 0.358333 0.0109375 0.0481481 0.453539
0 0.305208 0.400463 0.0125 0.0472222 0.456648
0 0.842708 0.37963 0.0125 0.0296296 0.477418
0 0.461458 0.380556 0.00833333 0.0462963 0.486055
0 0.242188 0.417593 0.0125 0.0481481 0.493795
0 0.634375 0.3625 0.00833333 0.0435185 0.518173
0 0.734896 0.368981 0.0114583 0.0490741 0.540661
32 0.532031 0.437963 0.0078125 0.012963 0.553116
0 0.228906 0.419907 0.00989583 0.0490741 0.651704
0 0.0822917 0.451389 0.009375 0.0490741 0.685632
0 0.0934896 0.447222 0.0109375 0.0518519 0.713755
0 0.71875 0.385648 0.0145833 0.0509259 0.718647
0 0.959115 0.364352 0.0109375 0.0583333 0.724414
0 0.0393229 0.454167 0.0161458 0.0509259 0.73478
0 0.582292 0.381944 0.0114583 0.0416667 0.735822
0 0.447396 0.399537 0.0166667 0.102778 0.778995
0 0.684896 0.383796 0.0145833 0.0546296 0.78485
0 0.56224 0.405556 0.0234375 0.062963 0.813876
0 0.320833 0.434722 0.0125 0.0805556 0.821905
0 0.540365 0.402315 0.0203125 0.0675926 0.828997
0 0.15026 0.493519 0.0244792 0.112963 0.898959
0 0.989583 0.428241 0.0208333 0.221296 0.900421
