0 0.542448 0.39537 0.0130208 0.0518519
0 0.238281 0.24213 0.0119792 0.0453704
3 0.934375 0.188889 0.10625 0.201852
0 0.665625 0.382407 0.0104167 0.0388889
0 0.434375 0.4 0.0135417 0.0481481
0 0.647917 0.387963 0.009375 0.0407407
0 0.613542 0.393056 0.0104167 0.0416667
0 0.815625 0.434722 0.025 0.0805556
0 0.569792 0.427778 0.0145833 0.0574074
0 0.301823 0.46713 0.0244792 0.0898148
0 0.690365 0.425463 0.0171875 0.0805556
0 0.284896 0.475463 0.0208333 0.0805556
0 0.121094 0.496296 0.0182292 0.0888889
0 0.835938 0.432407 0.0197917 0.0925926
0 0.495833 0.421759 0.0291667 0.108333
0 0.535677 0.45 0.0244792 0.1
1 0.552604 0.486574 0.015625 0.0268519
