0 0.535937 0.390278 0.00729167 0.0305556
0 0.490104 0.379167 0.009375 0.0398148
0 0.555208 0.413889 0.0104167 0.0444444
0 0.547917 0.390278 0.00833333 0.037963
0 0.421875 0.377778 0.00833333 0.0296296
0 0.735156 0.371759 0.0119792 0.0435185
0 0.9875 0.424537 0.0229167 0.228704
6 0.735156 0.371759 0.0119792 0.0435185
0 0.555208 0.390741 0.00833333 0.0388889
0 0.149479 0.493056 0.0239583 0.112037
0 0.583333 0.384259 0.0104167 0.0388889
0 0.720312 0.385648 0.0114583 0.0490741
0 0.685417 0.386111 0.0125 0.05
0 0.542188 0.405093 0.0135417 0.0583333
0 0.564062 0.409722 0.0166667 0.0527778
0 0.448438 0.4 0.0239583 0.101852
0 0.321615 0.437963 0.0151042 0.0722222
1 0.532031 0.437037 0.00989583 0.0166667
