0 0.0755208 0.640741 0.0270833 0.109259
0 0.535677 0.455556 0.0109375 0.05
0 0.546094 0.45463 0.0119792 0.0518519
0 0.696875 0.388426 0.0104167 0.0416667
0 0.617708 0.388889 0.00833333 0.0314815
0 0.0304688 0.481944 0.0119792 0.0490741
0 0.304688 0.775926 0.0104167 0.0444444
0 0.247135 0.597685 0.0182292 0.0861111
0 0.0158854 0.470833 0.0109375 0.0435185
0 0.383073 0.417593 0.0119792 0.0481481
0 0.147135 0.448611 0.0119792 0.0490741
0 0.455208 0.405556 0.009375 0.0407407
0 0.614062 0.390278 0.009375 0.0305556
0 0.0716146 0.474074 0.00885417 0.0351852
0 0.173698 0.441667 0.0130208 0.0537037
0 0.0539063 0.477315 0.0109375 0.0398148
0 0.160938 0.589352 0.0135417 0.0657407
0 0.623698 0.389352 0.00677083 0.0287037
0 0.48125 0.399537 0.0135417 0.0490741
0 0.835938 0.431944 0.015625 0.0694444
0 0.590104 0.387037 0.009375 0.0351852
0 0.824219 0.444907 0.0296875 0.0916667
0 0.588542 0.417593 0.0125 0.0481481
0 0.139323 0.487037 0.0140625 0.0703704
0 0.65625 0.396759 0.0104167 0.0398148
0 0.573958 0.389352 0.009375 0.0361111
0 0.634896 0.390741 0.009375 0.037037
0 0.35625 0.45463 0.0145833 0.0648148
0 0.422135 0.469444 0.0234375 0.0944444
0 0.341406 0.458333 0.0140625 0.0611111
0 0.598698 0.428704 0.0182292 0.0611111
0 0.540625 0.421296 0.025 0.112963
0 0.745052 0.426389 0.0244792 0.0861111
1 0.436198 0.505093 0.0130208 0.0231481
1 0.32474 0.406944 0.0151042 0.0342593
1 0.325781 0.390741 0.0109375 0.0185185
