4 0.834115 0.357407 0.138021 0.0814815
0 0.603385 0.360185 0.00989583 0.0388889
0 0.545573 0.39537 0.0119792 0.0388889
4 0.0453125 0.408333 0.090625 0.0981481
0 0.166927 0.553704 0.0171875 0.0611111
0 0.21875 0.413889 0.0145833 0.0555556
0 0.679688 0.364352 0.009375 0.0342593
0 0.707031 0.372222 0.0109375 0.0407407
0 0.514063 0.367593 0.00833333 0.037037
6 0.707031 0.372222 0.0109375 0.0425926
0 0.96875 0.421759 0.046875 0.219444
0 0.544271 0.421296 0.0197917 0.0759259
0 0.535417 0.368056 0.0104167 0.0416667
0 0.104167 0.496296 0.025 0.114815
0 0.674479 0.384722 0.0135417 0.0453704
0 0.558073 0.392593 0.0130208 0.0555556
0 0.721094 0.3875 0.0119792 0.0453704
0 0.521615 0.395833 0.00989583 0.0472222
0 0.275781 0.449074 0.0161458 0.0759259
0 0.43776 0.397685 0.0223958 0.0953704
0 0.508333 0.409722 0.0145833 0.062037
1 0.561198 0.448611 0.0119792 0.0212963
