0 0.488021 0.393519 0.009375 0.0388889
0 0.419531 0.413426 0.0140625 0.0583333
4 0.459375 0.363889 0.154167 0.0833333
0 0.053125 0.477778 0.0104167 0.0407407
0 0.625 0.389815 0.00729167 0.0277778
0 0.614844 0.391667 0.00885417 0.0351852
0 0.38151 0.419907 0.0130208 0.0527778
0 0.0705729 0.475463 0.0078125 0.0324074
0 0.647396 0.393981 0.009375 0.037963
0 0.813281 0.446759 0.0234375 0.0824074
0 0.57474 0.387963 0.00989583 0.0388889
0 0.635417 0.389815 0.00833333 0.0351852
0 0.603125 0.389352 0.0104167 0.0416667
0 0.826563 0.440741 0.01875 0.0907407
0 0.131771 0.489815 0.015625 0.0685185
0 0.39401 0.470833 0.0234375 0.0916667
0 0.347135 0.455556 0.0130208 0.0555556
0 0.538281 0.422685 0.0244792 0.115741
0 0.359375 0.451852 0.0166667 0.0592593
0 0.589063 0.428241 0.0197917 0.062037
0 0.741146 0.424074 0.01875 0.0851852
1 0.411719 0.505093 0.0130208 0.0231481
