6 0.732813 0.371296 0.0114583 0.0407407
0 0.767969 0.590278 0.0161458 0.0731481
0 0.539323 0.39213 0.0109375 0.0398148
0 0.593229 0.362037 0.009375 0.0351852
0 0.9875 0.420833 0.0229167 0.232407
0 0.548698 0.394907 0.0119792 0.0398148
0 0.740625 0.388426 0.015625 0.0490741
0 0.582812 0.383333 0.009375 0.0388889
0 0.136198 0.49213 0.0255208 0.112037
0 0.528646 0.406481 0.0125 0.0611111
0 0.455729 0.398148 0.0197917 0.0962963
0 0.688281 0.386574 0.0182292 0.0472222
0 0.540625 0.41713 0.0177083 0.062037
0 0.321875 0.44213 0.0166667 0.0694444
0 0.570052 0.396759 0.0130208 0.0601852
1 0.54401 0.440278 0.00989583 0.0157407
1 0.0179687 0.425926 0.00885417 0.0148148
