0 0.542708 0.359722 0.00625 0.025
0 0.575521 0.360648 0.009375 0.037963
0 0.533594 0.372222 0.0078125 0.0296296
0 0.102604 0.478241 0.015625 0.0675926
0 0.236198 0.411574 0.0119792 0.0472222
0 0.651042 0.356481 0.0104167 0.0462963
0 0.736458 0.365741 0.009375 0.0388889
4 0.786198 0.342593 0.130729 0.0592593
6 0.670052 0.37037 0.0109375 0.0444444
0 0.670052 0.369907 0.0109375 0.0435185
0 0.755208 0.388426 0.0125 0.0490741
0 0.719792 0.359259 0.0145833 0.0574074
0 0.71276 0.3875 0.0109375 0.0453704
0 0.105208 0.495833 0.0229167 0.112037
0 0.533854 0.383796 0.009375 0.037963
0 0.921094 0.407407 0.0421875 0.207407
0 0.628646 0.377315 0.0125 0.0509259
0 0.50625 0.38287 0.0166667 0.087963
0 0.554948 0.385185 0.0130208 0.0444444
0 0.298698 0.462963 0.0286458 0.122222
0 0.7 0.39213 0.0145833 0.0638889
0 0.740365 0.39537 0.0203125 0.0685185
1 0.826563 0.400926 0.00729167 0.012963
