0 0.171875 0.441667 0.015625 0.0555556
0 0.0127604 0.473148 0.0109375 0.0462963
4 0.94375 0.360648 0.109375 0.0601852
0 0.553125 0.378241 0.009375 0.037963
0 0.535937 0.380093 0.00833333 0.0361111
0 0.739062 0.395833 0.0114583 0.0398148
0 0.504948 0.389815 0.0119792 0.0462963
0 0.458333 0.387963 0.0125 0.0481481
0 0.370313 0.39213 0.009375 0.0342593
0 0.314323 0.44213 0.0161458 0.0564815
0 0.132812 0.446296 0.0114583 0.0444444
0 0.0455729 0.454167 0.0130208 0.0435185
0 0.519271 0.402778 0.0114583 0.0425926
0 0.209115 0.549074 0.0244792 0.105556
0 0.728125 0.4 0.00833333 0.0388889
0 0.302344 0.470833 0.0328125 0.106481
0 0.735937 0.415741 0.015625 0.0666667
0 0.0705729 0.506019 0.0223958 0.108333
0 0.51276 0.440278 0.0223958 0.0805556
0 0.760938 0.414352 0.01875 0.0694444
0 0.576563 0.424537 0.0302083 0.0768519
0 0.428385 0.418981 0.0276042 0.10463
1 0.527604 0.466204 0.0125 0.0212963
1 0.113021 0.412037 0.0104167 0.0166667
