0 0.25625 0.416204 0.0135417 0.0546296
0 0.413021 0.379167 0.009375 0.0361111
0 0.601562 0.360648 0.00833333 0.0342593
0 0.426562 0.380556 0.0125 0.0518519
0 0.738802 0.385648 0.0109375 0.0453704
0 0.988021 0.422685 0.021875 0.234259
0 0.535937 0.394444 0.009375 0.0388889
0 0.547135 0.401389 0.00989583 0.0435185
0 0.584635 0.385185 0.00885417 0.037037
0 0.539323 0.41713 0.0171875 0.0601852
0 0.325 0.439815 0.0166667 0.0703704
0 0.45599 0.397222 0.0203125 0.0981481
0 0.688802 0.386111 0.0182292 0.0462963
0 0.569531 0.394907 0.0151042 0.062037
0 0.141146 0.493981 0.0239583 0.106481
1 0.538281 0.438426 0.0119792 0.0175926
1 0.0205729 0.424537 0.00989583 0.0157407
