0 0.201823 0.527778 0.0078125 0.0333333
0 0.623698 0.390278 0.00677083 0.0268519
0 0.443229 0.40463 0.009375 0.0388889
0 0.420312 0.411574 0.0135417 0.0546296
0 0.05625 0.475926 0.0104167 0.0407407
0 0.375521 0.416667 0.0114583 0.05
0 0.845312 0.426852 0.01875 0.0592593
0 0.245573 0.592593 0.0151042 0.062963
0 0.0731771 0.474074 0.0078125 0.0314815
0 0.633854 0.391667 0.009375 0.0351852
0 0.571875 0.391667 0.0104167 0.0425926
0 0.155469 0.486111 0.0151042 0.0796296
0 0.855729 0.445833 0.028125 0.0972222
0 0.351302 0.458333 0.0151042 0.0648148
0 0.335417 0.465278 0.0177083 0.062037
0 0.472135 0.463889 0.0234375 0.101852
0 0.598958 0.418981 0.0125 0.0453704
0 0.755208 0.426852 0.021875 0.0888889
0 0.614062 0.430093 0.0177083 0.0564815
0 0.546354 0.422685 0.0260417 0.113889
1 0.491406 0.50463 0.0140625 0.0259259
