0 0.11224 0.451852 0.0140625 0.0481481
0 0.960156 0.593056 0.0203125 0.0787037
0 0.173698 0.44213 0.0119792 0.0490741
4 0.457812 0.368056 0.153125 0.0898148
0 0.00234375 0.490278 0.0046875 0.0546296
0 0.479167 0.399074 0.0125 0.0444444
0 0.586719 0.391204 0.00989583 0.0435185
0 0.0455729 0.474074 0.0109375 0.0444444
0 0.38099 0.416204 0.0119792 0.0472222
0 0.659635 0.396759 0.0109375 0.037963
0 0.0315104 0.480556 0.0119792 0.05
0 0.453125 0.403704 0.009375 0.0388889
0 0.0138021 0.472222 0.00989583 0.0407407
0 0.573958 0.389815 0.00833333 0.0351852
0 0.590365 0.418056 0.0140625 0.0509259
0 0.071875 0.473611 0.009375 0.037963
0 0.0541667 0.477315 0.0104167 0.0398148
0 0.282552 0.426389 0.0119792 0.0509259
0 0.634896 0.391204 0.009375 0.037963
0 0.355469 0.455556 0.0161458 0.062963
0 0.141927 0.487963 0.0151042 0.0740741
0 0.430469 0.469444 0.0255208 0.0944444
0 0.833333 0.444444 0.025 0.0962963
0 0.339323 0.459722 0.0151042 0.0601852
0 0.600781 0.427315 0.0171875 0.062037
0 0.541927 0.422222 0.0255208 0.112963
0 0.745313 0.425926 0.0229167 0.0851852
1 0.444271 0.505093 0.0135417 0.025
1 0.0380208 0.495833 0.00729167 0.0138889
