0 0.302083 0.242593 0.0135417 0.05
0 0.23099 0.433796 0.0119792 0.0472222
0 0.304427 0.261111 0.0192708 0.0851852
0 0.834375 0.377778 0.00833333 0.0333333
0 0.0476562 0.476389 0.00885417 0.0342593
0 0.585938 0.392593 0.009375 0.0296296
0 0.11224 0.452315 0.0130208 0.0527778
0 0.0317708 0.478241 0.0104167 0.0398148
0 0.616146 0.412963 0.0114583 0.037037
0 0.541146 0.418519 0.021875 0.0981481
0 0.37474 0.42037 0.0140625 0.0537037
0 0.636719 0.387963 0.00989583 0.0388889
0 0.700521 0.568519 0.009375 0.0407407
0 0.511979 0.397222 0.0114583 0.0481481
0 0.605208 0.418981 0.01875 0.0601852
0 0.611198 0.426389 0.0192708 0.062037
0 0.882292 0.443981 0.025 0.0935185
0 0.857031 0.44213 0.0234375 0.087963
0 0.164323 0.486111 0.0171875 0.087037
0 0.342708 0.459259 0.0208333 0.0796296
0 0.550781 0.458796 0.0286458 0.108333
0 0.323177 0.469444 0.0192708 0.0777778
0 0.745313 0.424537 0.0229167 0.087963
1 0.565365 0.496296 0.0140625 0.0240741
