0 0.541667 0.389815 0.00833333 0.0351852
0 0.216927 0.423148 0.0130208 0.0518519
0 0.507812 0.374537 0.009375 0.0361111
0 0.282031 0.397685 0.0109375 0.0435185
0 0.0455729 0.452778 0.0171875 0.0611111
0 0.17474 0.418981 0.00885417 0.0324074
4 0.864062 0.359259 0.136458 0.0851852
0 0.728385 0.370833 0.0109375 0.0435185
0 0.984896 0.418981 0.028125 0.234259
0 0.0138021 0.46713 0.0213542 0.0731481
0 0.142969 0.498148 0.0234375 0.114815
0 0.573438 0.381019 0.0114583 0.0472222
0 0.554688 0.408796 0.0177083 0.0546296
0 0.43724 0.403704 0.0203125 0.0981481
0 0.68151 0.388889 0.0140625 0.0518519
0 0.710938 0.387037 0.0135417 0.0481481
0 0.53125 0.408333 0.0145833 0.0666667
0 0.313021 0.438426 0.015625 0.0768519
1 0.527604 0.435648 0.009375 0.0175926
