0 0.336198 0.393056 0.00885417 0.0342593
0 0.683594 0.365278 0.00989583 0.0398148
0 0.486979 0.381944 0.009375 0.0361111
0 0.147917 0.436111 0.0145833 0.0611111
4 0.923437 0.371296 0.138542 0.0944444
0 0.5875 0.40463 0.0177083 0.0462963
0 0.783333 0.37963 0.0125 0.0425926
0 0.533594 0.396759 0.0130208 0.0453704
0 0.105208 0.503241 0.025 0.112037
0 0.415104 0.451389 0.0177083 0.0657407
0 0.50599 0.381944 0.00989583 0.0453704
0 0.417969 0.425 0.0119792 0.0462963
0 0.579687 0.427778 0.0208333 0.0833333
0 0.542188 0.408796 0.0135417 0.0435185
0 0.565885 0.427778 0.0213542 0.0888889
0 0.379167 0.451389 0.0229167 0.0916667
0 0.436198 0.412037 0.0234375 0.1
0 0.752083 0.407407 0.0145833 0.0592593
0 0.71224 0.406481 0.0234375 0.0611111
1 0.585417 0.462963 0.0125 0.0222222
