0 0.577083 0.359722 0.0104167 0.0398148
0 0.652344 0.355093 0.00989583 0.0435185
6 0.669531 0.37037 0.0109375 0.0425926
4 0.7875 0.348611 0.13125 0.0712963
0 0.720573 0.361111 0.0130208 0.0555556
0 0.669531 0.370833 0.0109375 0.0416667
0 0.921094 0.408333 0.0421875 0.209259
0 0.10625 0.493519 0.0239583 0.114815
0 0.754427 0.386111 0.0130208 0.05
0 0.53125 0.381019 0.0125 0.0453704
0 0.501562 0.385185 0.0197917 0.0907407
0 0.624479 0.377315 0.0114583 0.0490741
0 0.713802 0.388889 0.0119792 0.05
0 0.553385 0.386111 0.0161458 0.0444444
0 0.697656 0.39213 0.0140625 0.0638889
0 0.738281 0.39537 0.0182292 0.0685185
0 0.292188 0.4625 0.0239583 0.117593
1 0.819531 0.399537 0.0078125 0.0138889
