0 0.0578125 0.450926 0.01875 0.0685185
0 0.942187 0.90787 0.00729167 0.0342593
0 0.431771 0.377778 0.009375 0.0314815
0 0.517187 0.39537 0.0114583 0.0296296
0 0.194271 0.427315 0.0166667 0.0564815
0 0.0851562 0.443981 0.0182292 0.0675926
0 0.33776 0.401852 0.0130208 0.0518519
0 0.179427 0.553241 0.0161458 0.0564815
0 0.561979 0.403704 0.0114583 0.0444444
0 0.9875 0.886111 0.0125 0.0481481
0 0.277344 0.396296 0.00989583 0.0333333
0 0.00520833 0.470833 0.009375 0.0453704
0 0.53099 0.393981 0.0109375 0.0472222
0 0.0315104 0.463889 0.0203125 0.0685185
0 0.53776 0.387037 0.0109375 0.05
0 0.981771 0.421296 0.034375 0.222222
0 0.567708 0.420833 0.0208333 0.075
0 0.13099 0.500926 0.0276042 0.112963
0 0.524219 0.425 0.0171875 0.0777778
0 0.729167 0.397222 0.0145833 0.0518519
0 0.680208 0.392593 0.0145833 0.0574074
0 0.309896 0.447222 0.015625 0.0759259
0 0.409896 0.405556 0.0197917 0.105556
0 0.476562 0.42963 0.0229167 0.0796296
