0 0.405729 0.414352 0.0135417 0.0564815
0 0.794792 0.260185 0.009375 0.0351852
0 0.366927 0.410185 0.00989583 0.037037
0 0.565365 0.392593 0.00989583 0.0444444
0 0.0674479 0.474074 0.0078125 0.0314815
0 0.880208 0.445833 0.025 0.0953704
0 0.333073 0.469444 0.0151042 0.062963
0 0.164062 0.488889 0.0208333 0.0777778
0 0.855208 0.443981 0.025 0.0898148
0 0.519792 0.461574 0.025 0.10463
0 0.348437 0.461574 0.015625 0.0712963
0 0.605729 0.418519 0.0135417 0.0481481
0 0.619792 0.428241 0.01875 0.0601852
0 0.55 0.423611 0.0239583 0.10463
0 0.757292 0.427778 0.021875 0.0851852
1 0.5375 0.5 0.0145833 0.0259259
