0 0.222135 0.419907 0.0140625 0.0472222
0 0.582552 0.383333 0.0130208 0.0481481
6 0.582552 0.381481 0.0130208 0.0462963
0 0.00546875 0.462963 0.00989583 0.0518519
0 0.517187 0.383333 0.009375 0.0388889
0 0.460938 0.389352 0.0104167 0.0472222
6 0.503125 0.379167 0.009375 0.0342593
0 0.503125 0.37963 0.00833333 0.0351852
4 0.933594 0.373148 0.132812 0.0907407
0 0.715365 0.389352 0.0171875 0.0324074
0 0.796875 0.380556 0.0125 0.0425926
0 0.136458 0.446759 0.015625 0.0601852
0 0.535937 0.4 0.0114583 0.0444444
0 0.10651 0.501389 0.0223958 0.110185
0 0.574219 0.425 0.0213542 0.0777778
0 0.542969 0.40787 0.00989583 0.0490741
0 0.382292 0.455556 0.021875 0.0944444
0 0.559115 0.430093 0.0171875 0.075
0 0.439583 0.411111 0.0208333 0.101852
0 0.404427 0.448611 0.0203125 0.0935185
0 0.720833 0.406481 0.0229167 0.0648148
0 0.759375 0.409259 0.015625 0.062963
1 0.577344 0.4625 0.0119792 0.0194444
