0 0.63724 0.366204 0.0078125 0.0324074
0 0.655208 0.354167 0.0104167 0.0398148
0 0.059375 0.45 0.0125 0.0481481
0 0.580469 0.359722 0.00989583 0.0398148
0 0.724479 0.358796 0.0114583 0.0546296
4 0.791406 0.345833 0.131771 0.062037
6 0.672135 0.37037 0.0109375 0.0425926
0 0.672656 0.370833 0.0109375 0.0416667
0 0.923958 0.409722 0.04375 0.210185
0 0.109635 0.492593 0.0244792 0.116667
0 0.532552 0.381481 0.0140625 0.0425926
0 0.622917 0.379167 0.015625 0.0509259
0 0.758073 0.3875 0.0130208 0.0472222
0 0.499479 0.387037 0.025 0.0907407
0 0.716667 0.389815 0.0125 0.0537037
0 0.289583 0.463889 0.0270833 0.114815
0 0.696875 0.393056 0.0145833 0.0638889
0 0.554688 0.384259 0.0114583 0.0425926
0 0.739583 0.397222 0.015625 0.0703704
1 0.814062 0.402315 0.00729167 0.012037
