0 0.667708 0.395833 0.0104167 0.0416667
0 0.616927 0.413426 0.0109375 0.0361111
0 0.0348958 0.479167 0.0104167 0.0416667
0 0.857813 0.44213 0.025 0.0861111
0 0.34349 0.461574 0.0182292 0.0768519
0 0.516146 0.398148 0.0114583 0.0462963
0 0.604688 0.41713 0.0145833 0.0509259
0 0.882031 0.443981 0.0234375 0.0953704
0 0.164583 0.4875 0.0177083 0.0842593
0 0.548698 0.461574 0.0296875 0.102778
0 0.613281 0.427778 0.0161458 0.0592593
0 0.324479 0.471296 0.0177083 0.0722222
0 0.746354 0.426389 0.0239583 0.0861111
1 0.564583 0.498148 0.0145833 0.0259259
