0 0.455469 0.380556 0.0151042 0.05
0 0.761198 0.590278 0.0234375 0.0805556
0 0.0888021 0.440741 0.0171875 0.0574074
0 0.346354 0.398611 0.015625 0.0490741
0 0.701302 0.36713 0.0078125 0.0324074
0 0.9875 0.887037 0.0125 0.0444444
0 0.0143229 0.244444 0.0151042 0.05
0 0.0591146 0.444444 0.0161458 0.0592593
0 0.531771 0.394907 0.0125 0.0490741
0 0.433594 0.377315 0.00885417 0.0305556
0 0.567187 0.406481 0.0114583 0.0444444
0 0.535937 0.393519 0.0114583 0.05
0 0.00598958 0.469907 0.0109375 0.0453704
0 0.0322917 0.464815 0.0197917 0.0666667
0 0.573958 0.424537 0.021875 0.0768519
0 0.130729 0.501852 0.0302083 0.111111
0 0.73099 0.398148 0.0171875 0.0537037
0 0.982813 0.422222 0.034375 0.225926
0 0.68099 0.394444 0.0140625 0.0555556
0 0.523958 0.425463 0.0208333 0.0805556
0 0.311719 0.44537 0.0161458 0.0796296
0 0.47474 0.431019 0.0223958 0.0824074
0 0.410156 0.406019 0.0203125 0.10463
