0 0.532812 0.373611 0.00833333 0.0342593
0 0.294792 0.407407 0.0114583 0.0425926
0 0.371615 0.394907 0.00989583 0.0435185
0 0.396354 0.387037 0.0104167 0.0388889
0 0.73776 0.371296 0.00989583 0.0425926
0 0.0257812 0.455093 0.0151042 0.0601852
0 0.00755208 0.47037 0.0151042 0.0648148
0 0.614062 0.360648 0.009375 0.0342593
0 0.988021 0.424074 0.021875 0.231481
0 0.729688 0.388889 0.0135417 0.0425926
6 0.73724 0.372222 0.00989583 0.0407407
0 0.551042 0.406481 0.0125 0.0574074
0 0.584635 0.383796 0.00989583 0.037963
0 0.541927 0.40463 0.0130208 0.0555556
0 0.686719 0.387963 0.0109375 0.0444444
0 0.147917 0.49537 0.0229167 0.109259
0 0.453125 0.398148 0.0208333 0.1
0 0.566146 0.395833 0.015625 0.062037
0 0.325521 0.439815 0.0177083 0.0722222
1 0.532812 0.436574 0.0104167 0.0157407
1 0.0213542 0.424537 0.009375 0.0138889
