0 0.515625 0.398611 0.0104167 0.0435185
0 0.386458 0.381019 0.0104167 0.0416667
0 0.539323 0.372685 0.0130208 0.0527778
0 0.71875 0.374537 0.0104167 0.0398148
0 0.110677 0.480093 0.0140625 0.0657407
0 0.23099 0.419444 0.0130208 0.0462963
0 0.542969 0.402778 0.00989583 0.0444444
6 0.71875 0.374074 0.0114583 0.0425926
4 0.847656 0.356944 0.132812 0.0805556
0 0.566146 0.382407 0.009375 0.0425926
0 0.732552 0.392593 0.0109375 0.037037
0 0.111979 0.49537 0.0197917 0.109259
0 0.679167 0.383796 0.0145833 0.0490741
0 0.527344 0.394444 0.0119792 0.0481481
0 0.510938 0.409722 0.0145833 0.0583333
0 0.978125 0.421296 0.0416667 0.22037
0 0.536719 0.42037 0.0140625 0.062963
0 0.559375 0.394444 0.0145833 0.0574074
0 0.29375 0.445833 0.0229167 0.075
0 0.445312 0.398148 0.0239583 0.0962963
1 0.548437 0.446759 0.0114583 0.0212963
