0 0.197917 0.426852 0.0135417 0.05
0 0.722396 0.375 0.009375 0.0425926
0 0.27474 0.396296 0.00885417 0.0351852
0 0.402344 0.383796 0.00885417 0.0361111
0 0.551042 0.380556 0.0104167 0.0462963
0 0.0614583 0.441667 0.0125 0.05
0 0.980208 0.422222 0.0375 0.225926
0 0.677344 0.391667 0.0119792 0.05
0 0.13099 0.496759 0.0244792 0.113889
0 0.716406 0.393056 0.0140625 0.0509259
0 0.523438 0.413426 0.0177083 0.0731481
0 0.542969 0.410185 0.0171875 0.0740741
0 0.416927 0.408333 0.0234375 0.0981481
0 0.304688 0.444907 0.015625 0.0787037
0 0.50026 0.416204 0.0161458 0.0731481
1 0.52474 0.440278 0.00989583 0.0175926
