0 0.725781 0.380556 0.00885417 0.0351852
0 0.580469 0.359722 0.00885417 0.0361111
0 0.405729 0.375 0.009375 0.0333333
0 0.761719 0.359722 0.0109375 0.037963
0 0.309896 0.389352 0.00833333 0.0324074
0 0.597656 0.358333 0.00989583 0.0407407
0 0.671875 0.352778 0.0104167 0.0407407
0 0.743229 0.353704 0.0114583 0.0444444
4 0.811719 0.35463 0.129688 0.0796296
0 0.540365 0.383333 0.00885417 0.0388889
0 0.729688 0.390741 0.0135417 0.0574074
0 0.944531 0.414352 0.0421875 0.193519
0 0.129427 0.493519 0.0223958 0.105556
0 0.770312 0.386574 0.0125 0.0527778
0 0.565365 0.386111 0.00989583 0.0388889
0 0.5 0.386574 0.0229167 0.0935185
0 0.628125 0.380093 0.015625 0.0509259
0 0.741146 0.401852 0.0260417 0.0685185
0 0.279427 0.466667 0.0286458 0.111111
0 0.691406 0.393519 0.0171875 0.0759259
1 0.792188 0.39213 0.00833333 0.0138889
