0 0.32526 0.388426 0.0109375 0.0453704
6 0.313802 0.453704 0.0234375 0.12037
6 0.667969 0.369444 0.0109375 0.0425926
0 0.667969 0.369444 0.0109375 0.0425926
0 0.647656 0.355556 0.00989583 0.0444444
0 0.765365 0.383796 0.0151042 0.0509259
0 0.914583 0.413889 0.04375 0.198148
0 0.716927 0.358796 0.0119792 0.0509259
0 0.100521 0.493519 0.025 0.122222
0 0.511979 0.383796 0.01875 0.0916667
4 0.784635 0.356944 0.127604 0.0805556
0 0.535417 0.381944 0.0104167 0.0416667
0 0.632812 0.375926 0.0125 0.0518519
0 0.314063 0.455093 0.0239583 0.123148
0 0.557552 0.383796 0.0109375 0.0416667
0 0.704687 0.387037 0.0135417 0.062963
0 0.749479 0.394907 0.015625 0.0657407
1 0.841406 0.399074 0.0078125 0.012963
