0 0.422396 0.387963 0.009375 0.037037
0 0.445833 0.387037 0.009375 0.037037
0 0.388542 0.412037 0.009375 0.0314815
0 0.561458 0.383333 0.009375 0.0388889
0 0.822656 0.384259 0.0140625 0.0425926
0 0.140885 0.443519 0.0109375 0.0407407
0 0.157552 0.430093 0.0109375 0.0416667
0 0.723437 0.400463 0.0114583 0.0416667
0 0.544792 0.377315 0.00833333 0.0361111
0 0.520052 0.387037 0.0119792 0.0425926
0 0.0401042 0.51713 0.0197917 0.0972222
0 0.242448 0.478704 0.0421875 0.103704
0 0.496875 0.405556 0.0114583 0.0481481
0 0.747135 0.415741 0.0203125 0.0759259
0 0.579687 0.422222 0.0260417 0.0814815
0 0.483594 0.443981 0.0223958 0.087963
0 0.727865 0.417593 0.0171875 0.0685185
0 0.411979 0.419444 0.025 0.105556
1 0.499479 0.474074 0.0125 0.0222222
