0 0.623698 0.388889 0.00677083 0.0277778
8 0.879687 0.370833 0.00729167 0.0212963
0 0.0541667 0.476852 0.0114583 0.0425926
0 0.614583 0.389815 0.00833333 0.0277778
0 0.384896 0.421296 0.0114583 0.05
0 0.0716146 0.475 0.00885417 0.0333333
0 0.817187 0.452778 0.0197917 0.0759259
0 0.653125 0.396296 0.009375 0.0388889
0 0.574479 0.388889 0.009375 0.0351852
0 0.596875 0.389815 0.0104167 0.0462963
0 0.485156 0.397222 0.0119792 0.0462963
0 0.832031 0.443981 0.0171875 0.087963
0 0.635417 0.390278 0.009375 0.0361111
0 0.5875 0.41713 0.0104167 0.0509259
0 0.135937 0.489352 0.015625 0.0712963
0 0.407813 0.469907 0.025 0.0953704
0 0.344531 0.461574 0.0119792 0.0546296
0 0.358073 0.452778 0.0151042 0.0611111
0 0.595312 0.430556 0.0135417 0.0555556
0 0.539323 0.421296 0.0255208 0.114815
0 0.74349 0.425926 0.0213542 0.0833333
1 0.425781 0.50463 0.0130208 0.0240741
