0 0.147396 0.431481 0.0104167 0.0407407
4 0.900521 0.365278 0.140625 0.0805556
0 0.23125 0.423611 0.0145833 0.0546296
0 0.420312 0.395833 0.0197917 0.075
6 0.54375 0.372222 0.009375 0.0296296
0 0.314844 0.394907 0.00989583 0.0342593
0 0.38776 0.389352 0.0119792 0.0453704
0 0.485417 0.381944 0.0125 0.0435185
0 0.211458 0.430556 0.0125 0.05
0 0.0575521 0.456944 0.0109375 0.0435185
0 0.526302 0.392593 0.0119792 0.0407407
0 0.194531 0.417593 0.00989583 0.0425926
0 0.761458 0.378704 0.0125 0.0444444
0 0.170312 0.427778 0.015625 0.0537037
0 0.463021 0.381019 0.009375 0.0342593
0 0.585938 0.418519 0.0260417 0.0888889
0 0.69974 0.403241 0.0161458 0.0583333
0 0.566146 0.425926 0.015625 0.0666667
0 0.0979167 0.506944 0.0239583 0.108333
0 0.361719 0.449537 0.0213542 0.0842593
0 0.424219 0.438889 0.0296875 0.0944444
0 0.535937 0.402315 0.0166667 0.0527778
0 0.736719 0.406019 0.0203125 0.0583333
1 0.583333 0.4625 0.0145833 0.0231481
1 0.765104 0.394444 0.00729167 0.0111111
