0 0.216927 0.409259 0.00677083 0.0277778
0 0.716406 0.373611 0.0109375 0.0416667
0 0.228646 0.418981 0.0114583 0.0453704
0 0.108073 0.479167 0.0151042 0.0657407
6 0.716146 0.373148 0.0114583 0.0425926
0 0.16901 0.550926 0.0192708 0.0722222
4 0.846354 0.356944 0.134375 0.0805556
0 0.564062 0.378704 0.00833333 0.0351852
0 0.552604 0.366667 0.009375 0.037037
0 0.471354 0.369907 0.009375 0.037963
0 0.109896 0.496759 0.0197917 0.110185
0 0.558594 0.394907 0.0151042 0.0546296
0 0.677604 0.384259 0.015625 0.0481481
0 0.976042 0.423148 0.04375 0.216667
0 0.510417 0.406019 0.0145833 0.0601852
0 0.729427 0.386111 0.0130208 0.0518519
0 0.538281 0.418981 0.0203125 0.0768519
0 0.52526 0.394444 0.0109375 0.0481481
0 0.44349 0.399074 0.0234375 0.0944444
0 0.289323 0.444907 0.0213542 0.0768519
1 0.551562 0.447222 0.0114583 0.0203704
