0 0.305729 0.395833 0.009375 0.0416667
0 0.701823 0.368056 0.0078125 0.0342593
0 0.988542 0.887037 0.0125 0.0444444
6 0.498958 0.373611 0.009375 0.0324074
0 0.090625 0.438889 0.0145833 0.0555556
6 0.731771 0.372685 0.0114583 0.0342593
0 0.0151042 0.246759 0.015625 0.0546296
0 0.763021 0.594444 0.0260417 0.0851852
0 0.435156 0.377778 0.00885417 0.0296296
0 0.33724 0.401852 0.0119792 0.0518519
0 0.121615 0.477315 0.0151042 0.0583333
0 0.0622396 0.44537 0.0151042 0.062963
0 0.00729167 0.468981 0.0114583 0.0453704
0 0.0341146 0.462963 0.0182292 0.0666667
0 0.34974 0.396296 0.0119792 0.0425926
0 0.571094 0.406481 0.0109375 0.037037
0 0.534375 0.39537 0.0145833 0.0592593
0 0.126823 0.501389 0.0276042 0.110185
0 0.73125 0.396296 0.01875 0.062963
0 0.982813 0.422222 0.0322917 0.231481
0 0.579167 0.429167 0.0229167 0.0712963
0 0.68125 0.395833 0.015625 0.0546296
0 0.313281 0.445833 0.0171875 0.0787037
0 0.470313 0.43287 0.025 0.0861111
0 0.523438 0.425463 0.0260417 0.0861111
0 0.410937 0.407407 0.0197917 0.103704
