0 0.353125 0.400463 0.0104167 0.0435185
0 0.707812 0.610185 0.0197917 0.0981481
0 0.461719 0.376852 0.0119792 0.0481481
0 0.0158854 0.245833 0.0151042 0.0509259
0 0.0130208 0.469444 0.01875 0.0666667
0 0.539844 0.413889 0.00989583 0.0462963
0 0.751823 0.591204 0.0192708 0.0898148
0 0.548437 0.387037 0.0114583 0.0407407
0 0.726042 0.370833 0.0104167 0.0435185
0 0.399219 0.383333 0.00885417 0.0351852
0 0.500781 0.373611 0.0078125 0.0305556
0 0.534375 0.393981 0.0104167 0.0416667
0 0.56901 0.383796 0.0109375 0.0416667
0 0.139844 0.49537 0.0213542 0.112963
0 0.544792 0.406019 0.0125 0.0564815
0 0.708854 0.386111 0.0135417 0.0537037
0 0.432031 0.401389 0.0192708 0.0972222
0 0.983333 0.418519 0.03125 0.227778
0 0.679948 0.391204 0.0109375 0.0435185
0 0.523698 0.409259 0.0182292 0.0666667
0 0.309375 0.441204 0.015625 0.075
1 0.52526 0.435648 0.00989583 0.0175926
1 0.0104167 0.382407 0.009375 0.0166667
