0 0.472656 0.415741 0.0182292 0.0444444
0 0.622656 0.391667 0.0130208 0.0333333
0 0.748177 0.355556 0.0109375 0.0481481
4 0.817187 0.350926 0.136458 0.0759259
0 0.689844 0.368981 0.0119792 0.0435185
0 0.660156 0.363889 0.0078125 0.0314815
0 0.448958 0.371759 0.00833333 0.0361111
6 0.689844 0.368519 0.0130208 0.0444444
0 0.947656 0.4125 0.0421875 0.197222
0 0.128646 0.490741 0.0270833 0.111111
0 0.697396 0.406481 0.021875 0.0685185
0 0.472396 0.391204 0.021875 0.0916667
0 0.715104 0.390741 0.0135417 0.0518519
0 0.544531 0.381481 0.0109375 0.0407407
0 0.241927 0.464352 0.0213542 0.102778
0 0.616927 0.409722 0.0317708 0.0731481
0 0.566667 0.388426 0.0104167 0.0416667
0 0.736198 0.390741 0.0140625 0.0555556
1 0.714844 0.430093 0.00989583 0.0194444
