0 0.58724 0.389815 0.00885417 0.0351852
0 0.128906 0.439815 0.0151042 0.0574074
0 0.713021 0.386574 0.009375 0.0398148
0 0.0908854 0.455093 0.0130208 0.0490741
0 0.0270833 0.478241 0.009375 0.0361111
0 0.596875 0.412963 0.0135417 0.0425926
0 0.69974 0.388426 0.0109375 0.0453704
0 0.651823 0.393519 0.0109375 0.0425926
0 0.355729 0.419907 0.015625 0.0564815
0 0.488021 0.400463 0.015625 0.0527778
0 0.730208 0.427315 0.0166667 0.0768519
0 0.846875 0.438889 0.0229167 0.0907407
0 0.329167 0.4625 0.0208333 0.0805556
0 0.310417 0.473611 0.021875 0.075
0 0.602344 0.429167 0.0223958 0.0638889
0 0.553125 0.453241 0.0239583 0.100926
0 0.869792 0.441204 0.025 0.0916667
0 0.529688 0.420833 0.0208333 0.108333
0 0.152604 0.491204 0.0208333 0.0805556
1 0.567448 0.492593 0.0130208 0.0259259
