0 0.398177 0.393981 0.0119792 0.0509259
0 0.494531 0.396296 0.0140625 0.0592593
0 0.172396 0.4375 0.0114583 0.0416667
0 0.448958 0.386111 0.009375 0.0351852
0 0.216406 0.436111 0.0151042 0.0537037
6 0.85 0.386111 0.0145833 0.0462963
0 0.457292 0.387963 0.0104167 0.037037
4 0.961458 0.361111 0.075 0.0555556
0 0.551562 0.384259 0.00833333 0.037037
0 0.85 0.385648 0.0145833 0.0472222
0 0.47526 0.386111 0.00989583 0.0388889
0 0.574479 0.380093 0.009375 0.0342593
0 0.242188 0.481481 0.03125 0.0925926
0 0.253125 0.475 0.025 0.0888889
0 0.0567708 0.509722 0.0208333 0.0972222
0 0.332292 0.406019 0.0145833 0.0527778
0 0.502865 0.409259 0.0109375 0.0462963
0 0.539583 0.388426 0.009375 0.0398148
0 0.748438 0.421296 0.0197917 0.0722222
0 0.608594 0.420833 0.0244792 0.0805556
0 0.51276 0.40463 0.0109375 0.0481481
0 0.765625 0.416204 0.0177083 0.0842593
0 0.431771 0.419907 0.028125 0.10463
0 0.490104 0.444907 0.0197917 0.0898148
1 0.508854 0.475926 0.0135417 0.0240741
