0 0.728646 0.388426 0.009375 0.0287037
0 0.701042 0.368056 0.0104167 0.0435185
0 0.00963542 0.459722 0.0140625 0.0472222
4 0.933854 0.372685 0.132292 0.0935185
0 0.0210938 0.376852 0.00885417 0.0314815
0 0.142708 0.442593 0.015625 0.062963
0 0.469271 0.388889 0.0135417 0.0481481
0 0.536198 0.390278 0.0130208 0.0416667
0 0.377083 0.45463 0.0208333 0.0814815
0 0.103385 0.502315 0.0223958 0.112037
0 0.550521 0.427778 0.0197917 0.0740741
0 0.539062 0.406019 0.0177083 0.0564815
0 0.574219 0.426389 0.0286458 0.0898148
0 0.72474 0.408333 0.0171875 0.0611111
0 0.761719 0.412037 0.0151042 0.0574074
0 0.439063 0.412037 0.0208333 0.103704
0 0.397396 0.453241 0.021875 0.0916667
1 0.570833 0.462963 0.0125 0.0203704
