0 0.0476562 0.474074 0.0130208 0.0481481
0 0.455208 0.441667 0.0145833 0.0462963
0 0.0552083 0.476389 0.0104167 0.0398148
0 0.00260417 0.491204 0.00520833 0.0435185
4 0.460156 0.365278 0.151562 0.0842593
0 0.0729167 0.474074 0.00833333 0.0333333
0 0.278385 0.426389 0.0140625 0.0509259
0 0.422396 0.408796 0.0125 0.0490741
0 0.473437 0.397222 0.0114583 0.0444444
0 0.575 0.392593 0.0125 0.0425926
0 0.634375 0.391204 0.009375 0.037963
0 0.378125 0.417593 0.0104167 0.0388889
0 0.596094 0.418519 0.00989583 0.0481481
0 0.842969 0.443519 0.0265625 0.103704
0 0.454167 0.469444 0.0270833 0.0907407
0 0.149219 0.486111 0.0182292 0.0759259
0 0.335938 0.464352 0.0135417 0.062037
0 0.352865 0.456944 0.0171875 0.0657407
0 0.751302 0.423611 0.0192708 0.0898148
0 0.608594 0.431019 0.0140625 0.0546296
0 0.54375 0.423611 0.0270833 0.115741
1 0.466406 0.505093 0.0140625 0.025
1 0.128125 0.478241 0.00625 0.012037
