0 0.232292 0.415741 0.0104167 0.0425926
0 0.510417 0.378704 0.009375 0.0351852
0 0.513021 0.768056 0.0114583 0.0509259
0 0.354688 0.393056 0.009375 0.0342593
0 0.702344 0.36713 0.0109375 0.0435185
4 0.934896 0.373148 0.130208 0.0925926
0 0.716667 0.390741 0.009375 0.0296296
0 0.730469 0.391667 0.00885417 0.0277778
0 0.470833 0.387037 0.0125 0.0444444
0 0.216927 0.417593 0.0109375 0.0425926
0 0.14375 0.442593 0.0145833 0.0611111
0 0.376042 0.455093 0.0239583 0.087963
0 0.546875 0.428704 0.0229167 0.0796296
0 0.5375 0.404167 0.0166667 0.0638889
0 0.725521 0.414352 0.0135417 0.0490741
0 0.102865 0.506019 0.0223958 0.10463
0 0.573438 0.426389 0.0260417 0.0861111
0 0.394271 0.450926 0.0260417 0.0981481
0 0.76224 0.412963 0.0151042 0.0555556
0 0.438542 0.411574 0.021875 0.10463
1 0.569531 0.462963 0.0119792 0.0185185
