0 0.159896 0.419444 0.009375 0.0333333
0 0.75 0.571759 0.028125 0.128704
0 0.494792 0.374074 0.00833333 0.0314815
0 0.549479 0.382407 0.0135417 0.0481481
0 0.276823 0.39537 0.00885417 0.0333333
0 0.0138021 0.468981 0.0223958 0.0694444
0 0.0140625 0.242593 0.0135417 0.0444444
0 0.349219 0.398611 0.0109375 0.0453704
0 0.725 0.371759 0.009375 0.0416667
0 0.4 0.383333 0.009375 0.037037
0 0.46276 0.378704 0.0109375 0.0462963
0 0.446354 0.378704 0.0125 0.0518519
0 0.13724 0.497222 0.0223958 0.114815
0 0.981771 0.419907 0.034375 0.226852
0 0.564323 0.384722 0.0119792 0.0416667
0 0.542708 0.402778 0.0145833 0.0648148
0 0.534115 0.404167 0.0140625 0.062037
0 0.709635 0.388889 0.0109375 0.0481481
0 0.516406 0.410185 0.0161458 0.0685185
0 0.679688 0.390278 0.0114583 0.0472222
0 0.426042 0.40463 0.0208333 0.0981481
0 0.30625 0.441667 0.015625 0.0777778
1 0.524219 0.436111 0.00885417 0.0166667
