0 0.170573 0.442593 0.0171875 0.0555556
0 0.817708 0.383333 0.0125 0.0407407
0 0.552604 0.376852 0.009375 0.0351852
4 0.94375 0.358796 0.109375 0.0564815
0 0.521875 0.399074 0.0125 0.0462963
0 0.207552 0.55463 0.0223958 0.0907407
0 0.132552 0.444907 0.0109375 0.0435185
0 0.739062 0.393981 0.0135417 0.0398148
0 0.0445312 0.453704 0.0130208 0.0444444
0 0.370313 0.39213 0.009375 0.0342593
0 0.00625 0.466204 0.0114583 0.0453704
0 0.274219 0.411111 0.0130208 0.0481481
0 0.457552 0.3875 0.0109375 0.0453704
0 0.727604 0.398611 0.009375 0.037963
0 0.503125 0.389352 0.009375 0.0416667
0 0.320312 0.461574 0.025 0.102778
0 0.0731771 0.507407 0.0234375 0.109259
0 0.735937 0.415278 0.01875 0.0731481
0 0.30599 0.468519 0.0296875 0.103704
0 0.429167 0.418056 0.025 0.106481
0 0.516927 0.440278 0.0255208 0.0824074
0 0.761458 0.412963 0.01875 0.0722222
0 0.576823 0.424074 0.0296875 0.0759259
1 0.529688 0.466204 0.0114583 0.0212963
