0 0.814583 0.38287 0.0125 0.0435185
0 0.11276 0.243981 0.0140625 0.0490741
0 0.452604 0.389815 0.0125 0.0518519
0 0.421354 0.388426 0.009375 0.037963
0 0.148958 0.587037 0.00833333 0.0351852
0 0.367188 0.393519 0.009375 0.0351852
0 0.0367187 0.374074 0.00885417 0.0314815
0 0.164583 0.444444 0.0135417 0.0518519
0 0.395312 0.409259 0.009375 0.0314815
0 0.34401 0.439352 0.0130208 0.0472222
0 0.546354 0.377778 0.009375 0.037037
0 0.436719 0.439352 0.0161458 0.062037
0 0.213542 0.418056 0.0125 0.0453704
0 0.715365 0.368056 0.00989583 0.0453704
0 0.145313 0.427778 0.009375 0.037037
0 0.528906 0.391204 0.00989583 0.0398148
0 0.495833 0.387037 0.0125 0.0425926
0 0.0851562 0.507407 0.0223958 0.109259
0 0.333073 0.466667 0.0213542 0.0944444
0 0.733854 0.4125 0.015625 0.0675926
0 0.434635 0.414815 0.0223958 0.109259
0 0.576563 0.423148 0.0302083 0.0833333
0 0.523177 0.437963 0.0192708 0.0777778
0 0.763802 0.411574 0.0171875 0.0694444
1 0.538542 0.463426 0.0125 0.0212963
1 0.108594 0.4125 0.00885417 0.0157407
