0 0.550781 0.381019 0.00989583 0.0453704
6 0.979688 0.423148 0.0375 0.225926
0 0.326562 0.394444 0.0135417 0.0537037
0 0.198177 0.426389 0.0130208 0.0490741
0 0.0622396 0.441667 0.0130208 0.05
0 0.402865 0.383796 0.00885417 0.0361111
0 0.27474 0.396296 0.00885417 0.0351852
0 0.979688 0.422222 0.0375 0.227778
0 0.677344 0.394444 0.0109375 0.0444444
0 0.717708 0.39213 0.0145833 0.0527778
0 0.130469 0.496296 0.0244792 0.112963
0 0.54401 0.409722 0.0171875 0.0768519
0 0.523177 0.412963 0.0171875 0.0740741
0 0.415625 0.409259 0.0229167 0.0962963
0 0.498437 0.418519 0.0177083 0.0740741
0 0.304948 0.444907 0.0161458 0.0805556
1 0.523438 0.440741 0.009375 0.0166667
