0 0.468229 0.378241 0.009375 0.0342593
4 0.885417 0.366667 0.14375 0.087037
0 0.0408854 0.245833 0.0140625 0.0527778
0 0.473437 0.386111 0.0125 0.0425926
0 0.372656 0.390741 0.0119792 0.0444444
0 0.186979 0.418056 0.0114583 0.0435185
0 0.75026 0.377315 0.0109375 0.0453704
0 0.395573 0.389815 0.0130208 0.05
0 0.432813 0.41713 0.0125 0.0490741
0 0.520833 0.39213 0.0145833 0.0435185
0 0.431771 0.44537 0.021875 0.0796296
0 0.0966146 0.506019 0.0244792 0.115741
0 0.73125 0.4 0.0135417 0.0574074
0 0.588281 0.421759 0.0296875 0.087963
0 0.532812 0.404167 0.0114583 0.0472222
0 0.560677 0.430093 0.0203125 0.0768519
0 0.691406 0.401852 0.0213542 0.0574074
0 0.415365 0.40787 0.0213542 0.0990741
0 0.346615 0.444907 0.0223958 0.087963
1 0.566146 0.463889 0.0114583 0.0203704
