0 0.0466146 0.449074 0.0140625 0.0537037
0 0.651302 0.356481 0.0109375 0.0462963
0 0.575781 0.358796 0.00989583 0.0398148
0 0.720312 0.359722 0.0135417 0.0564815
0 0.669531 0.369907 0.0119792 0.0453704
4 0.786458 0.345833 0.130208 0.0657407
6 0.669531 0.37037 0.0119792 0.0444444
0 0.754687 0.3875 0.0114583 0.0490741
0 0.920313 0.410185 0.04375 0.203704
0 0.504687 0.383333 0.01875 0.0907407
0 0.105208 0.493981 0.0239583 0.115741
0 0.7125 0.389815 0.0104167 0.0444444
0 0.626823 0.378241 0.0109375 0.0490741
0 0.532812 0.381944 0.0104167 0.0416667
0 0.553906 0.385648 0.0140625 0.0453704
0 0.699479 0.39213 0.0135417 0.0601852
0 0.296875 0.461111 0.0270833 0.122222
0 0.739844 0.396296 0.0203125 0.0666667
1 0.824219 0.401389 0.0078125 0.012037
