0 0.585677 0.362037 0.0109375 0.0407407
0 0.152344 0.430093 0.0130208 0.0490741
0 0.659635 0.366204 0.00885417 0.037963
0 0.747917 0.355556 0.0104167 0.0462963
4 0.817187 0.355093 0.132292 0.0805556
0 0.678125 0.359722 0.0104167 0.0453704
0 0.579167 0.392593 0.0125 0.0388889
0 0.6625 0.392593 0.0114583 0.037037
0 0.689323 0.371296 0.0119792 0.0462963
0 0.65599 0.411574 0.0276042 0.0712963
6 0.689323 0.370833 0.0119792 0.0472222
0 0.948438 0.413889 0.0427083 0.198148
0 0.576563 0.410648 0.0260417 0.0768519
0 0.236198 0.466667 0.0182292 0.0888889
0 0.544271 0.381481 0.009375 0.0407407
0 0.697917 0.393056 0.0125 0.0472222
0 0.60599 0.385185 0.0140625 0.0555556
0 0.4625 0.393056 0.0177083 0.0953704
0 0.123698 0.493981 0.0244792 0.110185
0 0.554948 0.3875 0.0109375 0.0435185
0 0.719271 0.394907 0.021875 0.0509259
1 0.683594 0.4375 0.0119792 0.0212963
