0 0.447917 0.381481 0.0125 0.0481481
6 0.489062 0.377778 0.0114583 0.037037
0 0.698438 0.366204 0.00833333 0.0324074
0 0.317448 0.393981 0.0109375 0.0416667
6 0.719792 0.393981 0.01875 0.0546296
0 0.275 0.396296 0.009375 0.0333333
0 0.724219 0.373611 0.0109375 0.0416667
0 0.466146 0.383333 0.009375 0.0388889
0 0.550781 0.385648 0.0109375 0.0453704
6 0.723437 0.372685 0.0125 0.0435185
0 0.980208 0.421759 0.0375 0.223148
0 0.544531 0.409722 0.0171875 0.0768519
0 0.719531 0.393519 0.0192708 0.0537037
0 0.678125 0.393056 0.0145833 0.0527778
0 0.130469 0.497685 0.0255208 0.113889
0 0.522656 0.413426 0.0182292 0.0768519
0 0.305469 0.446296 0.0161458 0.0796296
0 0.495833 0.418056 0.0208333 0.0768519
0 0.414323 0.406481 0.0234375 0.1
