6 0.732031 0.370833 0.0119792 0.0416667
0 0.320052 0.386111 0.0119792 0.0388889
0 0.731771 0.373148 0.0125 0.0444444
0 0.568229 0.373611 0.009375 0.0305556
4 0.716406 0.361574 0.0703125 0.0527778
0 0.583854 0.361111 0.0114583 0.0425926
0 0.764583 0.360185 0.00833333 0.0351852
0 0.659635 0.363889 0.00989583 0.0388889
0 0.592448 0.376389 0.00677083 0.0212963
0 0.676562 0.359722 0.0114583 0.0490741
4 0.815885 0.354167 0.136979 0.0805556
0 0.430469 0.375926 0.00989583 0.0407407
6 0.689323 0.369444 0.0109375 0.0425926
0 0.947656 0.412037 0.0421875 0.198148
0 0.689323 0.369907 0.0109375 0.0435185
0 0.73125 0.393056 0.0145833 0.0583333
0 0.661719 0.402315 0.0182292 0.0731481
0 0.4875 0.387963 0.025 0.0944444
0 0.711719 0.402315 0.0328125 0.0768519
0 0.56875 0.3875 0.0114583 0.0398148
0 0.543229 0.380556 0.009375 0.0407407
0 0.13151 0.488889 0.0276042 0.118519
0 0.754687 0.389352 0.0125 0.0509259
0 0.621875 0.381944 0.015625 0.0527778
0 0.259115 0.466667 0.0213542 0.107407
