0 0.726562 0.38287 0.00833333 0.0398148
0 0.419271 0.372222 0.009375 0.0333333
0 0.671875 0.35463 0.0104167 0.0425926
0 0.407292 0.374074 0.00833333 0.0333333
0 0.58099 0.358333 0.00885417 0.0351852
0 0.76224 0.358796 0.00989583 0.037963
0 0.573438 0.363426 0.00729167 0.0342593
0 0.597917 0.356944 0.0104167 0.037963
0 0.921094 0.623148 0.0171875 0.0703704
0 0.310417 0.389815 0.00833333 0.0333333
0 0.742969 0.361111 0.0140625 0.0592593
0 0.728906 0.391204 0.0119792 0.0527778
4 0.811719 0.35463 0.128646 0.0796296
0 0.540104 0.38287 0.009375 0.0398148
0 0.130208 0.493519 0.021875 0.105556
0 0.769792 0.388889 0.0125 0.05
0 0.945312 0.413426 0.0427083 0.199074
0 0.5 0.386574 0.021875 0.0935185
0 0.738542 0.404167 0.0270833 0.0731481
0 0.565365 0.386574 0.00989583 0.037963
0 0.278385 0.466204 0.0276042 0.110185
0 0.690365 0.394907 0.0171875 0.075
0 0.628125 0.37963 0.0135417 0.05
1 0.789844 0.393056 0.00885417 0.0138889
