0 0.696094 0.368981 0.0109375 0.0453704
0 0.9125 0.41713 0.0416667 0.197222
0 0.51875 0.405556 0.009375 0.0388889
0 0.730208 0.3625 0.00833333 0.0342593
0 0.666406 0.369444 0.0109375 0.0425926
6 0.666406 0.369444 0.0119792 0.0425926
0 0.0984375 0.496296 0.025 0.116667
0 0.698958 0.3875 0.0104167 0.0472222
0 0.714323 0.359259 0.0119792 0.0537037
4 0.782031 0.349537 0.129688 0.0694444
0 0.772656 0.387963 0.0130208 0.05
0 0.706771 0.388426 0.0135417 0.0564815
0 0.536458 0.381019 0.0104167 0.0416667
0 0.515104 0.380556 0.0177083 0.087037
0 0.557031 0.383333 0.00989583 0.0388889
0 0.633854 0.375926 0.0114583 0.0481481
0 0.321875 0.45787 0.028125 0.121296
0 0.751042 0.393519 0.015625 0.0685185
1 0.686719 0.400463 0.00364583 0.00648148
1 0.846094 0.398611 0.0078125 0.0138889
