0 0.122135 0.440741 0.0151042 0.0574074
0 0.590104 0.427315 0.0114583 0.0361111
0 0.45625 0.541667 0.0125 0.0537037
0 0.00598958 0.481944 0.00989583 0.0453704
0 0.593229 0.411111 0.0125 0.0407407
0 0.0846354 0.456019 0.0130208 0.0509259
0 0.985156 0.405093 0.0171875 0.0527778
0 0.706771 0.385185 0.009375 0.0388889
0 0.580729 0.389815 0.009375 0.0351852
0 0.349479 0.418981 0.0145833 0.0564815
0 0.69349 0.3875 0.0109375 0.0453704
0 0.48151 0.401389 0.0151042 0.0509259
0 0.646615 0.393981 0.0109375 0.0416667
0 0.72474 0.427778 0.0171875 0.0814815
0 0.842969 0.435185 0.0234375 0.0925926
0 0.325 0.463889 0.0177083 0.0777778
0 0.148177 0.491667 0.0192708 0.0796296
0 0.549479 0.453704 0.0239583 0.103704
0 0.307031 0.472222 0.0213542 0.0740741
0 0.598177 0.428241 0.0234375 0.062037
0 0.525 0.418981 0.021875 0.106481
0 0.865104 0.439815 0.021875 0.0925926
1 0.565365 0.49213 0.0140625 0.0268519
