0 0.765104 0.360185 0.009375 0.0388889
0 0.601823 0.364815 0.0109375 0.0407407
0 0.710938 0.381944 0.009375 0.037963
0 0.585417 0.360185 0.009375 0.0388889
0 0.618229 0.368981 0.009375 0.0324074
0 0.440625 0.370833 0.009375 0.0305556
0 0.679167 0.363889 0.009375 0.0425926
4 0.815365 0.353704 0.138021 0.0796296
0 0.0322917 0.674537 0.0229167 0.10463
0 0.748958 0.353704 0.0104167 0.0444444
0 0.689062 0.369444 0.0104167 0.0425926
0 0.71901 0.386574 0.0109375 0.0416667
6 0.689062 0.369907 0.0114583 0.0435185
0 0.483594 0.411111 0.0119792 0.0481481
0 0.659635 0.363889 0.0078125 0.0314815
0 0.947917 0.414352 0.04375 0.197222
0 0.479948 0.388426 0.0203125 0.0953704
0 0.723177 0.396296 0.0119792 0.0444444
0 0.13125 0.489352 0.0291667 0.117593
0 0.56901 0.388426 0.0109375 0.0398148
0 0.54375 0.381481 0.009375 0.0407407
0 0.74375 0.389352 0.0145833 0.0564815
0 0.618229 0.387963 0.009375 0.0407407
0 0.248437 0.464352 0.025 0.10463
0 0.639844 0.406481 0.0276042 0.0759259
0 0.702865 0.400926 0.0151042 0.0703704
