0 0.422656 0.377315 0.00885417 0.0305556
0 0.478646 0.375 0.009375 0.0351852
0 0.59375 0.927778 0.00729167 0.0296296
0 0.285677 0.399074 0.0109375 0.0444444
0 0.515365 0.368981 0.00989583 0.0416667
0 0.986458 0.423148 0.025 0.235185
0 0.4 0.383333 0.009375 0.037037
0 0.54401 0.388889 0.00885417 0.0333333
0 0.148177 0.497685 0.0234375 0.112037
0 0.0138021 0.468981 0.0213542 0.0675926
0 0.732031 0.371759 0.00989583 0.0416667
0 0.561458 0.408796 0.0166667 0.0546296
0 0.442969 0.406481 0.0203125 0.0925926
0 0.5375 0.40787 0.0177083 0.0657407
0 0.579167 0.383333 0.0104167 0.0407407
0 0.683333 0.390278 0.0125 0.0453704
0 0.714063 0.3875 0.0135417 0.0472222
0 0.317448 0.438426 0.0151042 0.0731481
1 0.529948 0.436574 0.0109375 0.0175926
