0 0.383854 0.651389 0.021875 0.0805556
6 0.722917 0.373148 0.0104167 0.0407407
0 0.27526 0.396296 0.00885417 0.0333333
0 0.722917 0.373148 0.009375 0.0407407
0 0.2 0.425926 0.0125 0.05
0 0.401563 0.383333 0.00729167 0.0333333
0 0.0179687 0.468519 0.0171875 0.0648148
0 0.059375 0.442593 0.0125 0.0481481
0 0.980208 0.42037 0.0375 0.225926
0 0.553385 0.381481 0.00989583 0.0481481
0 0.132812 0.497222 0.0239583 0.116667
0 0.677604 0.389352 0.0125 0.0527778
0 0.714583 0.393056 0.0125 0.0490741
0 0.523958 0.414352 0.0166667 0.0675926
0 0.541146 0.409722 0.015625 0.0731481
0 0.419271 0.408333 0.025 0.0981481
0 0.304688 0.443981 0.015625 0.0787037
0 0.503385 0.4125 0.0161458 0.0731481
