0 0.527344 0.365278 0.0119792 0.0398148
0 0.703385 0.373148 0.0109375 0.0407407
4 0.0440104 0.406481 0.0880208 0.0981481
6 0.703646 0.372685 0.0114583 0.0435185
0 0.59974 0.359259 0.00989583 0.0388889
4 0.831771 0.353241 0.136458 0.0768519
0 0.548698 0.401389 0.0119792 0.0435185
0 0.557552 0.399537 0.0109375 0.0472222
0 0.559896 0.384722 0.009375 0.0435185
0 0.547396 0.427778 0.0197917 0.0685185
0 0.964063 0.418981 0.04375 0.219444
0 0.673698 0.381944 0.0119792 0.0490741
0 0.436979 0.4 0.01875 0.0888889
0 0.102083 0.498148 0.025 0.114815
0 0.520573 0.394907 0.0109375 0.0472222
0 0.270573 0.450463 0.0161458 0.0731481
0 0.717969 0.3875 0.0119792 0.0472222
0 0.508073 0.406019 0.0140625 0.062037
1 0.566146 0.448611 0.0114583 0.0212963
