0 0.214844 0.423148 0.0130208 0.0481481
0 0.552344 0.387037 0.00885417 0.0296296
0 0.542448 0.409722 0.0109375 0.0490741
0 0.233073 0.413426 0.0140625 0.0583333
0 0.399219 0.38287 0.00885417 0.037963
0 0.0130208 0.469444 0.01875 0.0666667
0 0.503906 0.374537 0.00885417 0.0324074
0 0.727344 0.371296 0.00989583 0.0425926
0 0.141406 0.495833 0.0234375 0.113889
0 0.571615 0.383333 0.00989583 0.0425926
0 0.985156 0.41713 0.0296875 0.230556
0 0.680729 0.391204 0.0114583 0.0435185
0 0.549219 0.407407 0.0140625 0.0555556
0 0.434375 0.401852 0.0197917 0.0962963
0 0.709896 0.3875 0.0135417 0.0490741
0 0.528125 0.409259 0.015625 0.0666667
0 0.311198 0.440741 0.0151042 0.0740741
1 0.527083 0.436111 0.009375 0.0166667
