0 0.165365 0.424074 0.00989583 0.037037
0 0.367708 0.393056 0.0104167 0.037963
0 0.715625 0.367593 0.0104167 0.0444444
0 0.213281 0.41713 0.0130208 0.0453704
0 0.165885 0.445833 0.0140625 0.0546296
0 0.113542 0.243056 0.0125 0.0490741
0 0.713021 0.620833 0.0197917 0.0712963
0 0.453906 0.388889 0.00989583 0.0444444
0 0.339323 0.443519 0.0140625 0.0537037
0 0.72474 0.391667 0.00989583 0.0333333
0 0.547135 0.375926 0.00885417 0.0333333
0 0.0835937 0.508796 0.0213542 0.106481
0 0.33125 0.467593 0.025 0.0981481
0 0.497396 0.387037 0.0125 0.0444444
0 0.734896 0.417593 0.0135417 0.0537037
0 0.434375 0.414352 0.0229167 0.106481
0 0.763542 0.413426 0.0166667 0.0657407
0 0.521615 0.437963 0.0234375 0.0796296
0 0.578385 0.423148 0.0328125 0.0833333
1 0.536719 0.464352 0.0119792 0.0212963
