0 0.0244792 0.243519 0.0135417 0.05
0 0.248437 0.721296 0.0135417 0.0611111
0 0.37474 0.829167 0.0244792 0.100926
4 0.400521 0.364352 0.169792 0.0712963
0 0.533594 0.410185 0.0130208 0.037037
0 0.523177 0.755093 0.0119792 0.0509259
0 0.213021 0.422222 0.0135417 0.0555556
0 0.0505208 0.443981 0.0135417 0.0453704
0 0.988281 0.425 0.0234375 0.242593
0 0.19401 0.431944 0.0119792 0.0453704
0 0.2875 0.395833 0.009375 0.0342593
0 0.0216146 0.464815 0.0119792 0.0462963
0 0.11901 0.429167 0.00989583 0.0435185
0 0.0520833 0.460185 0.01875 0.0648148
0 0.525 0.391667 0.0145833 0.0462963
0 0.533594 0.393981 0.00989583 0.037963
0 0.183594 0.418056 0.0119792 0.0453704
0 0.710677 0.370833 0.00677083 0.0305556
6 0.739062 0.376389 0.0114583 0.0416667
0 0.104427 0.501852 0.0234375 0.116667
0 0.371615 0.394444 0.0130208 0.0444444
0 0.428906 0.381019 0.00989583 0.0398148
0 0.454167 0.436111 0.021875 0.0833333
0 0.545313 0.434722 0.03125 0.0805556
0 0.688021 0.399074 0.015625 0.0537037
0 0.590885 0.428241 0.0359375 0.0935185
0 0.729427 0.400926 0.0203125 0.0537037
0 0.326042 0.445833 0.01875 0.0824074
0 0.413281 0.408333 0.0192708 0.1
1 0.540625 0.459259 0.0104167 0.0203704
1 0.521875 0.412963 0.00625 0.0111111
1 0.0208333 0.423611 0.00833333 0.0138889
