0 0.739062 0.394444 0.009375 0.0388889
0 0.484635 0.577778 0.0171875 0.0537037
0 0.203385 0.419907 0.0130208 0.0453704
0 0.176823 0.441204 0.0140625 0.0546296
0 0.416927 0.575 0.0171875 0.0666667
4 0.94375 0.363426 0.108333 0.0601852
0 0.555469 0.377778 0.00885417 0.0351852
0 0.819792 0.383333 0.0125 0.0407407
0 0.582552 0.394907 0.0130208 0.037963
0 0.210156 0.553241 0.0203125 0.0824074
0 0.015625 0.467593 0.015625 0.05
0 0.728125 0.400463 0.009375 0.0398148
0 0.370833 0.391204 0.009375 0.0342593
0 0.539844 0.377778 0.00885417 0.0351852
0 0.522656 0.386111 0.00885417 0.0351852
0 0.510677 0.405093 0.0109375 0.0490741
0 0.0575521 0.512963 0.0234375 0.1
0 0.27474 0.473148 0.0338542 0.101852
0 0.734635 0.415741 0.0161458 0.0703704
0 0.755208 0.412037 0.015625 0.0740741
0 0.577083 0.421759 0.025 0.0805556
0 0.423177 0.419444 0.0244792 0.107407
0 0.498958 0.441204 0.0208333 0.0787037
1 0.516146 0.469444 0.0135417 0.0222222
