0 0.724219 0.374074 0.0109375 0.0407407
0 0.542969 0.375926 0.0119792 0.0444444
0 0.179427 0.545833 0.0182292 0.0694444
0 0.0830729 0.581944 0.0171875 0.062037
6 0.725 0.373148 0.0104167 0.0407407
0 0.275 0.396296 0.0104167 0.0444444
0 0.530469 0.397222 0.0109375 0.0462963
0 0.572656 0.382407 0.00989583 0.0425926
0 0.119792 0.497222 0.0197917 0.112963
0 0.981771 0.419444 0.034375 0.222222
0 0.683333 0.388889 0.009375 0.0333333
0 0.734375 0.384722 0.0125 0.0490741
0 0.538802 0.414352 0.0203125 0.0731481
0 0.449219 0.397685 0.0203125 0.0953704
0 0.5625 0.39537 0.0135417 0.0611111
0 0.304167 0.44213 0.01875 0.075
0 0.517187 0.406481 0.0135417 0.0592593
1 0.164583 0.647222 0.00625 0.0111111
1 0.540625 0.44537 0.0104167 0.0185185
1 0.00572917 0.427778 0.009375 0.0185185
