0 0.473437 0.389815 0.009375 0.0333333
4 0.979167 0.375463 0.0416667 0.075
0 0.482812 0.387037 0.00729167 0.0296296
0 0.490625 0.3875 0.00833333 0.0342593
0 0.885938 0.390278 0.015625 0.0472222
0 0.371354 0.403241 0.0145833 0.0527778
0 0.56849 0.390278 0.00989583 0.0416667
0 0.536198 0.409259 0.0109375 0.0518519
0 0.26901 0.474537 0.0213542 0.087963
0 0.253906 0.477315 0.0244792 0.0898148
0 0.0822917 0.502778 0.021875 0.0962963
0 0.792708 0.423148 0.01875 0.0833333
0 0.529688 0.420833 0.0135417 0.0564815
0 0.45651 0.417593 0.0223958 0.107407
0 0.772917 0.418519 0.0208333 0.0851852
0 0.641406 0.418981 0.0213542 0.0842593
0 0.508594 0.443056 0.0223958 0.102778
1 0.527604 0.481019 0.0135417 0.025
