0 0.0640625 0.443056 0.0145833 0.0546296
0 0.703125 0.369444 0.00833333 0.0314815
0 0.0966146 0.434722 0.0119792 0.0435185
0 0.764583 0.59537 0.021875 0.0777778
0 0.570312 0.397222 0.00833333 0.0259259
0 0.0161458 0.243981 0.0145833 0.0490741
0 0.339063 0.397685 0.0135417 0.0527778
0 0.352083 0.394444 0.0125 0.0462963
0 0.577344 0.409259 0.0140625 0.0462963
0 0.53724 0.394907 0.0171875 0.0490741
0 0.730469 0.39537 0.0151042 0.0611111
0 0.583854 0.429167 0.021875 0.0712963
0 0.119271 0.499537 0.021875 0.115741
0 0.983333 0.420833 0.03125 0.232407
0 0.682552 0.398611 0.0140625 0.0509259
0 0.525 0.431944 0.025 0.0861111
0 0.411719 0.408796 0.0192708 0.100926
0 0.464323 0.434722 0.0296875 0.0861111
0 0.316667 0.446759 0.0177083 0.0768519
1 0.00989583 0.381019 0.009375 0.0175926
