0 0.422656 0.371296 0.00885417 0.0314815
0 0.314323 0.388889 0.00989583 0.037037
0 0.722656 0.382407 0.0151042 0.0444444
0 0.414062 0.374074 0.00729167 0.0333333
0 0.551302 0.927778 0.0078125 0.037037
0 0.690625 0.368056 0.0104167 0.0416667
0 0.590104 0.375926 0.00625 0.0203704
4 0.811719 0.353704 0.132812 0.0777778
0 0.74349 0.360648 0.0140625 0.0546296
0 0.657031 0.363426 0.00885417 0.0342593
6 0.690625 0.36713 0.0104167 0.0416667
0 0.946094 0.413889 0.0421875 0.203704
0 0.541406 0.381019 0.00989583 0.0398148
0 0.496875 0.386111 0.0177083 0.0925926
0 0.13099 0.492593 0.0234375 0.107407
0 0.683333 0.398611 0.0208333 0.0675926
0 0.73099 0.401389 0.0213542 0.0731481
0 0.626302 0.37963 0.0109375 0.0481481
0 0.765625 0.385185 0.0135417 0.0555556
0 0.565885 0.385648 0.00989583 0.0398148
0 0.274219 0.464352 0.0234375 0.112037
1 0.673958 0.410648 0.00625 0.0101852
1 0.78151 0.403241 0.00885417 0.0138889
