0 0.3375 0.400926 0.0135417 0.0518519
0 0.986458 0.886574 0.0125 0.0453704
0 0.516667 0.398611 0.009375 0.0324074
0 0.0554687 0.448611 0.0161458 0.0601852
0 0.276302 0.396759 0.00989583 0.0342593
0 0.194531 0.425 0.0151042 0.0555556
0 0.0294271 0.466204 0.0203125 0.0675926
0 0.98125 0.419444 0.0354167 0.224074
0 0.529167 0.391667 0.0104167 0.0425926
0 0.13151 0.5 0.0265625 0.112963
0 0.539062 0.3875 0.0104167 0.0472222
0 0.56276 0.421296 0.0276042 0.0814815
0 0.727865 0.391667 0.0161458 0.062963
0 0.679688 0.39537 0.0177083 0.0555556
0 0.409635 0.406019 0.0203125 0.10463
0 0.479948 0.425463 0.0265625 0.0842593
0 0.522917 0.422222 0.01875 0.0796296
0 0.309375 0.446296 0.0166667 0.0777778
