0 0.579427 0.382407 0.0109375 0.0425926
0 0.59349 0.396759 0.0151042 0.0416667
4 0.266667 0.374537 0.157292 0.102778
0 0.386198 0.397222 0.0119792 0.0518519
0 0.446094 0.386574 0.00989583 0.037963
0 0.60026 0.394444 0.0109375 0.037037
0 0.463802 0.386111 0.0109375 0.0388889
0 0.401563 0.411574 0.0114583 0.0361111
0 0.735156 0.40463 0.00989583 0.0388889
0 0.159635 0.439815 0.0109375 0.0407407
0 0.203646 0.436111 0.015625 0.0574074
0 0.174479 0.427315 0.0114583 0.0435185
0 0.273438 0.420833 0.0125 0.0527778
0 0.838281 0.385185 0.0140625 0.0444444
0 0.0479167 0.508796 0.0208333 0.10463
0 0.317448 0.406944 0.0130208 0.0490741
0 0.539583 0.385185 0.0104167 0.0407407
0 0.5625 0.37963 0.009375 0.0351852
0 0.234896 0.483796 0.0260417 0.0935185
0 0.529688 0.388889 0.00833333 0.0388889
0 0.247656 0.476389 0.0213542 0.087963
0 0.495833 0.41713 0.0125 0.0583333
0 0.739844 0.419444 0.0192708 0.0685185
0 0.484375 0.443981 0.0208333 0.0916667
0 0.757812 0.417593 0.0177083 0.0777778
0 0.505729 0.40463 0.0114583 0.0518519
0 0.597135 0.423148 0.0234375 0.0759259
0 0.422917 0.419907 0.0291667 0.108333
1 0.504427 0.476389 0.0130208 0.025
