0 0.553125 0.448611 0.0208333 0.0638889
6 0.606771 0.41713 0.015625 0.0472222
0 0.0627604 0.474074 0.00885417 0.0351852
0 0.0466146 0.477315 0.00989583 0.037963
0 0.165104 0.487963 0.015625 0.0796296
0 0.60625 0.41713 0.0145833 0.0453704
0 0.549479 0.425 0.028125 0.105556
0 0.330469 0.469907 0.0161458 0.0675926
0 0.859375 0.442593 0.0229167 0.0907407
0 0.882812 0.446296 0.0239583 0.0962963
0 0.617969 0.429167 0.0203125 0.0583333
0 0.347656 0.460648 0.0182292 0.0731481
0 0.53151 0.456944 0.0234375 0.10463
0 0.755469 0.427315 0.0265625 0.0861111
1 0.548958 0.5 0.0145833 0.0259259
