6 0.695312 0.367593 0.0114583 0.0407407
0 0.432552 0.259722 0.00677083 0.0212963
0 0.696875 0.369907 0.0104167 0.0416667
0 0.644792 0.356944 0.0104167 0.0453704
0 0.699479 0.3875 0.0114583 0.0546296
0 0.913281 0.415278 0.0421875 0.200926
0 0.730469 0.362963 0.0078125 0.0333333
6 0.666927 0.369444 0.0109375 0.0425926
0 0.666927 0.369444 0.0109375 0.0425926
0 0.714323 0.359259 0.0119792 0.0518519
0 0.0989583 0.496759 0.025 0.115741
4 0.782031 0.350463 0.131771 0.0731481
0 0.515625 0.381019 0.0177083 0.087963
0 0.771875 0.3875 0.0114583 0.0472222
0 0.536458 0.381019 0.0104167 0.0435185
0 0.705208 0.387037 0.015625 0.0611111
0 0.557031 0.383796 0.00989583 0.0398148
0 0.634115 0.376389 0.0109375 0.0490741
0 0.320312 0.458796 0.0270833 0.119444
0 0.751042 0.393519 0.0166667 0.0685185
1 0.144271 0.571759 0.00833333 0.0157407
1 0.743229 0.419907 0.00520833 0.012037
1 0.68724 0.400463 0.00364583 0.00648148
1 0.845312 0.399074 0.00729167 0.012963
