0 0.355208 0.601389 0.0104167 0.037963
0 0.613542 0.39213 0.009375 0.037963
0 0.644792 0.393981 0.009375 0.0398148
0 0.635417 0.888426 0.0125 0.0527778
0 0.0697917 0.474537 0.00833333 0.0324074
0 0.0528646 0.477778 0.00989583 0.0388889
0 0.635938 0.390278 0.00833333 0.0361111
0 0.575 0.3875 0.0104167 0.037963
0 0.607552 0.390278 0.0119792 0.0435185
0 0.823438 0.438426 0.01875 0.0953704
0 0.129948 0.487963 0.0151042 0.0740741
0 0.8125 0.445833 0.0229167 0.0898148
0 0.536979 0.422222 0.0239583 0.116667
0 0.347917 0.454167 0.0135417 0.0583333
0 0.359896 0.449537 0.015625 0.0601852
0 0.385677 0.469907 0.0203125 0.0898148
0 0.586458 0.428704 0.021875 0.062963
0 0.741146 0.424074 0.0177083 0.087037
1 0.403385 0.505093 0.0130208 0.0231481
