8 0.285417 0.420833 0.0114583 0.037963
0 0.0546875 0.599537 0.01875 0.087963
0 0.558333 0.390278 0.0104167 0.037963
0 0.317187 0.261111 0.01875 0.087037
0 0.24974 0.427778 0.0109375 0.0407407
0 0.0455729 0.476852 0.00989583 0.0388889
0 0.0614583 0.475 0.00833333 0.0333333
0 0.549219 0.427315 0.0265625 0.100926
0 0.607031 0.416204 0.0119792 0.0435185
0 0.164844 0.4875 0.0151042 0.0787037
0 0.330208 0.466204 0.0166667 0.0768519
0 0.858333 0.441667 0.025 0.0925926
0 0.882812 0.443981 0.021875 0.0972222
0 0.347656 0.460648 0.0203125 0.075
0 0.533073 0.456481 0.0244792 0.105556
0 0.617188 0.428704 0.0197917 0.0592593
0 0.754427 0.427315 0.0265625 0.0861111
1 0.552344 0.498148 0.0140625 0.0240741
1 0.559115 0.473148 0.0078125 0.012963
