0 0.301302 0.388426 0.0109375 0.037963
0 0.181771 0.601389 0.0177083 0.0731481
0 0.211719 0.664815 0.0161458 0.0592593
0 0.640625 0.353241 0.0104167 0.0435185
0 0.726042 0.359259 0.009375 0.037037
6 0.663281 0.369444 0.0109375 0.0444444
0 0.711458 0.351389 0.009375 0.0398148
0 0.663281 0.370833 0.00989583 0.0416667
0 0.907812 0.411574 0.0447917 0.20463
0 0.692969 0.381481 0.0109375 0.05
0 0.0940104 0.496759 0.0255208 0.119444
4 0.776563 0.35 0.132292 0.0703704
0 0.783073 0.383333 0.0140625 0.0518519
0 0.633073 0.375463 0.0119792 0.0472222
0 0.535677 0.381019 0.0119792 0.0416667
0 0.707031 0.38287 0.0140625 0.062037
0 0.555469 0.382407 0.0109375 0.0388889
0 0.516406 0.381019 0.0203125 0.0861111
0 0.328385 0.460185 0.0255208 0.111111
0 0.751562 0.391204 0.015625 0.0712963
1 0.850781 0.396296 0.0078125 0.012963
