0 0.697135 0.386574 0.0109375 0.0435185
0 0.61849 0.388889 0.00885417 0.0314815
0 0.0760417 0.643056 0.028125 0.112037
0 0.160417 0.587037 0.0145833 0.062963
0 0.614583 0.390278 0.009375 0.0305556
0 0.535937 0.455556 0.0114583 0.05
0 0.0169271 0.470833 0.0109375 0.0453704
0 0.173698 0.442593 0.0130208 0.0518519
0 0.0539063 0.476852 0.0109375 0.0407407
0 0.384115 0.418519 0.0119792 0.0518519
0 0.0716146 0.474537 0.00885417 0.0342593
0 0.147656 0.447222 0.0119792 0.05
0 0.623698 0.388889 0.0078125 0.0296296
0 0.591667 0.387037 0.009375 0.0351852
0 0.32526 0.4125 0.0161458 0.0490741
0 0.482552 0.398611 0.0130208 0.0472222
0 0.138281 0.485648 0.0140625 0.0712963
0 0.834375 0.435648 0.0145833 0.075
0 0.573958 0.389352 0.00833333 0.0342593
0 0.820312 0.448611 0.03125 0.0898148
0 0.654948 0.396296 0.0109375 0.0388889
0 0.58776 0.417593 0.0109375 0.0481481
0 0.634896 0.391204 0.009375 0.0361111
0 0.35625 0.453704 0.015625 0.0648148
0 0.342448 0.459259 0.0130208 0.0592593
0 0.540104 0.420833 0.025 0.112037
0 0.41875 0.47037 0.021875 0.0962963
0 0.597396 0.428704 0.015625 0.0592593
0 0.745052 0.427315 0.0234375 0.0842593
1 0.433333 0.50463 0.0125 0.0222222
1 0.325521 0.410185 0.015625 0.0425926
