0 0.136458 0.421296 0.0125 0.0444444
0 0.574479 0.361111 0.009375 0.0407407
0 0.591406 0.359259 0.00989583 0.037037
0 0.753385 0.362963 0.00989583 0.0407407
0 0.0841146 0.443981 0.0130208 0.0490741
0 0.582812 0.376389 0.00625 0.0194444
0 0.648438 0.364815 0.00729167 0.0277778
4 0.799479 0.340741 0.119792 0.0481481
0 0.242969 0.4125 0.0109375 0.0472222
6 0.682813 0.369907 0.0114583 0.0416667
0 0.735677 0.361574 0.0140625 0.062037
0 0.935938 0.412963 0.0447917 0.211111
0 0.682813 0.37037 0.0104167 0.0407407
0 0.76849 0.386574 0.0140625 0.0546296
0 0.53724 0.38287 0.00989583 0.0416667
0 0.122135 0.493056 0.0234375 0.112037
0 0.560417 0.385185 0.0125 0.0425926
0 0.502083 0.384722 0.01875 0.0916667
0 0.627865 0.37963 0.0140625 0.05
0 0.726823 0.391667 0.0130208 0.0537037
0 0.697396 0.39537 0.015625 0.0685185
0 0.285417 0.461111 0.021875 0.114815
0 0.748177 0.401852 0.0171875 0.062963
1 0.803125 0.404167 0.00833333 0.0138889
