0 0.245312 0.60787 0.025 0.121296
0 0.08125 0.443056 0.0135417 0.0527778
0 0.701042 0.401389 0.009375 0.0472222
0 0.241667 0.413889 0.0104167 0.0444444
0 0.752344 0.361574 0.00989583 0.037963
0 0.647656 0.363426 0.00885417 0.0324074
4 0.802865 0.349537 0.134896 0.0712963
0 0.68125 0.370833 0.0104167 0.0416667
6 0.68151 0.37037 0.0109375 0.0425926
0 0.935156 0.413889 0.0453125 0.209259
0 0.734375 0.361574 0.0145833 0.0601852
0 0.767969 0.387037 0.0130208 0.05
0 0.536458 0.383796 0.009375 0.037963
0 0.120833 0.492593 0.0229167 0.111111
0 0.501562 0.384259 0.01875 0.0888889
0 0.627344 0.37963 0.0119792 0.0481481
0 0.559896 0.385648 0.0114583 0.0435185
0 0.726042 0.391204 0.0125 0.0546296
0 0.696875 0.39213 0.0145833 0.0694444
0 0.285156 0.462037 0.0223958 0.114815
0 0.746875 0.401389 0.015625 0.062037
1 0.803646 0.40463 0.00833333 0.0148148
