0 0.286458 0.425 0.0135417 0.0537037
0 0.161198 0.581019 0.0140625 0.0712963
0 0.0541667 0.477315 0.0114583 0.0398148
0 0.595312 0.3875 0.009375 0.037963
0 0.653646 0.396759 0.009375 0.037963
0 0.913281 0.562037 0.0265625 0.0981481
0 0.326042 0.412037 0.0166667 0.05
0 0.817969 0.453704 0.0234375 0.0796296
0 0.385156 0.421759 0.0109375 0.0472222
0 0.0716146 0.475 0.00885417 0.0333333
0 0.483854 0.398148 0.0125 0.0462963
0 0.573958 0.387963 0.009375 0.0351852
0 0.136719 0.487963 0.0140625 0.0722222
0 0.635417 0.390278 0.00833333 0.0361111
0 0.588021 0.41713 0.0114583 0.0527778
0 0.832812 0.444444 0.0177083 0.0907407
0 0.34375 0.460648 0.0125 0.0546296
0 0.357292 0.452778 0.015625 0.062963
0 0.411979 0.472222 0.021875 0.0944444
0 0.539844 0.420833 0.0255208 0.113889
0 0.595573 0.430093 0.0130208 0.0546296
0 0.74375 0.425926 0.0229167 0.0851852
1 0.428125 0.505093 0.0125 0.025
