4 0.507292 0.282407 0.15625 0.196296
0 0.983594 0.211111 0.0171875 0.0592593
0 0.173177 0.421759 0.0161458 0.0564815
0 0.660156 0.363426 0.00677083 0.0268519
0 0.4625 0.371759 0.0114583 0.0398148
0 0.249219 0.656018 0.0151042 0.0564815
0 0.530469 0.39213 0.0119792 0.0398148
0 0.690885 0.371296 0.00989583 0.0425926
4 0.81901 0.356481 0.133854 0.0814815
0 0.21901 0.419907 0.0109375 0.0453704
6 0.690625 0.371296 0.0104167 0.0425926
0 0.4875 0.368981 0.009375 0.0361111
0 0.948958 0.414352 0.04375 0.212037
0 0.68125 0.389815 0.0104167 0.05
0 0.444531 0.39537 0.0192708 0.0925926
0 0.545833 0.381944 0.0104167 0.0398148
0 0.58125 0.386574 0.0145833 0.0583333
0 0.527083 0.411111 0.0229167 0.0722222
0 0.601562 0.418056 0.0302083 0.087963
0 0.710417 0.387963 0.0125 0.0574074
0 0.244271 0.459259 0.021875 0.0814815
0 0.108594 0.497685 0.0276042 0.112037
1 0.0791667 0.991667 0.00625 0.00925926
1 0.621354 0.446759 0.0114583 0.0231481
