0 0.1375 0.438426 0.015625 0.0638889
0 0.524219 0.624074 0.0484375 0.216667
6 0.710677 0.370833 0.0109375 0.0361111
0 0.186719 0.425463 0.0130208 0.0509259
0 0.682292 0.382407 0.00625 0.0203704
0 0.202083 0.415278 0.0114583 0.0435185
0 0.67474 0.364352 0.00989583 0.0398148
0 0.240625 0.422222 0.0145833 0.0518519
0 0.579427 0.425 0.0192708 0.0777778
0 0.751302 0.374074 0.0109375 0.0425926
0 0.0716146 0.455093 0.0119792 0.0453704
0 0.476562 0.381019 0.00729167 0.0324074
0 0.401302 0.389352 0.0130208 0.0453704
6 0.476562 0.380556 0.00729167 0.0333333
0 0.429688 0.431019 0.015625 0.0638889
0 0.530469 0.396296 0.0119792 0.0425926
0 0.711719 0.373148 0.00989583 0.0388889
0 0.497396 0.381481 0.0114583 0.0444444
4 0.911719 0.371759 0.135937 0.0935185
0 0.429427 0.409259 0.0203125 0.101852
0 0.69974 0.388889 0.00989583 0.0296296
0 0.585677 0.40787 0.0109375 0.0509259
0 0.569792 0.424074 0.0208333 0.0814815
0 0.41875 0.445833 0.0208333 0.087963
0 0.773438 0.379167 0.0135417 0.0435185
0 0.102344 0.502778 0.0213542 0.112963
0 0.539323 0.408796 0.0130208 0.0453704
0 0.705729 0.405093 0.0197917 0.0601852
0 0.372917 0.451389 0.025 0.0953704
0 0.745313 0.408796 0.021875 0.0601852
1 0.586719 0.462963 0.0119792 0.0203704
1 0.777604 0.393981 0.00729167 0.012037
