0 0.0489583 0.475926 0.0104167 0.0388889
0 0.79375 0.2625 0.009375 0.0305556
0 0.364062 0.409722 0.0104167 0.0398148
0 0.145833 0.643981 0.0177083 0.0731481
0 0.065625 0.474537 0.00833333 0.0324074
0 0.164583 0.489352 0.0197917 0.0787037
0 0.60625 0.416204 0.015625 0.0509259
0 0.857813 0.444444 0.025 0.0925926
0 0.882812 0.448148 0.025 0.0925926
0 0.33125 0.469907 0.015625 0.0638889
0 0.619271 0.428241 0.01875 0.0601852
0 0.347656 0.461574 0.0171875 0.0712963
0 0.55 0.426389 0.0270833 0.102778
0 0.526563 0.459722 0.0197917 0.100926
0 0.756771 0.428704 0.025 0.0851852
1 0.54349 0.499537 0.0140625 0.0268519
