0 0.134375 0.447222 0.015625 0.0611111
0 0.347396 0.393056 0.009375 0.0342593
0 0.541146 0.418519 0.009375 0.0333333
0 0.217708 0.418981 0.015625 0.0509259
0 0.711719 0.389352 0.0130208 0.0342593
0 0.501042 0.37963 0.00833333 0.0333333
0 0.300781 0.552778 0.0182292 0.0703704
0 0.458333 0.389352 0.0104167 0.0453704
4 0.932813 0.37037 0.132292 0.0888889
0 0.515885 0.383333 0.00989583 0.0407407
0 0.5375 0.400463 0.0125 0.0472222
0 0.795313 0.381019 0.0125 0.0398148
0 0.570573 0.435648 0.0244792 0.0731481
6 0.501042 0.37963 0.009375 0.0333333
0 0.10651 0.5 0.0234375 0.114815
0 0.542448 0.405556 0.0119792 0.0518519
0 0.560417 0.430093 0.01875 0.0787037
0 0.407552 0.446759 0.0223958 0.0916667
0 0.439583 0.411574 0.0208333 0.100926
0 0.720312 0.407407 0.0239583 0.062963
0 0.758854 0.407407 0.015625 0.0666667
0 0.382812 0.455556 0.0208333 0.0925926
1 0.579167 0.463426 0.0125 0.0212963
