0 0.128646 0.445833 0.0145833 0.0564815
0 0.154427 0.435648 0.0151042 0.0601852
0 0.54401 0.389815 0.00885417 0.0277778
0 0.340885 0.393056 0.00885417 0.0361111
0 0.29375 0.562037 0.0166667 0.0648148
4 0.929167 0.367593 0.141667 0.0851852
0 0.788542 0.378241 0.0125 0.0435185
0 0.585677 0.408796 0.0203125 0.0564815
0 0.49375 0.381944 0.0104167 0.0361111
0 0.708854 0.393519 0.0125 0.0296296
0 0.448698 0.389815 0.0119792 0.0462963
0 0.565885 0.427315 0.0203125 0.0898148
0 0.10651 0.503704 0.0265625 0.109259
0 0.510417 0.381481 0.0104167 0.0425926
0 0.535937 0.400463 0.0114583 0.0472222
0 0.54375 0.409259 0.0114583 0.0462963
0 0.755469 0.402315 0.0151042 0.0694444
0 0.38125 0.451389 0.021875 0.0972222
0 0.438281 0.412963 0.0234375 0.1
0 0.411719 0.442593 0.0234375 0.0888889
0 0.716667 0.408333 0.025 0.0592593
1 0.583594 0.462963 0.0119792 0.0203704
