0 0.595312 0.358796 0.0104167 0.0398148
0 0.757292 0.360648 0.0104167 0.0398148
0 0.726562 0.37037 0.0104167 0.0388889
6 0.686198 0.368981 0.0109375 0.0416667
0 0.669792 0.356019 0.0104167 0.0435185
4 0.808333 0.347685 0.1375 0.0675926
0 0.686458 0.37037 0.0104167 0.0425926
0 0.941146 0.412037 0.040625 0.205556
0 0.769531 0.383796 0.0130208 0.0601852
0 0.540104 0.384259 0.009375 0.0351852
0 0.739062 0.360648 0.0145833 0.0601852
0 0.500781 0.386574 0.0213542 0.0935185
0 0.127083 0.491667 0.021875 0.109259
0 0.74974 0.401389 0.0203125 0.0657407
0 0.729688 0.389815 0.0135417 0.0611111
0 0.627865 0.381481 0.0171875 0.05
0 0.696615 0.397222 0.0161458 0.0666667
0 0.563281 0.384722 0.0119792 0.0416667
0 0.283594 0.464815 0.0265625 0.109259
1 0.798958 0.393056 0.00833333 0.0138889
