0 0.545313 0.391204 0.00833333 0.0287037
0 0.709896 0.39213 0.0135417 0.0287037
0 0.563281 0.398148 0.0151042 0.0462963
4 0.928906 0.370833 0.142188 0.0898148
0 0.584635 0.411574 0.0213542 0.0601852
0 0.343229 0.39213 0.009375 0.0361111
0 0.452344 0.388426 0.00989583 0.0435185
0 0.791146 0.379167 0.0135417 0.0453704
0 0.496615 0.381019 0.00989583 0.0361111
0 0.51224 0.381944 0.00989583 0.0398148
0 0.563281 0.435185 0.0192708 0.0703704
0 0.10651 0.502315 0.0265625 0.112037
0 0.536719 0.399537 0.0109375 0.0453704
0 0.543229 0.409722 0.0114583 0.0435185
0 0.756771 0.405093 0.015625 0.0675926
0 0.717969 0.406481 0.0244792 0.0611111
0 0.38151 0.454167 0.0213542 0.0916667
0 0.439323 0.411574 0.0234375 0.102778
0 0.409635 0.442593 0.0234375 0.0925926
1 0.371875 0.435185 0.00833333 0.0185185
1 0.582031 0.460648 0.0119792 0.0212963
1 0.369531 0.433796 0.00677083 0.012037
