0 0.233594 0.432407 0.0109375 0.0425926
0 0.303125 0.425463 0.0104167 0.0416667
0 0.633594 0.381481 0.0078125 0.0333333
0 0.422917 0.734259 0.01875 0.0814815
0 0.333594 0.418519 0.0140625 0.05
0 0.66849 0.397222 0.00989583 0.0444444
0 0.00885417 0.47037 0.015625 0.0537037
0 0.245833 0.419444 0.0125 0.0425926
0 0.360417 0.543981 0.00833333 0.0305556
6 0.633594 0.381019 0.00885417 0.0342593
0 0.51224 0.387963 0.0078125 0.0314815
0 0.504427 0.3875 0.00677083 0.0287037
0 0.553646 0.400463 0.0114583 0.0509259
0 0.0518229 0.45787 0.0161458 0.0657407
0 0.614062 0.386574 0.0114583 0.0398148
0 0.283073 0.469444 0.0213542 0.087037
0 0.1 0.498611 0.01875 0.0953704
0 0.267969 0.479167 0.0171875 0.0824074
0 0.5875 0.391667 0.0104167 0.0425926
0 0.473437 0.418981 0.0229167 0.112037
0 0.547917 0.421296 0.01875 0.0611111
0 0.66224 0.419907 0.0203125 0.0824074
0 0.811719 0.430556 0.0203125 0.0759259
0 0.791406 0.427778 0.0213542 0.0796296
0 0.521354 0.446759 0.021875 0.100926
1 0.539844 0.482407 0.0130208 0.0222222
1 0.760938 0.400463 0.00729167 0.0138889
