0 0.394271 0.410185 0.009375 0.0296296
6 0.629427 0.363426 0.0078125 0.0268519
0 0.23776 0.553241 0.0140625 0.0546296
0 0.160417 0.425926 0.0114583 0.0444444
0 0.142708 0.42963 0.0104167 0.0407407
0 0.364062 0.393056 0.009375 0.0361111
8 0.629687 0.3625 0.00729167 0.0231481
0 0.357292 0.445833 0.021875 0.075
0 0.8125 0.381944 0.0125 0.0435185
0 0.559375 0.377315 0.0114583 0.0416667
0 0.527865 0.400463 0.0140625 0.0490741
0 0.736719 0.394444 0.00885417 0.0333333
0 0.215365 0.41713 0.0109375 0.0435185
0 0.724479 0.396759 0.009375 0.0342593
0 0.160677 0.442593 0.0140625 0.0555556
0 0.732292 0.417593 0.0145833 0.0537037
0 0.490365 0.387037 0.0109375 0.0407407
0 0.349219 0.462037 0.0380208 0.103704
0 0.0895833 0.509722 0.025 0.10463
0 0.527865 0.436111 0.0296875 0.0796296
0 0.43776 0.416204 0.0265625 0.10463
0 0.572396 0.422222 0.028125 0.0814815
0 0.764063 0.411111 0.0145833 0.0666667
1 0.540104 0.462037 0.0135417 0.0203704
