0 0.410937 0.374074 0.0104167 0.0333333
0 0.693229 0.37037 0.0114583 0.0462963
0 0.719271 0.595833 0.015625 0.0490741
0 0.420833 0.370833 0.00833333 0.0324074
0 0.397656 0.651389 0.0140625 0.0490741
0 0.921094 0.623148 0.0171875 0.0648148
0 0.744271 0.361111 0.0135417 0.0592593
4 0.81224 0.346296 0.129688 0.062963
0 0.540625 0.382407 0.009375 0.0407407
0 0.946875 0.411574 0.040625 0.202778
0 0.130469 0.492593 0.0234375 0.107407
0 0.498437 0.387037 0.0197917 0.0925926
0 0.276042 0.463889 0.025 0.116667
0 0.767448 0.3875 0.0130208 0.0546296
0 0.565625 0.385185 0.0104167 0.0407407
0 0.686979 0.396759 0.01875 0.0731481
0 0.627344 0.379167 0.0119792 0.0509259
0 0.734896 0.403241 0.0197917 0.0712963
1 0.785937 0.396759 0.00729167 0.012037
