0 0.0208333 0.244907 0.015625 0.0509259
0 0.295312 0.646759 0.0145833 0.0601852
0 0.590885 0.362963 0.00885417 0.0351852
0 0.548177 0.389815 0.0130208 0.0388889
6 0.732292 0.371759 0.0104167 0.0398148
0 0.9875 0.419907 0.0229167 0.228704
0 0.582292 0.383333 0.009375 0.0388889
0 0.320052 0.441667 0.0171875 0.0703704
0 0.540625 0.413889 0.0197917 0.0666667
0 0.133854 0.493519 0.0239583 0.109259
0 0.740365 0.387963 0.0161458 0.05
0 0.527083 0.405556 0.0125 0.0592593
0 0.455469 0.399074 0.0192708 0.0962963
0 0.68776 0.386111 0.0171875 0.0462963
0 0.569792 0.396759 0.0125 0.0601852
1 0.544531 0.44213 0.0109375 0.0175926
1 0.0174479 0.425463 0.00885417 0.0157407
