0 0.623698 0.390278 0.00677083 0.0268519
0 0.0557292 0.475926 0.0104167 0.0407407
0 0.459896 0.441667 0.0135417 0.0444444
0 0.421875 0.409722 0.0135417 0.0527778
0 0.0729167 0.474074 0.00833333 0.0333333
0 0.634375 0.390278 0.00833333 0.0361111
0 0.377344 0.416667 0.0109375 0.0407407
0 0.597396 0.416667 0.0114583 0.05
0 0.57526 0.394444 0.0140625 0.0481481
0 0.457552 0.469444 0.0244792 0.0888889
0 0.14974 0.487963 0.0182292 0.0759259
0 0.844271 0.444444 0.028125 0.1
0 0.335417 0.465741 0.0145833 0.0592593
0 0.352344 0.457407 0.0171875 0.0648148
0 0.751562 0.424537 0.0197917 0.0898148
0 0.609375 0.430556 0.0145833 0.0555556
0 0.54401 0.423148 0.0265625 0.114815
1 0.472135 0.505093 0.0151042 0.0268519
1 0.128125 0.477778 0.00625 0.012963
