6 0.585677 0.361574 0.0109375 0.0398148
0 0.147917 0.426389 0.0135417 0.0564815
0 0.983594 0.206944 0.0171875 0.0601852
0 0.585677 0.360648 0.0109375 0.0398148
0 0.689844 0.369907 0.0109375 0.0453704
0 0.590365 0.394444 0.0140625 0.0425926
6 0.689844 0.369907 0.0109375 0.0453704
0 0.947656 0.412963 0.0421875 0.211111
0 0.583854 0.4125 0.0302083 0.0768519
0 0.544271 0.380556 0.009375 0.0407407
0 0.700781 0.392593 0.0161458 0.0481481
0 0.236458 0.462037 0.0208333 0.0981481
0 0.125 0.490278 0.0239583 0.113889
0 0.559635 0.387963 0.0161458 0.0425926
0 0.608594 0.384259 0.0119792 0.0537037
0 0.465625 0.391667 0.0208333 0.0925926
0 0.667448 0.409722 0.0234375 0.0805556
0 0.723958 0.393981 0.01875 0.0509259
1 0.692969 0.435185 0.0119792 0.0203704
