0 0.117188 0.243981 0.0135417 0.0490741
0 0.0479167 0.451389 0.0104167 0.0398148
0 0.585677 0.386574 0.0140625 0.0490741
0 0.221615 0.581019 0.0223958 0.0768519
0 0.154427 0.548148 0.0130208 0.0407407
0 0.498958 0.424074 0.0166667 0.0481481
0 0.554688 0.377315 0.00833333 0.0361111
0 0.459896 0.388889 0.0125 0.0481481
4 0.944531 0.360185 0.107813 0.0592593
0 0.0114583 0.466204 0.0125 0.0435185
4 0.360938 0.363426 0.148958 0.0861111
0 0.819531 0.383796 0.0109375 0.0398148
0 0.438281 0.386574 0.0119792 0.0435185
0 0.209635 0.549537 0.0203125 0.0935185
0 0.730208 0.405093 0.0104167 0.0472222
0 0.524479 0.385648 0.009375 0.0398148
0 0.370313 0.39213 0.0104167 0.0342593
0 0.513281 0.404167 0.0109375 0.0472222
0 0.0614583 0.512037 0.0239583 0.107407
0 0.538542 0.377315 0.009375 0.0361111
0 0.283594 0.473611 0.0359375 0.106481
0 0.503125 0.44213 0.0270833 0.0787037
0 0.734896 0.415278 0.015625 0.0657407
0 0.757031 0.413889 0.0151042 0.0685185
0 0.576042 0.422222 0.0291667 0.0814815
0 0.425521 0.418519 0.028125 0.107407
1 0.520312 0.468981 0.0125 0.0212963
