0 0.708594 0.36713 0.0109375 0.0416667
0 0.273177 0.541204 0.0140625 0.0527778
0 0.117969 0.440741 0.0140625 0.0555556
0 0.178646 0.434722 0.0114583 0.0509259
2 0.353385 0.368056 0.151562 0.0787037
0 0.233333 0.551389 0.0125 0.0546296
0 0.248177 0.411574 0.00989583 0.0398148
0 0.392708 0.407407 0.009375 0.037037
4 0.353125 0.36713 0.15 0.0768519
6 0.520312 0.383796 0.009375 0.0416667
0 0.520312 0.383333 0.009375 0.0407407
0 0.481771 0.387037 0.009375 0.0388889
0 0.153646 0.426852 0.0104167 0.0388889
4 0.939062 0.373611 0.121875 0.0898148
0 0.727344 0.396759 0.0078125 0.0287037
0 0.554948 0.37963 0.0119792 0.0462963
0 0.1375 0.42963 0.0104167 0.0425926
0 0.809375 0.382407 0.0125 0.0425926
0 0.215885 0.416667 0.0109375 0.0444444
0 0.155469 0.448148 0.0151042 0.0518519
0 0.37526 0.451852 0.0276042 0.1
0 0.722656 0.397685 0.00885417 0.0305556
0 0.360938 0.393981 0.0104167 0.0435185
0 0.735156 0.399074 0.00677083 0.0314815
0 0.532812 0.401389 0.0125 0.0416667
0 0.0950521 0.506019 0.0213542 0.110185
0 0.358854 0.459259 0.0229167 0.0962963
0 0.729688 0.422222 0.0104167 0.0407407
0 0.533594 0.431481 0.0255208 0.0796296
0 0.764323 0.411574 0.0140625 0.062037
0 0.438281 0.415278 0.0296875 0.108333
0 0.569792 0.426389 0.034375 0.0805556
1 0.104167 0.489352 0.00729167 0.012037
1 0.552865 0.4625 0.0109375 0.0194444
