0 0.299479 0.649537 0.0166667 0.0638889
0 0.736458 0.373148 0.0104167 0.0407407
0 0.564062 0.391204 0.0114583 0.0435185
6 0.736198 0.371759 0.0109375 0.0416667
0 0.561198 0.410185 0.0192708 0.0592593
0 0.988281 0.424074 0.0234375 0.22963
0 0.725 0.388426 0.0104167 0.0416667
0 0.451562 0.398611 0.021875 0.102778
0 0.149219 0.494444 0.0234375 0.112963
0 0.584115 0.384259 0.00989583 0.0388889
0 0.685417 0.391667 0.0104167 0.037037
0 0.322656 0.441204 0.0140625 0.0675926
0 0.542448 0.404167 0.0130208 0.0583333
1 0.532812 0.436574 0.0104167 0.0175926
1 0.0213542 0.424537 0.009375 0.0157407
