0 0.420312 0.413889 0.0114583 0.0462963
0 0.670833 0.393519 0.00833333 0.037037
0 0.645312 0.388889 0.0114583 0.0425926
0 0.0549479 0.475 0.0078125 0.0333333
0 0.0385417 0.478241 0.0104167 0.0398148
0 0.523177 0.397685 0.0119792 0.0453704
0 0.882812 0.44213 0.021875 0.100926
0 0.858594 0.44213 0.0296875 0.0898148
0 0.165104 0.489352 0.0177083 0.0787037
0 0.606771 0.417593 0.0125 0.05
0 0.547656 0.459722 0.0286458 0.10463
0 0.326562 0.469907 0.0166667 0.0731481
0 0.345052 0.462963 0.0182292 0.0740741
0 0.615104 0.428241 0.015625 0.0583333
0 0.749219 0.427778 0.0265625 0.0851852
1 0.561198 0.498611 0.0140625 0.0268519
