0 0.604427 0.377315 0.0140625 0.0453704
0 0.152083 0.428241 0.0114583 0.0435185
0 0.213021 0.552778 0.0239583 0.0907407
0 0.50599 0.387037 0.00989583 0.0444444
4 0.94375 0.364352 0.110417 0.0675926
0 0.277344 0.412037 0.0119792 0.0462963
0 0.553906 0.381944 0.00989583 0.0416667
0 0.0140625 0.472685 0.0104167 0.0435185
0 0.172656 0.423148 0.00989583 0.037037
0 0.52474 0.385648 0.00885417 0.037963
0 0.505208 0.419907 0.0125 0.0435185
0 0.81875 0.383796 0.0125 0.0398148
0 0.00755208 0.464815 0.0109375 0.0407407
0 0.172656 0.441667 0.0151042 0.0574074
0 0.458333 0.388889 0.0125 0.0481481
0 0.133333 0.44537 0.0114583 0.0444444
0 0.370313 0.39213 0.009375 0.0342593
0 0.739062 0.395833 0.009375 0.037963
0 0.517448 0.399537 0.0119792 0.0435185
0 0.0466146 0.453704 0.0119792 0.0444444
0 0.536458 0.378704 0.00833333 0.0333333
0 0.0682292 0.505556 0.0229167 0.111111
0 0.3 0.470833 0.0291667 0.106481
0 0.729167 0.400463 0.00833333 0.037963
0 0.735937 0.418056 0.0135417 0.0601852
0 0.576302 0.423611 0.0296875 0.0787037
0 0.510156 0.440278 0.0244792 0.0805556
0 0.760156 0.415741 0.0182292 0.0685185
0 0.427865 0.419907 0.0276042 0.102778
1 0.525781 0.466667 0.0130208 0.0240741
1 0.11276 0.411574 0.00885417 0.0157407
