4 0.986719 0.412963 0.0265625 0.22963
0 0.29401 0.649074 0.0182292 0.0666667
0 0.722656 0.360185 0.0109375 0.05
0 0.415625 0.380556 0.0104167 0.0462963
0 0.405208 0.379167 0.00833333 0.0324074
0 0.547656 0.387963 0.0130208 0.037037
0 0.544792 0.427315 0.0125 0.0435185
0 0.73099 0.371759 0.00989583 0.0416667
0 0.528906 0.40787 0.0119792 0.0546296
0 0.765365 0.590278 0.0171875 0.0638889
0 0.704687 0.366667 0.00833333 0.0333333
0 0.9875 0.419444 0.0229167 0.235185
0 0.586198 0.363889 0.0078125 0.0351852
6 0.73099 0.372685 0.0109375 0.0398148
0 0.545052 0.410648 0.0192708 0.075
0 0.580208 0.384259 0.00833333 0.037037
0 0.129948 0.492593 0.0223958 0.111111
0 0.523958 0.40787 0.0125 0.0564815
0 0.316406 0.440741 0.0161458 0.0740741
0 0.686979 0.385185 0.015625 0.0481481
0 0.454688 0.399074 0.0197917 0.0962963
0 0.740104 0.388889 0.015625 0.0444444
0 0.567708 0.398611 0.0125 0.0583333
1 0.543229 0.442593 0.009375 0.0148148
