0 0.00338542 0.486111 0.00677083 0.037037
0 0.965625 0.401389 0.015625 0.0509259
0 0.234375 0.589352 0.0145833 0.0638889
0 0.588281 0.411574 0.0109375 0.0324074
0 0.60651 0.388426 0.00989583 0.0416667
6 0.688021 0.381481 0.009375 0.037037
0 0.105729 0.446759 0.0145833 0.0583333
0 0.688281 0.381944 0.00885417 0.0361111
0 0.673437 0.387963 0.0114583 0.0425926
0 0.579427 0.414352 0.0130208 0.0361111
0 0.63099 0.393056 0.0109375 0.0435185
0 0.564062 0.389815 0.00833333 0.0314815
0 0.554688 0.390741 0.00729167 0.0296296
0 0.135417 0.493981 0.0177083 0.0842593
0 0.459375 0.4 0.0114583 0.0481481
0 0.851042 0.435648 0.01875 0.0935185
0 0.829167 0.434259 0.025 0.0962963
0 0.296615 0.475463 0.0192708 0.0768519
0 0.313281 0.462963 0.0182292 0.0814815
0 0.709375 0.426852 0.0166667 0.0796296
0 0.585156 0.428241 0.0213542 0.0564815
0 0.544271 0.452778 0.0239583 0.105556
0 0.511979 0.422222 0.028125 0.109259
1 0.559635 0.490278 0.0151042 0.025
1 0.0518229 0.489815 0.00677083 0.0111111
