0 0.0760417 0.44213 0.0125 0.0472222
0 0.471615 0.377778 0.0140625 0.0481481
0 0.0231771 0.463426 0.0119792 0.0490741
0 0.183333 0.416204 0.0114583 0.0435185
0 0.288021 0.394907 0.009375 0.0342593
0 0.710938 0.368981 0.00729167 0.0268519
0 0.739323 0.377315 0.0109375 0.0416667
0 0.213021 0.423148 0.0135417 0.0537037
0 0.121094 0.42963 0.0119792 0.0444444
0 0.430469 0.383333 0.0109375 0.037037
0 0.373437 0.393056 0.0114583 0.0453704
0 0.451823 0.419444 0.0140625 0.0444444
0 0.0536458 0.461111 0.0197917 0.0666667
0 0.988281 0.425926 0.0234375 0.233333
6 0.739323 0.376852 0.0119792 0.0425926
0 0.534635 0.396296 0.0109375 0.0425926
0 0.102604 0.505556 0.021875 0.105556
0 0.522656 0.390741 0.0171875 0.0518519
0 0.451562 0.439352 0.025 0.0805556
0 0.6875 0.397222 0.0145833 0.0574074
0 0.591667 0.428704 0.0354167 0.0907407
0 0.413802 0.409722 0.0192708 0.0972222
0 0.548437 0.435185 0.0260417 0.0759259
0 0.326823 0.446759 0.0192708 0.0805556
0 0.729427 0.402778 0.0244792 0.0537037
1 0.542188 0.462037 0.0114583 0.0185185
