0 0.611719 0.371759 0.0119792 0.037963
0 0.584896 0.362037 0.009375 0.0388889
4 0.814062 0.354167 0.1375 0.0824074
0 0.689323 0.370833 0.0130208 0.0472222
0 0.257292 0.614815 0.025 0.111111
6 0.689323 0.368981 0.0140625 0.0490741
0 0.659635 0.363426 0.0078125 0.0305556
0 0.453125 0.37037 0.00833333 0.0333333
0 0.14375 0.430093 0.015625 0.0564815
0 0.0335938 0.673611 0.0255208 0.121296
0 0.614062 0.393981 0.0135417 0.0453704
0 0.947656 0.4125 0.0421875 0.200926
0 0.127083 0.493056 0.0239583 0.106481
0 0.686719 0.401389 0.0213542 0.0675926
0 0.73151 0.390278 0.0140625 0.0564815
0 0.239063 0.465278 0.0208333 0.0990741
0 0.604167 0.4125 0.0291667 0.075
0 0.709635 0.389815 0.0140625 0.05
0 0.544531 0.381019 0.00989583 0.0416667
0 0.470313 0.393519 0.025 0.0925926
0 0.564844 0.387963 0.0119792 0.0444444
1 0.707031 0.43287 0.0119792 0.0194444
