4 0.826042 0.349074 0.1375 0.0685185
0 0.295312 0.39213 0.00833333 0.0305556
0 0.50625 0.4 0.00833333 0.0333333
6 0.954687 0.41713 0.0427083 0.210185
0 0.285937 0.39537 0.009375 0.0277778
3 0.472656 0.261111 0.134896 0.218519
0 0.328646 0.390278 0.0114583 0.0398148
0 0.609375 0.359259 0.0104167 0.0407407
0 0.593229 0.359722 0.009375 0.0361111
6 0.696875 0.371759 0.0104167 0.0416667
0 0.355208 0.383333 0.00833333 0.0333333
0 0.563802 0.38287 0.0119792 0.0435185
0 0.51276 0.365278 0.00989583 0.0416667
0 0.523438 0.386574 0.00833333 0.0342593
0 0.955469 0.415741 0.0421875 0.216667
0 0.696875 0.372222 0.0104167 0.0407407
0 0.533594 0.37037 0.0078125 0.0333333
0 0.510156 0.411574 0.0161458 0.062037
0 0.520833 0.396759 0.009375 0.0416667
0 0.0997396 0.5 0.0234375 0.111111
0 0.564062 0.419444 0.021875 0.0888889
0 0.67526 0.387037 0.0171875 0.0425926
0 0.714063 0.391204 0.0104167 0.0398148
0 0.548437 0.382407 0.0104167 0.0388889
0 0.259896 0.452315 0.0166667 0.0768519
0 0.439583 0.401852 0.0229167 0.0888889
1 0.580208 0.449074 0.0125 0.0222222
