0 0.48125 0.374537 0.0125 0.0453704
0 0.44974 0.380093 0.0151042 0.0527778
0 0.529427 0.398611 0.0109375 0.0472222
0 0.544271 0.387963 0.0125 0.0462963
6 0.492708 0.374537 0.009375 0.0342593
0 0.411719 0.432407 0.0140625 0.05
0 0.426562 0.377778 0.009375 0.0333333
0 0.198437 0.422222 0.015625 0.0592593
0 0.27526 0.395833 0.00885417 0.0324074
0 0.698438 0.366204 0.00729167 0.0324074
0 0.980208 0.421296 0.0375 0.225926
0 0.678906 0.39537 0.0161458 0.0537037
0 0.551042 0.417593 0.021875 0.0777778
0 0.488542 0.423148 0.0270833 0.0833333
0 0.13099 0.499537 0.0255208 0.113889
0 0.30599 0.44537 0.0151042 0.0796296
0 0.410937 0.404167 0.021875 0.102778
0 0.723437 0.393519 0.0197917 0.0555556
0 0.521875 0.418981 0.0166667 0.075
