0 0.996875 0.379167 0.00625 0.0435185
4 0.0447917 0.406944 0.0895833 0.10463
0 0.704687 0.373611 0.0104167 0.0398148
4 0.832552 0.354167 0.134896 0.0768519
6 0.704687 0.372685 0.0114583 0.0416667
0 0.558333 0.399074 0.0104167 0.0444444
0 0.548437 0.401389 0.0125 0.0453704
0 0.532552 0.367593 0.0109375 0.0407407
0 0.546875 0.430556 0.01875 0.0611111
0 0.965104 0.418981 0.046875 0.217593
0 0.559375 0.385648 0.0104167 0.0435185
0 0.436979 0.399537 0.0197917 0.0916667
0 0.673698 0.381481 0.0119792 0.0518519
0 0.102604 0.498148 0.025 0.112963
0 0.521094 0.39537 0.0109375 0.0481481
0 0.719271 0.390278 0.0114583 0.0435185
0 0.272656 0.45 0.0161458 0.0740741
0 0.507812 0.40787 0.0135417 0.062037
1 0.564062 0.449074 0.0125 0.0222222
