0 0.190104 0.556944 0.0229167 0.102778
0 0.158333 0.618981 0.0197917 0.0972222
0 0.660937 0.366667 0.0135417 0.0462963
0 0.658854 0.389352 0.0114583 0.0342593
0 0.170052 0.796296 0.0265625 0.122222
4 0.654948 0.368519 0.0369792 0.0462963
0 0.736198 0.361111 0.0109375 0.0444444
0 0.747917 0.356481 0.0104167 0.0462963
4 0.817187 0.354167 0.132292 0.0787037
0 0.678906 0.360185 0.00989583 0.0444444
0 0.689062 0.37037 0.0114583 0.0462963
6 0.689062 0.37037 0.0114583 0.0462963
0 0.544271 0.381944 0.009375 0.0416667
0 0.948438 0.413426 0.0427083 0.200926
0 0.651563 0.409259 0.0302083 0.0740741
0 0.460938 0.394444 0.0177083 0.0925926
0 0.236458 0.462963 0.01875 0.0944444
0 0.573698 0.411574 0.0234375 0.0768519
0 0.605208 0.385185 0.0145833 0.0555556
0 0.123438 0.494444 0.025 0.111111
0 0.553125 0.388889 0.0104167 0.0425926
0 0.696354 0.395833 0.0114583 0.0435185
0 0.71849 0.393056 0.0213542 0.0527778
1 0.680469 0.437037 0.0119792 0.0222222
