0 0.528385 0.391667 0.0109375 0.0444444
0 0.482812 0.397222 0.0135417 0.0388889
0 0.448438 0.381481 0.0135417 0.0518519
0 0.275 0.395833 0.009375 0.0342593
6 0.720833 0.395833 0.021875 0.0527778
6 0.491146 0.375 0.0125 0.0351852
0 0.698438 0.36713 0.009375 0.0342593
6 0.723958 0.37037 0.0125 0.0407407
0 0.980208 0.42037 0.0375 0.222222
0 0.547656 0.415741 0.0192708 0.0833333
0 0.678385 0.396296 0.0151042 0.0481481
0 0.130469 0.498611 0.0255208 0.112037
0 0.492188 0.418519 0.0239583 0.0796296
0 0.721094 0.39537 0.0234375 0.0537037
0 0.521354 0.415278 0.01875 0.075
0 0.305729 0.44537 0.015625 0.0796296
0 0.4125 0.406019 0.0208333 0.100926
