0 0.70026 0.359722 0.00989583 0.0453704
0 0.465104 0.368981 0.009375 0.0398148
0 0.170052 0.550926 0.0171875 0.0759259
0 0.682292 0.364815 0.009375 0.0351852
0 0.541927 0.393981 0.0140625 0.0416667
4 0.839844 0.356019 0.134896 0.0805556
6 0.711719 0.374074 0.0109375 0.0407407
0 0.711458 0.374074 0.0104167 0.0388889
0 0.106771 0.495833 0.021875 0.112037
0 0.557813 0.393519 0.0145833 0.0537037
0 0.973437 0.417593 0.0447917 0.22037
0 0.539062 0.418981 0.0229167 0.075
0 0.675521 0.386574 0.01875 0.0453704
0 0.724479 0.387037 0.0125 0.05
0 0.508333 0.40787 0.015625 0.0657407
0 0.522135 0.398148 0.00989583 0.0444444
0 0.282031 0.446296 0.0171875 0.0777778
0 0.440365 0.399074 0.0223958 0.0944444
1 0.55599 0.446296 0.0109375 0.0185185
