0 0.445833 0.390741 0.0125 0.0444444
0 0.544271 0.389352 0.009375 0.0287037
0 0.707812 0.392593 0.0114583 0.0277778
0 0.585677 0.408796 0.0203125 0.0527778
0 0.151823 0.433796 0.0151042 0.0583333
4 0.927344 0.364815 0.145313 0.0814815
0 0.416146 0.424074 0.0135417 0.0481481
0 0.982031 0.636111 0.0296875 0.107407
0 0.338802 0.39213 0.00885417 0.0361111
0 0.508333 0.381481 0.009375 0.0407407
0 0.785937 0.379167 0.0135417 0.0453704
0 0.534375 0.398148 0.0114583 0.0444444
0 0.58125 0.424074 0.0260417 0.0833333
0 0.10651 0.505556 0.0265625 0.105556
0 0.542969 0.408333 0.0130208 0.0444444
0 0.414844 0.44537 0.0234375 0.087037
0 0.564583 0.428241 0.01875 0.0861111
0 0.380469 0.451389 0.0234375 0.0972222
0 0.4375 0.415741 0.0239583 0.0962963
0 0.753646 0.403241 0.015625 0.0675926
0 0.714063 0.407407 0.0239583 0.0611111
1 0.583854 0.463426 0.0125 0.0231481
