0 0.433073 0.393981 0.0140625 0.0601852
0 0.0757812 0.439815 0.0130208 0.0481481
0 0.377344 0.392593 0.0109375 0.0462963
6 0.433333 0.382407 0.0104167 0.0388889
0 0.433333 0.38287 0.009375 0.037963
0 0.358594 0.389815 0.0130208 0.0444444
0 0.289062 0.395833 0.009375 0.0361111
0 0.127604 0.433796 0.0166667 0.0564815
0 0.989062 0.427315 0.0197917 0.228704
0 0.521354 0.39213 0.0135417 0.0453704
0 0.0565104 0.456481 0.0182292 0.0685185
0 0.740625 0.377315 0.0104167 0.0416667
0 0.0966146 0.507407 0.0244792 0.107407
0 0.685677 0.397685 0.0140625 0.0583333
0 0.728646 0.405093 0.01875 0.0472222
0 0.446875 0.434722 0.0270833 0.0861111
0 0.591927 0.428241 0.0359375 0.0935185
0 0.41276 0.408333 0.0223958 0.0981481
0 0.532552 0.399074 0.0140625 0.0462963
0 0.329167 0.445833 0.0270833 0.0842593
0 0.552604 0.434722 0.0260417 0.0805556
1 0.54375 0.462963 0.0114583 0.0185185
