0 0.415625 0.377315 0.00833333 0.037963
0 0.154687 0.421296 0.0125 0.0425926
6 0.739062 0.363889 0.0114583 0.05
0 0.423438 0.371296 0.00729167 0.0314815
0 0.0841146 0.709722 0.0161458 0.0675926
0 0.602083 0.374537 0.00625 0.0212963
0 0.551823 0.927778 0.0078125 0.037037
0 0.739844 0.365278 0.0119792 0.0472222
0 0.689844 0.368981 0.0119792 0.0435185
0 0.590625 0.375926 0.00625 0.0203704
4 0.813281 0.353704 0.132812 0.0777778
6 0.690104 0.368056 0.0114583 0.0416667
0 0.74401 0.362037 0.0140625 0.0574074
0 0.946094 0.412963 0.0421875 0.205556
0 0.657812 0.363426 0.00833333 0.0342593
0 0.273177 0.46713 0.0213542 0.110185
0 0.68125 0.397685 0.0229167 0.0694444
0 0.13125 0.491667 0.0239583 0.109259
0 0.541667 0.382407 0.009375 0.0388889
0 0.496094 0.385185 0.0171875 0.0907407
0 0.73125 0.399074 0.0208333 0.0722222
0 0.62526 0.379167 0.0109375 0.0509259
0 0.764323 0.385185 0.0140625 0.0555556
0 0.566406 0.386111 0.00989583 0.0388889
1 0.779167 0.407407 0.00833333 0.0148148
1 0.717708 0.401852 0.00625 0.0111111
