0 0.763542 0.597222 0.0229167 0.0907407
0 0.704687 0.368981 0.00729167 0.0305556
0 0.585938 0.401852 0.0145833 0.0481481
0 0.102604 0.436111 0.0135417 0.0555556
0 0.0669271 0.440278 0.0130208 0.0509259
0 0.291667 0.646759 0.0166667 0.0601852
0 0.0403646 0.471759 0.0119792 0.0435185
0 0.532292 0.389352 0.015625 0.0453704
0 0.578125 0.419907 0.0177083 0.0768519
0 0.984896 0.422685 0.028125 0.237963
0 0.586198 0.42963 0.0203125 0.0722222
0 0.115625 0.503704 0.0239583 0.107407
0 0.730469 0.396759 0.0151042 0.0583333
0 0.683854 0.399074 0.0135417 0.0518519
0 0.460938 0.437037 0.028125 0.087037
0 0.41224 0.408333 0.0203125 0.101852
0 0.320312 0.446759 0.0177083 0.0731481
0 0.529167 0.435648 0.021875 0.0787037
