0 0.45651 0.4 0.00989583 0.0481481
4 0.453125 0.369907 0.148958 0.0916667
0 0.0346354 0.481019 0.0109375 0.0435185
0 0.00390625 0.488426 0.0078125 0.0472222
0 0.630208 0.393981 0.009375 0.0416667
0 0.0455729 0.473148 0.0119792 0.0462963
0 0.411458 0.413889 0.0145833 0.0592593
0 0.0546875 0.476852 0.0104167 0.0388889
0 0.264844 0.430093 0.0130208 0.0490741
0 0.370573 0.410185 0.0109375 0.0407407
0 0.0710938 0.474537 0.00885417 0.0342593
0 0.854688 0.445833 0.0197917 0.0842593
0 0.56849 0.391667 0.0109375 0.0425926
0 0.349479 0.461574 0.0135417 0.0694444
0 0.877344 0.446296 0.0234375 0.0962963
0 0.164323 0.486574 0.0171875 0.0787037
0 0.606771 0.418981 0.0125 0.0490741
0 0.619531 0.430556 0.0130208 0.0555556
0 0.550521 0.425 0.021875 0.105556
0 0.335156 0.465741 0.0151042 0.0666667
0 0.758854 0.432407 0.015625 0.0722222
0 0.509896 0.461111 0.0302083 0.103704
1 0.525 0.501852 0.0145833 0.0240741
