0 0.572656 0.385648 0.0119792 0.0453704
0 0.146354 0.442593 0.0114583 0.0444444
0 0.380208 0.527315 0.015625 0.0601852
0 0.636458 0.385185 0.0104167 0.0407407
0 0.93125 0.397222 0.0145833 0.0462963
6 0.654167 0.383333 0.00833333 0.0333333
0 0.654167 0.38287 0.00833333 0.0324074
0 0.0731771 0.452778 0.0151042 0.0611111
0 0.255469 0.430556 0.0109375 0.0407407
0 0.555729 0.3875 0.009375 0.0398148
0 0.296875 0.464352 0.0229167 0.087963
0 0.421615 0.398611 0.0140625 0.0472222
0 0.605208 0.392593 0.0104167 0.0407407
0 0.114323 0.496296 0.0192708 0.0888889
0 0.279948 0.473611 0.0203125 0.0842593
0 0.827344 0.432407 0.0203125 0.0851852
0 0.68125 0.423611 0.0177083 0.0824074
0 0.808073 0.432407 0.0234375 0.0833333
0 0.563021 0.420833 0.015625 0.062037
0 0.488542 0.422222 0.025 0.107407
0 0.53151 0.45 0.0223958 0.1
1 0.54974 0.486574 0.0140625 0.025
