0 0.593229 0.375463 0.00625 0.0194444
0 0.445833 0.608796 0.021875 0.0972222
0 0.747656 0.356481 0.0119792 0.05
0 0.651563 0.36713 0.00729167 0.0361111
0 0.0333333 0.673148 0.021875 0.116667
4 0.710677 0.363426 0.0609375 0.0546296
4 0.815625 0.353241 0.134375 0.0787037
0 0.446615 0.371759 0.00885417 0.0342593
0 0.628125 0.388426 0.0104167 0.0287037
0 0.659635 0.364352 0.0078125 0.0305556
0 0.475 0.415741 0.0166667 0.0462963
0 0.47526 0.391667 0.0203125 0.0925926
0 0.947656 0.413889 0.0421875 0.196296
6 0.689844 0.368981 0.0109375 0.0435185
0 0.626042 0.410185 0.01875 0.0703704
0 0.615625 0.387037 0.0104167 0.0444444
0 0.567969 0.387963 0.0109375 0.0407407
0 0.717969 0.397222 0.0130208 0.0537037
0 0.130208 0.487963 0.028125 0.118519
0 0.54401 0.381944 0.00989583 0.0416667
0 0.701563 0.408333 0.025 0.0666667
0 0.24401 0.462963 0.0223958 0.103704
0 0.739062 0.391204 0.0166667 0.0546296
1 0.46875 0.426852 0.00625 0.0111111
1 0.71849 0.42037 0.00885417 0.0148148
