0 0.234115 0.414352 0.0140625 0.0564815
0 0.28125 0.395833 0.009375 0.0361111
0 0.0135417 0.47037 0.0197917 0.0703704
0 0.505469 0.374074 0.00885417 0.0333333
0 0.173177 0.418519 0.00885417 0.0333333
0 0.216146 0.422685 0.0135417 0.0509259
0 0.728125 0.370833 0.0104167 0.0435185
0 0.984896 0.417593 0.028125 0.235185
0 0.142188 0.497685 0.0239583 0.113889
0 0.572135 0.381944 0.00989583 0.0453704
0 0.68125 0.391667 0.0125 0.0425926
0 0.551562 0.407407 0.0177083 0.0555556
0 0.529688 0.408333 0.0145833 0.062963
0 0.435937 0.40463 0.0197917 0.0962963
0 0.710677 0.386574 0.0130208 0.0472222
0 0.3125 0.439815 0.015625 0.0759259
1 0.527604 0.436111 0.009375 0.0166667
