0 0.144271 0.586574 0.009375 0.037963
0 0.526042 0.410185 0.0125 0.0351852
4 0.939583 0.373148 0.120833 0.0851852
0 0.71875 0.385185 0.00625 0.0222222
0 0.275 0.543056 0.0125 0.0509259
0 0.727344 0.405556 0.0130208 0.0555556
4 0.352604 0.368981 0.146875 0.0824074
0 0.18125 0.435648 0.0114583 0.0527778
0 0.216406 0.416667 0.0119792 0.0425926
0 0.735937 0.397222 0.00833333 0.0351852
0 0.557813 0.379167 0.0114583 0.0472222
0 0.530729 0.401852 0.0125 0.0425926
0 0.39349 0.40787 0.0109375 0.037963
0 0.810938 0.382407 0.0125 0.0425926
0 0.523958 0.3875 0.0125 0.0490741
0 0.158333 0.444444 0.0145833 0.0555556
0 0.139844 0.429167 0.00989583 0.037963
0 0.723958 0.398148 0.00833333 0.0333333
0 0.365625 0.437037 0.0177083 0.0537037
0 0.73099 0.418056 0.0140625 0.0546296
0 0.0927083 0.508796 0.025 0.108333
0 0.356771 0.462963 0.0375 0.1
0 0.486458 0.386574 0.0104167 0.0416667
0 0.530208 0.433796 0.03125 0.0805556
0 0.764583 0.405556 0.015625 0.0740741
0 0.438802 0.415278 0.0296875 0.108333
0 0.571094 0.424074 0.0286458 0.0796296
1 0.546875 0.460648 0.0104167 0.0194444
