0 0.918229 0.394907 0.015625 0.0490741
4 0.732813 0.281481 0.157292 0.192593
0 0.165104 0.754167 0.015625 0.0657407
0 0.0802083 0.568981 0.0125 0.0472222
0 0.560417 0.39537 0.0125 0.05
0 0.519531 0.387963 0.00885417 0.0314815
6 0.640885 0.38287 0.00885417 0.0324074
0 0.640885 0.381944 0.00885417 0.0324074
0 0.214323 0.241667 0.0130208 0.0462963
0 0.0604167 0.456019 0.015625 0.062037
0 0.621875 0.386574 0.0104167 0.0398148
0 0.241406 0.431944 0.0109375 0.0416667
0 0.405729 0.4 0.0125 0.0481481
0 0.511198 0.387963 0.00677083 0.0296296
0 0.28776 0.46713 0.0203125 0.0842593
0 0.59349 0.391204 0.00989583 0.0416667
0 0.104948 0.497685 0.0182292 0.0953704
0 0.273438 0.477315 0.0177083 0.0861111
0 0.66875 0.42037 0.0197917 0.0833333
0 0.478646 0.420833 0.0239583 0.110185
0 0.554688 0.42037 0.0197917 0.0648148
0 0.817969 0.42963 0.0203125 0.0814815
0 0.797917 0.430093 0.0229167 0.0787037
0 0.525 0.448148 0.021875 0.103704
1 0.543229 0.482407 0.0135417 0.0240741
1 0.00807292 0.312037 0.0151042 0.0703704
