0 0.0184896 0.469444 0.0161458 0.062963
0 0.698177 0.366204 0.00677083 0.0287037
0 0.27474 0.396296 0.00885417 0.0333333
0 0.198958 0.425 0.0125 0.05
6 0.722917 0.374074 0.0104167 0.0407407
0 0.401823 0.383333 0.0078125 0.0351852
0 0.722917 0.373611 0.00833333 0.0416667
0 0.552865 0.380093 0.00989583 0.0453704
0 0.0601562 0.442593 0.0119792 0.0481481
0 0.980208 0.42037 0.0375 0.227778
0 0.132031 0.497685 0.0244792 0.113889
0 0.677604 0.390741 0.0114583 0.0518519
0 0.715104 0.393056 0.0135417 0.0490741
0 0.523438 0.414352 0.0166667 0.0675926
0 0.541406 0.411111 0.0171875 0.0740741
0 0.417969 0.40787 0.0244792 0.100926
0 0.304688 0.444907 0.015625 0.0787037
0 0.502083 0.414815 0.0166667 0.0759259
