0 0.171615 0.422685 0.0151042 0.0546296
0 0.21901 0.419444 0.0109375 0.0462963
0 0.534375 0.396296 0.0114583 0.0444444
0 0.660156 0.363889 0.00677083 0.0277778
0 0.983594 0.2125 0.0171875 0.0583333
0 0.460938 0.372685 0.0125 0.0416667
0 0.430729 0.371759 0.009375 0.0416667
4 0.817969 0.356019 0.132812 0.0824074
0 0.690625 0.371759 0.0104167 0.0435185
0 0.24974 0.656018 0.0161458 0.0638889
0 0.486979 0.368056 0.009375 0.0342593
6 0.690365 0.372222 0.0109375 0.0444444
0 0.949219 0.414352 0.0421875 0.210185
0 0.605208 0.421296 0.0270833 0.0833333
0 0.682552 0.388889 0.0119792 0.0481481
0 0.545833 0.381944 0.0104167 0.0398148
0 0.583073 0.387037 0.0140625 0.0592593
0 0.445312 0.396296 0.0197917 0.0925926
0 0.528906 0.409259 0.0223958 0.0740741
0 0.710938 0.3875 0.0125 0.0564815
0 0.109896 0.497222 0.028125 0.112963
0 0.24401 0.460185 0.0213542 0.0796296
1 0.0789063 0.990741 0.00677083 0.0111111
1 0.626302 0.446759 0.0119792 0.0212963
