0 0.559375 0.411111 0.0104167 0.0481481
0 0.532031 0.373611 0.00885417 0.0342593
0 0.73776 0.371296 0.0109375 0.0425926
0 0.295312 0.40787 0.0114583 0.0453704
0 0.615365 0.362037 0.00989583 0.037037
0 0.0263021 0.45463 0.0140625 0.0574074
6 0.73724 0.371759 0.0109375 0.0435185
0 0.988021 0.423148 0.021875 0.235185
0 0.551823 0.407407 0.0130208 0.0574074
0 0.729688 0.388889 0.0135417 0.0425926
0 0.584375 0.384259 0.009375 0.0388889
0 0.686719 0.390278 0.00989583 0.0398148
0 0.542188 0.405556 0.0135417 0.0592593
0 0.453125 0.398611 0.0208333 0.0990741
0 0.566146 0.396296 0.0135417 0.0574074
0 0.148177 0.494907 0.0234375 0.108333
0 0.32526 0.440741 0.0171875 0.0703704
1 0.532812 0.437037 0.0104167 0.0166667
1 0.0210938 0.424074 0.00885417 0.0148148
