0 0.213802 0.625463 0.0182292 0.0527778
0 0.295573 0.421759 0.0130208 0.0453704
0 0.771875 0.630556 0.03125 0.124074
0 0.0244792 0.479167 0.015625 0.0601852
0 0.575521 0.3875 0.009375 0.0361111
0 0.152604 0.444907 0.0114583 0.0472222
0 0.586719 0.415741 0.0109375 0.05
0 0.613802 0.389352 0.0109375 0.0490741
0 0.817708 0.430556 0.01875 0.087037
0 0.0520833 0.479167 0.0104167 0.0398148
0 0.361979 0.451852 0.0135417 0.0555556
0 0.0684896 0.476389 0.00885417 0.0324074
0 0.494271 0.396759 0.0135417 0.0453704
0 0.126823 0.487963 0.0140625 0.0722222
0 0.810938 0.440741 0.028125 0.101852
0 0.348958 0.45463 0.0125 0.0537037
0 0.536979 0.421759 0.0239583 0.115741
0 0.372656 0.468056 0.0223958 0.087963
0 0.58099 0.428704 0.0140625 0.0574074
0 0.740104 0.423148 0.0177083 0.087037
1 0.392708 0.504167 0.0135417 0.025
