0 0.0989583 0.439352 0.0135417 0.0546296
0 0.403906 0.375 0.00885417 0.0314815
0 0.308594 0.388889 0.0078125 0.0333333
0 0.760417 0.360185 0.0104167 0.0388889
0 0.74349 0.349537 0.00989583 0.037963
0 0.597656 0.360185 0.00989583 0.0425926
0 0.726562 0.377778 0.009375 0.0351852
4 0.810938 0.35 0.130208 0.0722222
0 0.94375 0.411574 0.040625 0.20463
0 0.540104 0.383333 0.009375 0.0407407
0 0.730208 0.390741 0.0125 0.0574074
0 0.769792 0.387037 0.0125 0.0555556
0 0.128906 0.494444 0.0223958 0.105556
0 0.743229 0.401852 0.028125 0.0740741
0 0.564844 0.385185 0.0109375 0.0425926
0 0.628125 0.381019 0.0166667 0.0527778
0 0.5 0.386574 0.0229167 0.0935185
0 0.692448 0.394444 0.0182292 0.0740741
0 0.280208 0.466204 0.0291667 0.110185
1 0.79401 0.391204 0.0078125 0.0138889
