0 0.173438 0.443056 0.0135417 0.0509259
0 0.179167 0.607407 0.0166667 0.0703704
0 0.134375 0.618981 0.01875 0.0712963
0 0.0539063 0.476389 0.0109375 0.0416667
0 0.623438 0.388426 0.00729167 0.0287037
0 0.614583 0.389815 0.009375 0.0296296
0 0.0174479 0.470833 0.0109375 0.0453704
0 0.958333 0.613426 0.03125 0.126852
0 0.81875 0.452778 0.025 0.0796296
0 0.384635 0.42037 0.0109375 0.0481481
0 0.59375 0.387963 0.0104167 0.0388889
0 0.0713542 0.475 0.00833333 0.0333333
0 0.483333 0.398148 0.0125 0.0462963
0 0.32526 0.412037 0.0151042 0.05
0 0.833594 0.44213 0.0171875 0.0898148
0 0.13724 0.485185 0.0140625 0.0722222
0 0.573958 0.388889 0.009375 0.0351852
0 0.654167 0.397222 0.0104167 0.037037
0 0.634896 0.390741 0.009375 0.0351852
0 0.58776 0.417593 0.0109375 0.05
0 0.35651 0.453241 0.0161458 0.0638889
0 0.343229 0.460185 0.0135417 0.0574074
0 0.540104 0.421296 0.0260417 0.112963
0 0.596094 0.429167 0.0140625 0.0564815
0 0.744531 0.426389 0.0244792 0.0861111
0 0.414583 0.47037 0.01875 0.0962963
1 0.430469 0.505093 0.0130208 0.0231481
