0 0.983854 0.210185 0.015625 0.0574074
4 0.81901 0.356944 0.133854 0.0805556
0 0.218229 0.421296 0.0104167 0.0407407
0 0.492188 0.368519 0.009375 0.037037
0 0.690365 0.372222 0.0109375 0.0407407
0 0.526823 0.391667 0.0109375 0.0425926
0 0.189323 0.615278 0.0140625 0.0527778
6 0.690365 0.372685 0.0109375 0.0435185
0 0.948438 0.416204 0.0427083 0.212037
0 0.57474 0.388889 0.0151042 0.0481481
0 0.439844 0.397685 0.0192708 0.0953704
0 0.592448 0.421759 0.0296875 0.0861111
0 0.520833 0.411574 0.021875 0.075
0 0.677865 0.3875 0.00989583 0.0453704
0 0.545313 0.382407 0.0104167 0.0388889
0 0.246094 0.458333 0.0192708 0.0759259
0 0.708854 0.389815 0.0114583 0.05
0 0.104948 0.497222 0.0265625 0.114815
