0 0.132292 0.637037 0.021875 0.111111
0 0.380208 0.423148 0.0114583 0.0444444
0 0.053125 0.477778 0.0104167 0.0388889
0 0.625 0.389352 0.00729167 0.0268519
0 0.615365 0.389352 0.00885417 0.0324074
0 0.389062 0.45 0.0135417 0.0481481
0 0.0700521 0.475 0.0078125 0.0314815
0 0.646875 0.393519 0.009375 0.037037
0 0.575 0.387963 0.009375 0.037037
0 0.813281 0.445833 0.0234375 0.0861111
0 0.13125 0.488889 0.015625 0.0703704
0 0.635417 0.389815 0.00833333 0.0351852
0 0.604688 0.389352 0.0114583 0.0416667
0 0.825 0.439352 0.0208333 0.0953704
0 0.391927 0.474074 0.0213542 0.0851852
0 0.538021 0.422685 0.025 0.117593
0 0.347396 0.455093 0.0135417 0.0564815
0 0.359375 0.450926 0.015625 0.0592593
0 0.58776 0.428704 0.0203125 0.0611111
0 0.741146 0.424537 0.01875 0.0861111
1 0.408594 0.50463 0.0130208 0.0240741
