0 0.645833 0.380556 0.00625 0.0203704
0 0.345313 0.580093 0.0166667 0.0675926
6 0.433854 0.381019 0.009375 0.0342593
0 0.181771 0.418056 0.0114583 0.0472222
0 0.290104 0.395833 0.009375 0.0342593
0 0.379427 0.39213 0.00989583 0.0453704
0 0.359635 0.390278 0.0119792 0.0435185
0 0.989062 0.426852 0.0197917 0.227778
0 0.520312 0.393519 0.0125 0.0444444
0 0.740885 0.377778 0.00989583 0.0407407
0 0.0580729 0.456481 0.0171875 0.0666667
0 0.129948 0.432407 0.0161458 0.0555556
0 0.685417 0.399074 0.0166667 0.0592593
0 0.0953125 0.50787 0.025 0.108333
0 0.591406 0.425463 0.0369792 0.0898148
0 0.413021 0.408796 0.0239583 0.100926
0 0.53151 0.398611 0.0151042 0.0472222
0 0.727865 0.402778 0.0171875 0.05
0 0.443229 0.433796 0.028125 0.087963
0 0.553646 0.434722 0.0260417 0.0805556
0 0.330469 0.446759 0.0265625 0.0824074
1 0.545833 0.464352 0.0125 0.0212963
