0 0.671354 0.656018 0.015625 0.0694444
0 0.161458 0.584259 0.0145833 0.0703704
0 0.0539063 0.476852 0.0109375 0.0407407
0 0.460156 0.404167 0.0109375 0.0416667
0 0.384375 0.418981 0.0125 0.0509259
0 0.624219 0.388889 0.00677083 0.0277778
0 0.0713542 0.475 0.009375 0.0333333
0 0.58776 0.415741 0.00989583 0.0462963
0 0.2875 0.424074 0.0145833 0.0555556
0 0.614844 0.389815 0.00885417 0.0277778
0 0.485677 0.397685 0.0119792 0.0453704
0 0.816406 0.455556 0.0203125 0.0703704
0 0.574479 0.387963 0.009375 0.0351852
0 0.598698 0.394907 0.0109375 0.0527778
0 0.832292 0.44213 0.01875 0.0898148
0 0.652083 0.396759 0.0104167 0.0398148
0 0.134896 0.489352 0.0166667 0.0712963
0 0.635417 0.390278 0.009375 0.0361111
0 0.404427 0.468519 0.0255208 0.0962963
0 0.59375 0.430093 0.0145833 0.0546296
0 0.345052 0.462037 0.0119792 0.0518519
0 0.539323 0.421759 0.0265625 0.113889
0 0.358854 0.452778 0.015625 0.0592593
0 0.742969 0.425463 0.0203125 0.0842593
1 0.422135 0.505093 0.0140625 0.025
