0 0.180469 0.437963 0.0151042 0.0592593
0 0.154687 0.42963 0.0114583 0.0425926
0 0.442187 0.3875 0.009375 0.0361111
0 0.463281 0.388889 0.0119792 0.0444444
0 0.541667 0.377315 0.00833333 0.037963
0 0.720833 0.399074 0.009375 0.0388889
0 0.516667 0.3875 0.0104167 0.0416667
0 0.0421875 0.51713 0.0208333 0.100926
0 0.252083 0.477315 0.0270833 0.0972222
0 0.497917 0.406481 0.0125 0.0518519
0 0.575521 0.421759 0.0239583 0.0824074
0 0.413021 0.418981 0.021875 0.10463
0 0.728125 0.415278 0.015625 0.0712963
0 0.747396 0.416204 0.01875 0.0731481
0 0.485677 0.445833 0.0192708 0.0824074
1 0.501562 0.471296 0.0114583 0.0203704
