0 0.202344 0.424537 0.0119792 0.0509259
0 0.464063 0.381019 0.0104167 0.0435185
0 0.276042 0.39537 0.00833333 0.0333333
0 0.0591146 0.45 0.0161458 0.0611111
0 0.446875 0.378704 0.0125 0.05
0 0.0161458 0.468056 0.0197917 0.0712963
0 0.723958 0.371296 0.009375 0.0425926
0 0.98125 0.419907 0.0354167 0.228704
0 0.52526 0.409722 0.0140625 0.0657407
0 0.557552 0.382407 0.0109375 0.0462963
0 0.713021 0.389352 0.0114583 0.0527778
0 0.134635 0.494907 0.0213542 0.113889
0 0.678385 0.390741 0.0140625 0.0518519
0 0.50625 0.411574 0.021875 0.0712963
0 0.541667 0.407407 0.0145833 0.0703704
0 0.420833 0.406019 0.025 0.102778
0 0.305208 0.443056 0.0166667 0.0805556
