0 0.223698 0.405556 0.00989583 0.0425926
6 0.696875 0.367593 0.0104167 0.037037
0 0.730469 0.364815 0.0078125 0.0333333
4 0.760938 0.340741 0.0864583 0.0462963
0 0.433073 0.259259 0.0078125 0.0259259
0 0.644792 0.356944 0.0104167 0.0472222
0 0.667188 0.369444 0.0114583 0.0425926
6 0.666927 0.368981 0.0119792 0.0435185
0 0.914062 0.410648 0.0447917 0.20463
0 0.715104 0.358333 0.0125 0.0518519
0 0.0994792 0.495833 0.0260417 0.117593
4 0.782292 0.353241 0.13125 0.0768519
0 0.770312 0.386111 0.0125 0.0481481
0 0.535937 0.380556 0.009375 0.0425926
0 0.514844 0.380556 0.0182292 0.087037
0 0.31875 0.459259 0.025 0.112963
0 0.633594 0.376852 0.0109375 0.05
0 0.557031 0.384259 0.00989583 0.0407407
0 0.703906 0.386574 0.0182292 0.0657407
0 0.750781 0.394444 0.0171875 0.0666667
1 0.68776 0.401389 0.0046875 0.00833333
1 0.844531 0.398148 0.0078125 0.012963
