3 0.507031 0.272222 0.158854 0.231481
0 0.275781 0.395833 0.00885417 0.0342593
0 0.344792 0.401389 0.009375 0.0435185
0 0.401563 0.383333 0.00729167 0.0333333
0 0.201302 0.426852 0.0130208 0.0481481
0 0.447396 0.378704 0.0125 0.05
0 0.0588542 0.446759 0.0145833 0.0583333
0 0.0166667 0.467593 0.01875 0.0722222
0 0.723437 0.371759 0.00833333 0.0416667
0 0.98125 0.419444 0.0354167 0.227778
0 0.52474 0.410648 0.0140625 0.062037
0 0.55625 0.381944 0.0104167 0.0490741
0 0.713802 0.390741 0.0109375 0.0518519
0 0.134375 0.497685 0.021875 0.112037
0 0.678125 0.390278 0.0145833 0.0527778
0 0.504948 0.411574 0.0203125 0.0731481
0 0.541406 0.408796 0.0161458 0.0731481
0 0.420052 0.406481 0.0244792 0.101852
0 0.304948 0.443519 0.0161458 0.0814815
