0 0.0479167 0.474074 0.0114583 0.0481481
0 0.131771 0.597222 0.01875 0.0722222
0 0.442187 0.402778 0.0104167 0.0388889
0 0.00494792 0.480556 0.00989583 0.0592593
0 0.245573 0.591667 0.0151042 0.0611111
4 0.459375 0.363889 0.155208 0.0833333
0 0.05625 0.475926 0.0104167 0.0407407
0 0.375781 0.410648 0.0119792 0.0472222
0 0.0734375 0.473611 0.00833333 0.0324074
0 0.848437 0.441667 0.025 0.0962963
0 0.420052 0.4125 0.0130208 0.0527778
0 0.570312 0.39213 0.0104167 0.0435185
0 0.633854 0.390741 0.009375 0.037037
0 0.15625 0.484722 0.015625 0.0824074
0 0.350781 0.45787 0.0161458 0.0675926
0 0.336458 0.464815 0.0177083 0.062963
0 0.857813 0.446296 0.025 0.0962963
0 0.475781 0.4625 0.0265625 0.100926
0 0.546875 0.423148 0.025 0.112963
0 0.6 0.418056 0.0125 0.0472222
0 0.614583 0.429167 0.01875 0.0583333
0 0.755469 0.427315 0.0213542 0.087963
1 0.495313 0.503704 0.0135417 0.0240741
