4 0.816406 0.352778 0.135937 0.0777778
0 0.457292 0.370833 0.009375 0.037963
0 0.659375 0.364352 0.00833333 0.0324074
0 0.596354 0.392593 0.0125 0.0333333
0 0.147135 0.429167 0.0140625 0.0546296
0 0.947656 0.412037 0.0421875 0.198148
6 0.689844 0.369444 0.0119792 0.0462963
0 0.610677 0.38287 0.0130208 0.0546296
0 0.2375 0.459722 0.021875 0.100926
0 0.544271 0.381019 0.009375 0.0398148
0 0.125781 0.491204 0.0234375 0.106481
0 0.591406 0.415278 0.0265625 0.075
0 0.56224 0.3875 0.0140625 0.0416667
0 0.67474 0.406944 0.0213542 0.0712963
0 0.703125 0.392593 0.0166667 0.0518519
0 0.46849 0.393519 0.0234375 0.0925926
0 0.726562 0.391667 0.0145833 0.0555556
1 0.698698 0.434259 0.0119792 0.0203704
