6 0.736198 0.368519 0.0119792 0.0351852
0 0.00703125 0.472222 0.0130208 0.0666667
0 0.394271 0.387037 0.0104167 0.0388889
0 0.417188 0.378704 0.00833333 0.0333333
0 0.172135 0.602315 0.0182292 0.075
0 0.710156 0.367593 0.00885417 0.0314815
0 0.538542 0.401852 0.0125 0.05
0 0.988021 0.421296 0.021875 0.235185
0 0.536979 0.376852 0.009375 0.037037
0 0.610156 0.359259 0.00885417 0.0333333
0 0.545833 0.410185 0.01875 0.0666667
0 0.6875 0.387037 0.0104167 0.037037
0 0.584896 0.384259 0.009375 0.037037
0 0.733854 0.3875 0.021875 0.0527778
0 0.32526 0.437963 0.0161458 0.0759259
0 0.454427 0.398611 0.0203125 0.0990741
0 0.146615 0.493519 0.0244792 0.109259
0 0.567187 0.398611 0.0197917 0.0638889
1 0.532812 0.436574 0.0104167 0.0157407
1 0.0210938 0.425 0.00989583 0.0166667
