4 0.48125 0.356019 0.177083 0.0712963
0 0.554167 0.381481 0.00833333 0.0388889
0 0.459375 0.388889 0.0125 0.0481481
4 0.94375 0.362963 0.109375 0.062963
0 0.739062 0.395833 0.009375 0.0398148
0 0.174479 0.438889 0.015625 0.0611111
4 0.361719 0.363426 0.153646 0.0861111
0 0.500781 0.423148 0.0161458 0.0444444
0 0.0481771 0.452778 0.0109375 0.0425926
0 0.81875 0.383796 0.0104167 0.0398148
0 0.174219 0.423148 0.00989583 0.0388889
0 0.153906 0.546296 0.0140625 0.0425926
0 0.436979 0.387963 0.0135417 0.0462963
0 0.52526 0.383333 0.00885417 0.037037
0 0.210677 0.550463 0.0223958 0.0953704
0 0.514323 0.405556 0.0119792 0.0518519
0 0.301042 0.468056 0.0239583 0.0972222
0 0.28724 0.473611 0.0276042 0.0953704
0 0.279167 0.407407 0.0104167 0.0407407
0 0.538021 0.378241 0.009375 0.0361111
0 0.730208 0.402315 0.009375 0.0398148
0 0.370313 0.391667 0.0104167 0.0351852
0 0.0638021 0.50787 0.0223958 0.108333
0 0.505208 0.442593 0.0270833 0.0777778
0 0.735937 0.416667 0.0145833 0.0611111
0 0.576302 0.423611 0.0296875 0.0805556
0 0.758594 0.416667 0.0151042 0.0666667
0 0.426042 0.419444 0.0270833 0.105556
1 0.522396 0.468519 0.0125 0.0240741
