0 0.586979 0.408796 0.009375 0.0398148
0 0.328385 0.411111 0.0130208 0.05
0 0.624219 0.388889 0.0078125 0.0277778
0 0.421875 0.413426 0.0145833 0.0564815
0 0.461458 0.403704 0.0104167 0.0407407
0 0.0536458 0.476852 0.0104167 0.0407407
0 0.383333 0.416667 0.0125 0.0518519
0 0.288542 0.421759 0.0166667 0.0583333
0 0.614844 0.390741 0.00885417 0.0277778
0 0.0710938 0.475 0.00885417 0.0333333
0 0.485938 0.396296 0.0114583 0.0462963
0 0.650781 0.39537 0.00989583 0.0388889
0 0.815625 0.452778 0.01875 0.0722222
0 0.830208 0.441204 0.01875 0.0898148
0 0.574479 0.3875 0.009375 0.0361111
0 0.134115 0.489352 0.0171875 0.0731481
0 0.635417 0.389815 0.00833333 0.0351852
0 0.59974 0.391667 0.00989583 0.0462963
0 0.345833 0.461111 0.0125 0.0518519
0 0.539062 0.422222 0.0260417 0.114815
0 0.592188 0.428704 0.0145833 0.0592593
0 0.402344 0.468056 0.0255208 0.0935185
0 0.358854 0.452778 0.0166667 0.0611111
0 0.742188 0.425463 0.0197917 0.0824074
1 0.419531 0.505556 0.0140625 0.0259259
