0 0.6375 0.587037 0.015625 0.0666667
0 0.0161458 0.462963 0.0125 0.0444444
0 0.819792 0.383796 0.0125 0.0416667
0 0.290365 0.410185 0.0140625 0.0481481
0 0.138021 0.44537 0.0104167 0.0444444
0 0.441406 0.3875 0.00885417 0.037963
0 0.154948 0.429167 0.0109375 0.0416667
0 0.179948 0.4375 0.0161458 0.0601852
0 0.541667 0.376389 0.00833333 0.0361111
0 0.215365 0.418519 0.0119792 0.0462963
0 0.501823 0.402778 0.0119792 0.05
0 0.255469 0.476852 0.0286458 0.101852
0 0.0473958 0.513889 0.0208333 0.101852
0 0.73125 0.412963 0.015625 0.0722222
0 0.416667 0.419444 0.0208333 0.105556
0 0.576563 0.419444 0.0239583 0.0851852
0 0.75 0.415741 0.0166667 0.0703704
0 0.490625 0.443056 0.01875 0.087963
1 0.507292 0.470833 0.0125 0.0212963
