0 0.0203125 0.276852 0.0229167 0.0981481
0 0.0161458 0.244907 0.0145833 0.0472222
0 0.702865 0.366667 0.0078125 0.0333333
0 0.986458 0.418519 0.025 0.240741
0 0.721094 0.361111 0.00989583 0.0481481
0 0.546875 0.389815 0.0125 0.0388889
0 0.729427 0.373611 0.0109375 0.0398148
0 0.582812 0.365278 0.00833333 0.037963
0 0.536198 0.39213 0.0109375 0.0416667
6 0.729688 0.373148 0.0114583 0.0407407
0 0.578646 0.384722 0.009375 0.0361111
0 0.314063 0.44213 0.015625 0.0712963
0 0.127865 0.493981 0.0223958 0.110185
0 0.543229 0.4125 0.0197917 0.0731481
0 0.685938 0.385185 0.0125 0.0444444
0 0.453906 0.399537 0.0203125 0.0953704
0 0.523698 0.406944 0.0130208 0.0564815
0 0.739062 0.3875 0.0135417 0.0453704
0 0.566667 0.397222 0.0125 0.0574074
1 0.542969 0.443519 0.0109375 0.0166667
1 0.764063 0.403704 0.00520833 0.00740741
