0 0.182292 0.424537 0.0135417 0.0490741
0 0.194792 0.563889 0.0104167 0.0351852
0 0.397396 0.390278 0.0125 0.0435185
0 0.0682292 0.455093 0.0114583 0.0453704
0 0.2 0.414352 0.0104167 0.0435185
0 0.134115 0.438426 0.0161458 0.062037
0 0.420312 0.424074 0.0145833 0.062963
0 0.238281 0.421759 0.0140625 0.0546296
0 0.494271 0.381481 0.0114583 0.0425926
4 0.908333 0.368056 0.13125 0.0842593
0 0.473437 0.381481 0.00833333 0.0314815
0 0.698698 0.386574 0.0119792 0.0342593
0 0.323438 0.393981 0.009375 0.0361111
0 0.581771 0.416204 0.0197917 0.0768519
0 0.528646 0.396759 0.0114583 0.0435185
0 0.417969 0.443056 0.0213542 0.0861111
0 0.428125 0.42963 0.015625 0.0703704
0 0.100521 0.501852 0.021875 0.116667
0 0.770833 0.37963 0.0125 0.0444444
0 0.570312 0.423611 0.0197917 0.0842593
0 0.538281 0.405556 0.0151042 0.0518519
0 0.369792 0.448148 0.0239583 0.0888889
0 0.704167 0.403241 0.01875 0.0638889
0 0.742969 0.405556 0.0213542 0.062963
1 0.586198 0.463426 0.0130208 0.0212963
