0 0.515365 0.367593 0.0109375 0.0444444
0 0.554427 0.415741 0.0109375 0.0425926
0 0.4 0.382407 0.009375 0.037037
0 0.986458 0.423611 0.025 0.228704
0 0.732813 0.371759 0.0104167 0.0435185
0 0.0140625 0.47037 0.0197917 0.0648148
0 0.148698 0.498148 0.0234375 0.111111
0 0.579948 0.382407 0.0109375 0.0407407
0 0.561458 0.405556 0.015625 0.0592593
0 0.444531 0.406944 0.0213542 0.0916667
0 0.538542 0.405556 0.0166667 0.062963
0 0.683854 0.388889 0.0114583 0.0444444
0 0.714844 0.387963 0.0130208 0.0462963
0 0.31875 0.438426 0.015625 0.0731481
1 0.530469 0.436574 0.0109375 0.0194444
