4 0.828906 0.353704 0.139062 0.0777778
0 0.298438 0.393056 0.00625 0.0287037
0 0.519531 0.365741 0.0119792 0.0444444
0 0.332552 0.389352 0.0109375 0.0398148
0 0.5625 0.395833 0.0114583 0.0453704
0 0.555729 0.399537 0.009375 0.037963
6 0.699479 0.372222 0.0114583 0.0425926
0 0.69974 0.371759 0.0109375 0.0416667
0 0.533854 0.368981 0.009375 0.037963
0 0.959375 0.416667 0.04375 0.216667
0 0.675 0.384259 0.0135417 0.0481481
0 0.55 0.383333 0.009375 0.0388889
0 0.556771 0.423611 0.0260417 0.0824074
0 0.10026 0.501852 0.0244792 0.111111
0 0.438542 0.4 0.01875 0.0925926
0 0.520573 0.395833 0.0109375 0.0453704
0 0.508854 0.408333 0.0177083 0.0648148
0 0.715625 0.385648 0.0104167 0.0490741
0 0.265104 0.452778 0.0177083 0.0722222
1 0.574219 0.449074 0.0119792 0.0222222
