0 0.300781 0.648148 0.0151042 0.062963
0 0.473698 0.7875 0.0078125 0.0324074
0 0.563802 0.389815 0.0119792 0.0425926
0 0.529427 0.372685 0.0078125 0.0287037
0 0.736979 0.373148 0.009375 0.0407407
0 0.451562 0.4 0.021875 0.1
0 0.554688 0.407407 0.0125 0.0574074
6 0.736719 0.371759 0.0109375 0.0416667
0 0.988021 0.422685 0.021875 0.236111
0 0.564323 0.400926 0.0171875 0.0648148
0 0.584115 0.383796 0.00989583 0.037963
0 0.149219 0.494444 0.0244792 0.114815
0 0.726562 0.388426 0.0104167 0.0398148
0 0.685938 0.389352 0.0114583 0.0416667
0 0.323698 0.440741 0.0151042 0.0685185
0 0.542448 0.405556 0.0130208 0.0611111
1 0.532292 0.436574 0.0104167 0.0175926
1 0.0210938 0.424537 0.00989583 0.0157407
