0 0.421875 0.420833 0.015625 0.0509259
0 0.0643229 0.455093 0.0109375 0.0435185
0 0.491406 0.383333 0.0119792 0.0425926
0 0.427865 0.424537 0.0171875 0.062037
0 0.469792 0.380556 0.009375 0.0333333
0 0.582812 0.423611 0.0208333 0.0861111
0 0.320052 0.393519 0.00885417 0.0333333
0 0.235938 0.422685 0.0135417 0.0527778
0 0.198437 0.41713 0.0104167 0.0416667
0 0.178125 0.425463 0.0145833 0.0527778
0 0.527344 0.397685 0.0119792 0.0453704
0 0.570312 0.425463 0.0197917 0.0787037
0 0.0997396 0.502778 0.0223958 0.118519
0 0.767708 0.379167 0.0125 0.0435185
0 0.421615 0.440741 0.0296875 0.0962963
0 0.367708 0.448611 0.025 0.0916667
0 0.5375 0.404167 0.0145833 0.0583333
0 0.703646 0.403704 0.015625 0.0592593
0 0.740104 0.40463 0.0197917 0.0592593
1 0.586979 0.462963 0.0125 0.0222222
1 0.772396 0.394907 0.00625 0.0101852
