0 0.188802 0.612037 0.0140625 0.0462963
0 0.490625 0.367593 0.009375 0.0351852
0 0.249479 0.657407 0.015625 0.0555556
0 0.594792 0.399537 0.0125 0.037963
0 0.983854 0.210648 0.015625 0.0564815
0 0.21849 0.42037 0.0109375 0.0444444
0 0.690625 0.371759 0.0104167 0.0416667
4 0.817708 0.356019 0.13125 0.0805556
0 0.528906 0.393519 0.00989583 0.0444444
6 0.690625 0.371759 0.0104167 0.0416667
0 0.595052 0.421296 0.0328125 0.0851852
0 0.948438 0.415741 0.0427083 0.211111
0 0.523438 0.411574 0.0197917 0.0731481
0 0.577344 0.388426 0.0151042 0.0509259
0 0.441927 0.396759 0.0192708 0.0935185
0 0.679167 0.387963 0.0104167 0.0462963
0 0.545313 0.381944 0.0104167 0.0398148
0 0.709375 0.389352 0.0114583 0.0509259
0 0.245833 0.458333 0.0197917 0.0777778
0 0.10599 0.497222 0.0265625 0.111111
1 0.0789063 0.991204 0.00677083 0.012037
1 0.613021 0.448148 0.0114583 0.0203704
