0 0.08125 0.565278 0.009375 0.0453704
6 0.60625 0.41713 0.0166667 0.0490741
0 0.36224 0.411111 0.00885417 0.037037
0 0.0638021 0.474074 0.0078125 0.0314815
0 0.60625 0.416667 0.0145833 0.0481481
0 0.164844 0.487963 0.0182292 0.0814815
0 0.330729 0.47037 0.015625 0.0648148
0 0.882812 0.448148 0.0239583 0.0944444
0 0.858594 0.444444 0.0234375 0.0888889
0 0.549479 0.426389 0.028125 0.106481
0 0.61849 0.428704 0.0203125 0.0592593
0 0.347917 0.460648 0.0177083 0.0731481
0 0.528125 0.45787 0.0208333 0.100926
0 0.75625 0.428241 0.0270833 0.0842593
1 0.546615 0.499074 0.0151042 0.0277778
