0 0.548437 0.866204 0.00729167 0.0287037
0 0.66875 0.356019 0.0114583 0.0472222
0 0.286198 0.627778 0.0161458 0.0703704
0 0.245052 0.412963 0.00989583 0.0462963
0 0.585938 0.376852 0.00625 0.0203704
0 0.0916667 0.441204 0.0145833 0.0546296
6 0.685938 0.370833 0.0114583 0.0416667
4 0.807292 0.347222 0.1375 0.0685185
0 0.714323 0.583333 0.0234375 0.0814815
0 0.941667 0.408333 0.04375 0.216667
0 0.685938 0.372222 0.0104167 0.0407407
0 0.738281 0.361574 0.0151042 0.0601852
0 0.769792 0.383796 0.0125 0.0583333
0 0.539583 0.384259 0.009375 0.037037
0 0.501562 0.387037 0.0197917 0.0907407
0 0.126042 0.493056 0.021875 0.108333
0 0.75 0.401852 0.0177083 0.0648148
0 0.729427 0.390741 0.0130208 0.0574074
0 0.628125 0.381019 0.0166667 0.0490741
0 0.5625 0.384722 0.0114583 0.0416667
0 0.697396 0.397685 0.015625 0.0675926
0 0.284896 0.464352 0.0239583 0.112037
1 0.8 0.395833 0.00833333 0.0138889
