4 0.83125 0.353241 0.141667 0.0768519
0 0.534375 0.366667 0.0104167 0.0388889
6 0.702604 0.372222 0.0114583 0.0425926
0 0.557813 0.394444 0.0125 0.0555556
0 0.549219 0.420833 0.0203125 0.0824074
0 0.9625 0.41713 0.04375 0.219444
0 0.673437 0.381944 0.0114583 0.0509259
0 0.101302 0.499537 0.0255208 0.113889
0 0.436979 0.399074 0.01875 0.0925926
0 0.26901 0.45 0.0171875 0.0759259
0 0.717188 0.3875 0.0114583 0.0472222
0 0.520573 0.394444 0.0119792 0.0481481
0 0.508333 0.408333 0.0145833 0.0648148
1 0.567708 0.449537 0.0125 0.0212963
