0 0.353125 0.402778 0.0104167 0.0388889
4 0.860937 0.357407 0.144792 0.0833333
6 0.536719 0.413426 0.0109375 0.0527778
6 0.72526 0.370833 0.00989583 0.0416667
0 0.536719 0.412037 0.0109375 0.0537037
0 0.0161458 0.247685 0.015625 0.0546296
0 0.0127604 0.471296 0.0192708 0.0648148
0 0.49974 0.375 0.00885417 0.0333333
0 0.752604 0.590741 0.0197917 0.0851852
0 0.469531 0.473148 0.00989583 0.0351852
0 0.707552 0.611574 0.0203125 0.100926
0 0.72526 0.370833 0.00989583 0.0416667
0 0.533594 0.393519 0.00989583 0.0425926
0 0.399479 0.384259 0.009375 0.0351852
0 0.139583 0.494907 0.021875 0.113889
0 0.546875 0.403704 0.0104167 0.0537037
0 0.567969 0.384259 0.0119792 0.0407407
0 0.540625 0.408796 0.0114583 0.0546296
0 0.430729 0.402778 0.0197917 0.0981481
0 0.708854 0.387037 0.0125 0.0518519
0 0.679688 0.390278 0.0114583 0.0472222
0 0.983594 0.418981 0.0328125 0.225
0 0.522396 0.408333 0.0177083 0.0666667
0 0.308333 0.441667 0.015625 0.0759259
1 0.523438 0.436574 0.0114583 0.0175926
