0 0.747917 0.357407 0.0104167 0.0444444
0 0.439844 0.37037 0.0078125 0.0333333
3 0.505729 0.268519 0.161458 0.231481
0 0.735937 0.361574 0.0104167 0.0435185
4 0.505729 0.28287 0.142708 0.191667
0 0.659635 0.365278 0.00885417 0.0361111
0 0.983854 0.207407 0.015625 0.0592593
0 0.678385 0.3625 0.00989583 0.0472222
0 0.457292 0.418519 0.01875 0.0462963
4 0.817187 0.354167 0.132292 0.0787037
0 0.584635 0.360185 0.00989583 0.0388889
0 0.6875 0.372685 0.009375 0.0398148
6 0.688802 0.369907 0.0109375 0.0435185
0 0.559375 0.425463 0.0208333 0.0564815
0 0.54375 0.382407 0.009375 0.0444444
0 0.469531 0.369444 0.00989583 0.0388889
0 0.948438 0.413426 0.0427083 0.199074
0 0.564062 0.394907 0.0125 0.0398148
0 0.69375 0.391204 0.0114583 0.0472222
0 0.120833 0.493519 0.025 0.112963
0 0.456771 0.39537 0.021875 0.0907407
0 0.642187 0.412963 0.0260417 0.0796296
0 0.236458 0.4625 0.0177083 0.0935185
0 0.602344 0.384259 0.0161458 0.0574074
0 0.548437 0.389352 0.009375 0.0453704
0 0.716406 0.391667 0.0223958 0.0555556
1 0.670573 0.438426 0.0119792 0.0194444
