0 0.195312 0.424537 0.015625 0.0564815
0 0.179688 0.557407 0.015625 0.062963
0 0.276302 0.396759 0.00989583 0.0324074
0 0.028125 0.466204 0.0197917 0.0694444
0 0.98125 0.42037 0.0354167 0.225926
0 0.529688 0.393519 0.0114583 0.0462963
0 0.539844 0.3875 0.00989583 0.0453704
0 0.13151 0.498611 0.0265625 0.113889
0 0.679688 0.396759 0.0177083 0.0509259
0 0.727083 0.392593 0.015625 0.0592593
0 0.522135 0.422222 0.0171875 0.0740741
0 0.482292 0.424537 0.025 0.0824074
0 0.410417 0.405556 0.0208333 0.105556
0 0.308854 0.446296 0.015625 0.0777778
0 0.560938 0.418056 0.0260417 0.0768519
