0 0.00520833 0.483796 0.0104167 0.0583333
0 0.41875 0.414352 0.0145833 0.0564815
0 0.0486979 0.474074 0.0130208 0.0481481
0 0.257292 0.591204 0.0197917 0.0712963
0 0.633333 0.391667 0.0104167 0.0388889
0 0.466667 0.404167 0.0125 0.0546296
0 0.566927 0.394444 0.0119792 0.0481481
0 0.0570313 0.476389 0.00989583 0.0398148
0 0.548177 0.449537 0.0182292 0.0583333
0 0.375781 0.408333 0.00989583 0.0407407
0 0.849219 0.439352 0.0234375 0.0916667
0 0.0736979 0.473611 0.0078125 0.0324074
0 0.864062 0.442593 0.021875 0.0981481
0 0.441406 0.405556 0.0109375 0.0407407
0 0.351042 0.4625 0.0135417 0.0657407
0 0.336198 0.467593 0.0130208 0.0592593
0 0.158854 0.4875 0.0145833 0.0768519
0 0.548958 0.419444 0.0229167 0.109259
0 0.601302 0.418519 0.0140625 0.0462963
0 0.757552 0.428704 0.0192708 0.0833333
0 0.484375 0.459722 0.0291667 0.106481
0 0.616667 0.42963 0.0145833 0.0555556
1 0.503125 0.503704 0.0145833 0.0259259
