6 0.916406 0.415741 0.0421875 0.196296
0 0.252344 0.409722 0.0130208 0.0509259
0 0.763542 0.373611 0.009375 0.037963
0 0.332812 0.386574 0.00833333 0.037963
0 0.0335938 0.450926 0.0151042 0.0611111
0 0.71875 0.352778 0.0104167 0.0425926
0 0.713802 0.359722 0.0119792 0.0472222
0 0.774219 0.350463 0.00677083 0.0324074
0 0.0382813 0.593056 0.0286458 0.0972222
0 0.576042 0.375463 0.00625 0.025
0 0.917188 0.411111 0.04375 0.212963
0 0.760938 0.383333 0.0114583 0.05
0 0.284896 0.393519 0.0104167 0.0462963
0 0.648958 0.355556 0.0104167 0.0462963
6 0.66875 0.369444 0.0104167 0.0425926
0 0.66875 0.369444 0.0104167 0.0425926
4 0.784115 0.352315 0.128646 0.075
0 0.102604 0.49537 0.0239583 0.114815
0 0.630208 0.378704 0.0166667 0.0537037
0 0.535677 0.383333 0.0109375 0.0388889
0 0.748177 0.393056 0.0140625 0.0657407
0 0.510417 0.384722 0.021875 0.0898148
0 0.557813 0.384259 0.009375 0.0407407
0 0.703646 0.388426 0.015625 0.062037
0 0.308333 0.463889 0.0291667 0.116667
1 0.836719 0.399537 0.0078125 0.0138889
1 0.691667 0.400463 0.00625 0.0101852
