0 0.225781 0.414352 0.0140625 0.0564815
0 0.752344 0.594907 0.0244792 0.100926
0 0.272917 0.730556 0.0104167 0.0462963
0 0.0145833 0.244444 0.0145833 0.0481481
0 0.0130208 0.468056 0.0197917 0.0694444
0 0.514063 0.372685 0.0135417 0.0490741
0 0.496094 0.373611 0.00885417 0.0324074
0 0.277344 0.39537 0.00885417 0.0351852
0 0.35 0.398148 0.0114583 0.0462963
0 0.446354 0.378704 0.0114583 0.0518519
0 0.46276 0.376852 0.0109375 0.0481481
0 0.39974 0.383796 0.00885417 0.0361111
0 0.1375 0.496759 0.0229167 0.115741
0 0.709635 0.389352 0.0109375 0.0490741
0 0.565625 0.384722 0.0114583 0.0398148
0 0.54401 0.402315 0.0151042 0.062037
0 0.982813 0.419907 0.034375 0.225
0 0.535156 0.406019 0.0151042 0.0638889
0 0.679688 0.391204 0.0114583 0.0453704
0 0.517969 0.408796 0.0171875 0.0694444
0 0.427344 0.404167 0.0203125 0.0972222
0 0.306771 0.441667 0.015625 0.0777778
1 0.52474 0.436111 0.00989583 0.0203704
