0 0.479948 0.392593 0.0130208 0.0407407
6 0.723437 0.368981 0.0135417 0.0416667
0 0.698958 0.36713 0.009375 0.0361111
6 0.490885 0.374074 0.0109375 0.0314815
0 0.275 0.395833 0.009375 0.0342593
0 0.980208 0.42037 0.0375 0.222222
0 0.678646 0.395833 0.015625 0.0509259
0 0.54974 0.419444 0.0213542 0.0777778
0 0.130469 0.498611 0.0255208 0.113889
0 0.721094 0.393981 0.0213542 0.0546296
0 0.490885 0.418981 0.0234375 0.0824074
0 0.305729 0.445833 0.015625 0.0805556
0 0.521615 0.418519 0.0161458 0.0703704
0 0.411979 0.405093 0.021875 0.10463
1 0.7125 0.4125 0.00520833 0.00833333
