0 0.167448 0.550463 0.0171875 0.0675926
0 0.5375 0.36713 0.0135417 0.0490741
4 0.835938 0.356944 0.1375 0.0824074
0 0.544271 0.394444 0.0135417 0.0407407
0 0.461719 0.371296 0.0109375 0.0444444
0 0.680208 0.363889 0.00833333 0.0333333
6 0.708594 0.372222 0.00989583 0.0407407
0 0.708594 0.372222 0.00989583 0.0407407
0 0.970312 0.419907 0.046875 0.213889
0 0.105208 0.49537 0.0239583 0.112963
0 0.541406 0.418056 0.0223958 0.075
0 0.558073 0.392593 0.0130208 0.0555556
0 0.674219 0.386111 0.0151042 0.0444444
0 0.521875 0.394907 0.0104167 0.0453704
0 0.721875 0.388889 0.0104167 0.0425926
0 0.277865 0.447222 0.0151042 0.0722222
0 0.508333 0.408333 0.015625 0.0648148
0 0.438802 0.398148 0.0234375 0.0962963
1 0.559375 0.447685 0.0104167 0.0212963
