0 0.0231771 0.242593 0.0130208 0.0481481
0 0.532031 0.406481 0.0109375 0.0351852
4 0.869271 0.359722 0.134375 0.075
0 0.211719 0.423148 0.0130208 0.0537037
0 0.9875 0.425 0.0229167 0.222222
0 0.533333 0.393056 0.0104167 0.037963
0 0.661198 0.526389 0.0255208 0.110185
0 0.374219 0.824074 0.0255208 0.114815
0 0.19349 0.432407 0.0130208 0.0462963
0 0.286458 0.396296 0.00833333 0.0314815
0 0.116406 0.430556 0.0119792 0.0444444
0 0.709115 0.370833 0.0078125 0.0305556
0 0.183854 0.41713 0.0125 0.0453704
0 0.427344 0.381481 0.00989583 0.037037
0 0.0205729 0.465278 0.0119792 0.0472222
0 0.05 0.458333 0.0177083 0.0685185
6 0.738281 0.376389 0.0109375 0.0416667
0 0.370052 0.393056 0.0119792 0.0453704
0 0.541667 0.433333 0.03125 0.0833333
0 0.6875 0.400463 0.0166667 0.0546296
0 0.105208 0.500926 0.0229167 0.112963
0 0.454167 0.434722 0.0208333 0.0805556
0 0.590365 0.426389 0.0348958 0.0935185
0 0.324479 0.447685 0.0177083 0.0768519
0 0.728906 0.401389 0.0203125 0.0527778
0 0.413281 0.408333 0.0203125 0.101852
1 0.539062 0.459722 0.0114583 0.0194444
1 0.0197917 0.423148 0.00833333 0.0148148
