0 0.195052 0.435185 0.0119792 0.0444444
0 0.771354 0.63287 0.028125 0.106481
0 0.820312 0.433796 0.01875 0.0935185
0 0.152604 0.444907 0.0104167 0.0453704
0 0.6125 0.391667 0.0114583 0.0462963
0 0.57526 0.387963 0.00989583 0.037037
0 0.0520833 0.478241 0.0104167 0.0398148
0 0.06875 0.475926 0.00833333 0.0333333
0 0.49375 0.396296 0.0135417 0.0444444
0 0.361198 0.451389 0.0130208 0.0564815
0 0.127604 0.488426 0.0145833 0.0731481
0 0.810938 0.441204 0.025 0.0953704
0 0.348958 0.453241 0.0125 0.0564815
0 0.740625 0.424537 0.0177083 0.0861111
0 0.536979 0.422685 0.0239583 0.115741
0 0.376302 0.466204 0.0234375 0.0935185
0 0.582292 0.427778 0.015625 0.0611111
1 0.395052 0.504167 0.0140625 0.025
