0 0.149479 0.425926 0.0125 0.0537037
0 0.659375 0.363426 0.00833333 0.0342593
0 0.585677 0.361574 0.0119792 0.0416667
0 0.66849 0.391667 0.00989583 0.0462963
0 0.689323 0.37037 0.0119792 0.0462963
6 0.689323 0.369907 0.0109375 0.0453704
0 0.947656 0.4125 0.0421875 0.212037
0 0.6625 0.409259 0.021875 0.0777778
0 0.7 0.39213 0.0145833 0.0453704
0 0.464323 0.391204 0.0182292 0.0916667
0 0.235938 0.463426 0.0197917 0.0953704
0 0.124479 0.491204 0.025 0.113889
0 0.544271 0.381019 0.009375 0.0416667
0 0.558333 0.387963 0.0145833 0.0425926
0 0.607552 0.384722 0.0119792 0.0546296
0 0.582292 0.410648 0.028125 0.075
0 0.722917 0.393981 0.01875 0.0509259
1 0.689844 0.436111 0.0119792 0.0203704
