6 0.46901 0.250926 0.0109375 0.0388889
0 0.292969 0.39213 0.0078125 0.0305556
0 0.508333 0.384722 0.0104167 0.0342593
0 0.336719 0.385648 0.00989583 0.037963
0 0.590104 0.360185 0.009375 0.0351852
0 0.323438 0.390278 0.009375 0.037963
0 0.515104 0.388889 0.009375 0.0333333
0 0.351042 0.384259 0.009375 0.0351852
4 0.821875 0.355556 0.133333 0.0814815
0 0.952344 0.414815 0.0421875 0.218519
0 0.567187 0.384722 0.0104167 0.0416667
0 0.694531 0.371759 0.0109375 0.0435185
0 0.532812 0.368519 0.00729167 0.0333333
0 0.50625 0.369444 0.0104167 0.0444444
6 0.69401 0.372685 0.0109375 0.0416667
0 0.565365 0.395833 0.00989583 0.0416667
0 0.51276 0.406944 0.0151042 0.0638889
0 0.1 0.497222 0.021875 0.112963
0 0.574479 0.416667 0.025 0.0944444
0 0.522917 0.394444 0.009375 0.0444444
0 0.546875 0.382407 0.009375 0.0388889
0 0.711719 0.389815 0.0109375 0.0444444
0 0.674479 0.386111 0.0177083 0.0481481
0 0.254167 0.450926 0.0166667 0.0796296
0 0.438281 0.398611 0.0244792 0.0935185
1 0.5875 0.451852 0.0135417 0.0222222
1 0.725 0.402315 0.00416667 0.00833333
