0 0.560938 0.399537 0.0135417 0.037963
0 0.458073 0.366204 0.0078125 0.0324074
0 0.346094 0.386574 0.0078125 0.0416667
0 0.638802 0.372222 0.00677083 0.0296296
0 0.410937 0.689815 0.0197917 0.0740741
4 0.826823 0.349537 0.136979 0.0694444
0 0.198437 0.417593 0.0114583 0.05
3 0.48099 0.244907 0.141146 0.249074
0 0.286979 0.39537 0.009375 0.0296296
0 0.610156 0.359259 0.0109375 0.0407407
0 0.491146 0.366204 0.009375 0.0361111
0 0.66875 0.366667 0.00833333 0.0296296
0 0.219792 0.42037 0.0104167 0.0444444
0 0.566667 0.397222 0.0125 0.0444444
0 0.59375 0.359259 0.009375 0.037037
0 0.357031 0.383333 0.0078125 0.0314815
0 0.521354 0.372222 0.009375 0.0425926
0 0.563021 0.37963 0.009375 0.0333333
0 0.329948 0.390278 0.0109375 0.0416667
0 0.515365 0.366667 0.0109375 0.0444444
0 0.957812 0.415741 0.04375 0.214815
0 0.522656 0.387963 0.0078125 0.0351852
0 0.697656 0.373148 0.00989583 0.0407407
0 0.533073 0.37037 0.0078125 0.0333333
0 0.509635 0.40463 0.0161458 0.0592593
0 0.520312 0.395833 0.009375 0.0435185
0 0.564062 0.422685 0.021875 0.0842593
0 0.675521 0.387963 0.015625 0.0407407
0 0.0997396 0.499074 0.0234375 0.109259
0 0.714583 0.392593 0.009375 0.037037
0 0.549219 0.38287 0.00989583 0.037963
0 0.439063 0.401389 0.0208333 0.0898148
0 0.261719 0.452778 0.0161458 0.0759259
1 0.578646 0.449537 0.0114583 0.0212963
