0 0.528385 0.390741 0.0171875 0.0481481
0 0.70599 0.369444 0.0078125 0.0314815
0 0.735417 0.375 0.009375 0.037037
4 0.86875 0.361574 0.145833 0.0824074
0 0.193229 0.42963 0.015625 0.05
0 0.015625 0.467593 0.0114583 0.0481481
0 0.363542 0.391667 0.0125 0.0444444
0 0.128646 0.42963 0.00833333 0.0296296
0 0.210677 0.422222 0.0130208 0.0574074
0 0.423438 0.383333 0.00833333 0.0333333
0 0.0700521 0.440278 0.0140625 0.0546296
0 0.0442708 0.462037 0.015625 0.0648148
0 0.109635 0.430556 0.0119792 0.0481481
0 0.986719 0.423611 0.0265625 0.243519
0 0.531771 0.433333 0.0260417 0.0851852
0 0.4125 0.408796 0.0208333 0.100926
0 0.456771 0.434722 0.01875 0.0805556
0 0.110677 0.503241 0.0265625 0.110185
0 0.729688 0.398611 0.0135417 0.0527778
0 0.685156 0.4 0.0140625 0.05
0 0.321875 0.447222 0.0166667 0.0759259
0 0.585938 0.420833 0.0302083 0.0953704
1 0.533073 0.460185 0.0109375 0.0203704
1 0.0171875 0.423148 0.009375 0.0166667
