0 0.607292 0.358796 0.0104167 0.037963
0 0.192188 0.418981 0.0135417 0.0490741
0 0.484896 0.373611 0.009375 0.037963
0 0.590885 0.359259 0.00989583 0.037037
0 0.514583 0.391667 0.0104167 0.0388889
0 0.353125 0.384259 0.009375 0.0351852
4 0.822656 0.356481 0.133854 0.0814815
0 0.695052 0.372685 0.0119792 0.0416667
0 0.532812 0.368981 0.00729167 0.0342593
6 0.695052 0.372685 0.0109375 0.0416667
0 0.953906 0.415741 0.0421875 0.214815
0 0.567187 0.381944 0.0114583 0.0416667
0 0.508333 0.366204 0.00833333 0.0361111
0 0.511719 0.409722 0.0171875 0.0694444
0 0.1 0.498611 0.021875 0.113889
0 0.522135 0.393981 0.0109375 0.0453704
0 0.7125 0.39213 0.0104167 0.0398148
0 0.569792 0.419444 0.025 0.0907407
0 0.547656 0.382407 0.00989583 0.0388889
0 0.675 0.385185 0.0166667 0.0462963
0 0.25625 0.450463 0.0166667 0.0805556
0 0.439063 0.4 0.0239583 0.0925926
1 0.585156 0.449537 0.0119792 0.0212963
1 0.726302 0.402315 0.00572917 0.00833333
