0 0.223698 0.722685 0.0161458 0.0583333
0 0.678385 0.359259 0.00989583 0.0462963
0 0.43724 0.422222 0.0223958 0.0462963
0 0.586719 0.361574 0.0109375 0.0435185
0 0.0804688 0.571759 0.0140625 0.0527778
0 0.661198 0.365278 0.00677083 0.0287037
0 0.532552 0.368056 0.00677083 0.0305556
0 0.595573 0.376389 0.00677083 0.0231481
0 0.498437 0.365278 0.00833333 0.0324074
0 0.474219 0.372222 0.0119792 0.0407407
4 0.820312 0.356019 0.130208 0.0824074
0 0.985937 0.213426 0.0135417 0.0583333
0 0.690885 0.371296 0.00989583 0.0425926
6 0.690885 0.371759 0.00989583 0.0435185
0 0.949219 0.416667 0.0390625 0.201852
0 0.567708 0.390741 0.0125 0.0518519
0 0.513802 0.410648 0.0182292 0.0731481
0 0.523958 0.392593 0.0104167 0.0462963
0 0.674479 0.385185 0.0135417 0.0462963
0 0.545313 0.381944 0.0104167 0.0398148
0 0.249219 0.455093 0.0171875 0.0768519
0 0.4375 0.398611 0.025 0.0935185
0 0.580729 0.415278 0.0239583 0.0935185
0 0.10026 0.496296 0.0213542 0.112963
0 0.709375 0.387963 0.0125 0.05
1 0.592708 0.45 0.0125 0.0222222
