0 0.678125 0.359722 0.0104167 0.0472222
0 0.585677 0.363889 0.0109375 0.037037
0 0.427604 0.370833 0.009375 0.0361111
0 0.983594 0.210185 0.0171875 0.0611111
0 0.660417 0.364352 0.00833333 0.0342593
4 0.817708 0.356481 0.13125 0.0833333
6 0.690365 0.369907 0.0109375 0.0435185
0 0.479688 0.36713 0.0114583 0.0342593
0 0.545313 0.39537 0.0114583 0.0425926
0 0.539062 0.388426 0.0104167 0.0435185
0 0.541927 0.416667 0.0203125 0.0703704
0 0.948438 0.414815 0.0427083 0.2
0 0.686719 0.388426 0.0130208 0.0490741
0 0.71276 0.390741 0.0109375 0.0481481
0 0.625521 0.418056 0.028125 0.0898148
0 0.591146 0.385185 0.0177083 0.0574074
0 0.239323 0.459259 0.0182292 0.0888889
0 0.114063 0.494444 0.021875 0.109259
0 0.451042 0.396296 0.0270833 0.0925926
1 0.0789063 0.990741 0.00572917 0.0111111
1 0.646094 0.443056 0.0119792 0.0212963
