0 0.548437 0.416667 0.0125 0.0444444
0 0.705469 0.36713 0.0078125 0.0324074
0 0.55599 0.391204 0.00989583 0.0305556
0 0.283073 0.398148 0.0109375 0.0425926
4 0.864062 0.358333 0.1375 0.0833333
0 0.764063 0.608333 0.0135417 0.05
0 0.984896 0.418519 0.028125 0.22963
0 0.729427 0.371296 0.0109375 0.0425926
0 0.557031 0.409259 0.0182292 0.0537037
0 0.0138021 0.467593 0.0213542 0.0722222
0 0.14401 0.497222 0.0234375 0.112963
0 0.438281 0.403241 0.0203125 0.0953704
0 0.57474 0.380556 0.00989583 0.0462963
0 0.682031 0.389815 0.0130208 0.0481481
0 0.711198 0.387037 0.0130208 0.0462963
0 0.532031 0.406481 0.0151042 0.062963
0 0.314063 0.437963 0.015625 0.0759259
1 0.528125 0.436574 0.0104167 0.0175926
