0 0.541667 0.361111 0.00625 0.0277778
0 0.235938 0.411111 0.0114583 0.0481481
0 0.575521 0.360185 0.009375 0.0388889
0 0.576563 0.375 0.00625 0.0240741
0 0.669531 0.369907 0.0109375 0.0435185
6 0.669531 0.37037 0.0109375 0.0444444
0 0.757812 0.385185 0.0125 0.0518519
4 0.786458 0.346759 0.133333 0.0638889
0 0.65 0.357407 0.0104167 0.0481481
0 0.735937 0.364815 0.00729167 0.0351852
0 0.71901 0.359722 0.0151042 0.0583333
0 0.919792 0.409259 0.04375 0.211111
0 0.104427 0.496296 0.0234375 0.114815
0 0.303125 0.463426 0.0333333 0.117593
0 0.711198 0.386111 0.0119792 0.0555556
0 0.55651 0.384722 0.0109375 0.0453704
0 0.629167 0.377778 0.0166667 0.0518519
0 0.534375 0.384259 0.009375 0.0388889
0 0.508854 0.383796 0.0197917 0.087963
0 0.743229 0.395833 0.01875 0.0675926
0 0.701563 0.388426 0.0135417 0.062037
1 0.69349 0.400926 0.0046875 0.00925926
1 0.830469 0.400463 0.0078125 0.012037
