0 0.209896 0.42963 0.0135417 0.0481481
6 0.540885 0.374074 0.00989583 0.0314815
0 0.384635 0.390278 0.0109375 0.0435185
4 0.896875 0.367593 0.134375 0.087037
0 0.164844 0.428241 0.0140625 0.0527778
0 0.460417 0.381481 0.009375 0.0333333
0 0.564062 0.416204 0.0145833 0.0546296
0 0.758854 0.378241 0.0135417 0.0453704
0 0.523958 0.39537 0.0125 0.0444444
0 0.585677 0.419907 0.0307292 0.0935185
0 0.0973958 0.507407 0.0239583 0.111111
0 0.535937 0.401389 0.0145833 0.0509259
0 0.426823 0.439352 0.0265625 0.0935185
0 0.698177 0.403704 0.0182292 0.0574074
0 0.358594 0.447222 0.0213542 0.0833333
0 0.734375 0.405556 0.0197917 0.0555556
1 0.583073 0.4625 0.0130208 0.0212963
1 0.761719 0.393981 0.00677083 0.0101852
