0 0.328906 0.412037 0.0161458 0.0574074
0 0.0328125 0.478241 0.009375 0.0342593
0 0.99375 0.406019 0.0104167 0.0527778
0 0.705469 0.387963 0.0109375 0.0462963
6 0.994531 0.406019 0.0109375 0.0527778
0 0.096875 0.454167 0.0135417 0.0490741
0 0.360938 0.419444 0.0145833 0.0555556
0 0.333333 0.462037 0.0197917 0.0833333
0 0.533333 0.42037 0.021875 0.109259
0 0.734375 0.423611 0.0177083 0.0824074
0 0.494531 0.4 0.0161458 0.0518519
0 0.314583 0.471759 0.0229167 0.0768519
0 0.554167 0.454167 0.0270833 0.100926
0 0.85 0.438889 0.0229167 0.0888889
0 0.15625 0.487963 0.0197917 0.0833333
0 0.873438 0.440278 0.025 0.0935185
0 0.605729 0.426389 0.021875 0.0657407
1 0.567969 0.492593 0.0140625 0.0240741
