4 0.816667 0.351389 0.138542 0.0768519
0 0.747917 0.352315 0.009375 0.0398148
0 0.464844 0.889815 0.00885417 0.0388889
0 0.689844 0.369444 0.0151042 0.0462963
0 0.0338542 0.674074 0.0229167 0.114815
0 0.142969 0.43287 0.0151042 0.0564815
0 0.660156 0.363889 0.0078125 0.0314815
6 0.690104 0.368981 0.015625 0.0490741
0 0.451562 0.369444 0.00729167 0.0314815
0 0.947656 0.412963 0.0421875 0.2
0 0.127344 0.493056 0.0234375 0.106481
0 0.711719 0.389352 0.0130208 0.0527778
0 0.240365 0.465278 0.0213542 0.100926
0 0.692187 0.40463 0.0197917 0.0648148
0 0.544531 0.381481 0.0109375 0.0407407
0 0.733594 0.391204 0.0140625 0.0564815
0 0.470573 0.393519 0.0244792 0.0925926
0 0.565625 0.387963 0.0104167 0.0425926
0 0.609115 0.40787 0.0296875 0.0787037
1 0.709896 0.431944 0.0114583 0.0212963
