0 0.215885 0.413889 0.0130208 0.0537037
0 0.511198 0.364815 0.0078125 0.0296296
0 0.70625 0.370833 0.0104167 0.0416667
4 0.833594 0.356944 0.135937 0.0824074
6 0.70599 0.372222 0.0109375 0.0425926
0 0.546875 0.399074 0.0135417 0.0462963
0 0.534115 0.366667 0.0109375 0.0407407
0 0.545573 0.427315 0.0182292 0.0694444
0 0.674219 0.383796 0.0109375 0.0453704
0 0.967188 0.421759 0.046875 0.219444
0 0.558333 0.392593 0.0125 0.0537037
0 0.103385 0.497685 0.0244792 0.113889
0 0.274479 0.45 0.015625 0.0740741
0 0.720052 0.388889 0.0119792 0.0444444
0 0.4375 0.4 0.0208333 0.0925926
0 0.521094 0.395833 0.0109375 0.0472222
0 0.508073 0.409722 0.0130208 0.0601852
1 0.561979 0.448611 0.0114583 0.0212963
1 0.53151 0.427778 0.00885417 0.0148148
