0 0.539062 0.363889 0.00729167 0.0314815
0 0.761458 0.376389 0.0125 0.0453704
0 0.576563 0.375463 0.00729167 0.025
0 0.669531 0.369444 0.0119792 0.0444444
0 0.735156 0.364815 0.0078125 0.0333333
0 0.71849 0.358333 0.0151042 0.0555556
6 0.669531 0.369444 0.0119792 0.0444444
0 0.757812 0.386574 0.0114583 0.0472222
0 0.65 0.355093 0.0104167 0.0453704
4 0.785677 0.348611 0.131771 0.0675926
0 0.91875 0.409722 0.04375 0.206481
0 0.104167 0.494444 0.0239583 0.118519
0 0.710677 0.3875 0.0109375 0.0546296
0 0.304427 0.463426 0.0317708 0.115741
0 0.557292 0.383796 0.0104167 0.0435185
0 0.535156 0.383333 0.00989583 0.0388889
0 0.509635 0.384259 0.0213542 0.0907407
0 0.629687 0.376852 0.0177083 0.0537037
0 0.74401 0.395833 0.0171875 0.0657407
0 0.701823 0.3875 0.0140625 0.0638889
1 0.832812 0.400463 0.00729167 0.012037
