0 0.373698 0.617593 0.0140625 0.062963
0 0.297656 0.647222 0.0161458 0.0574074
0 0.686198 0.373148 0.0119792 0.0333333
0 0.608594 0.359259 0.00885417 0.0314815
0 0.988281 0.422222 0.0234375 0.235185
0 0.710156 0.36713 0.0078125 0.0305556
0 0.538802 0.391667 0.0109375 0.0425926
0 0.546615 0.408796 0.0161458 0.0657407
0 0.68776 0.3875 0.0109375 0.0361111
0 0.584635 0.385648 0.00885417 0.0361111
0 0.325 0.438426 0.0166667 0.0768519
0 0.454948 0.398148 0.0192708 0.1
0 0.734375 0.386111 0.0208333 0.0537037
0 0.145833 0.492593 0.025 0.111111
0 0.567448 0.398611 0.0182292 0.0638889
1 0.533594 0.435648 0.0109375 0.0175926
1 0.0208333 0.424537 0.0104167 0.0175926
