0 0.651563 0.356019 0.00833333 0.0416667
0 0.433854 0.255556 0.009375 0.0333333
0 0.741406 0.377778 0.00885417 0.0333333
0 0.323438 0.387963 0.0104167 0.0407407
0 0.914062 0.410648 0.04375 0.212037
6 0.667448 0.368519 0.0119792 0.0425926
0 0.667448 0.369444 0.0109375 0.0425926
0 0.716146 0.359259 0.0125 0.0537037
0 0.646875 0.356019 0.0104167 0.0453704
0 0.10026 0.495833 0.0255208 0.117593
0 0.766667 0.383333 0.0145833 0.0537037
4 0.783594 0.352315 0.129688 0.075
0 0.513802 0.38287 0.0182292 0.087963
0 0.633073 0.375926 0.0119792 0.0518519
0 0.535417 0.381481 0.0104167 0.0425926
0 0.704167 0.387037 0.0145833 0.0648148
0 0.557031 0.383333 0.00989583 0.0407407
0 0.315885 0.456481 0.0234375 0.12037
0 0.75 0.394907 0.0166667 0.0657407
1 0.145833 0.570833 0.00833333 0.0175926
1 0.842188 0.399074 0.00729167 0.012963
