0 0.593229 0.375463 0.00625 0.0194444
6 0.748177 0.357407 0.0119792 0.0518519
4 0.708854 0.354167 0.071875 0.0527778
0 0.748177 0.356019 0.0119792 0.0490741
0 0.696094 0.393981 0.0130208 0.0398148
0 0.713021 0.360648 0.009375 0.0342593
0 0.0330729 0.674074 0.0234375 0.122222
4 0.816146 0.347222 0.134375 0.0685185
0 0.689844 0.369907 0.0119792 0.0435185
0 0.62526 0.393056 0.00989583 0.0361111
0 0.659635 0.363889 0.0078125 0.0314815
0 0.473177 0.41713 0.0182292 0.0435185
0 0.614583 0.384722 0.009375 0.0361111
0 0.447917 0.373148 0.00833333 0.0351852
0 0.473437 0.390741 0.0197917 0.0907407
0 0.947917 0.412963 0.04375 0.198148
6 0.689844 0.369907 0.0119792 0.0453704
0 0.617969 0.410185 0.0286458 0.062963
0 0.716406 0.396759 0.0140625 0.062037
0 0.701042 0.407407 0.025 0.0666667
0 0.129427 0.487963 0.0276042 0.116667
0 0.54401 0.381944 0.00989583 0.0416667
0 0.567708 0.387963 0.0104167 0.0425926
0 0.243229 0.463426 0.021875 0.102778
0 0.738021 0.391667 0.015625 0.0537037
1 0.717448 0.430556 0.0109375 0.0203704
