0 0.766146 0.605556 0.0197917 0.0611111
0 0.0135417 0.465278 0.0114583 0.0472222
0 0.704948 0.368981 0.00677083 0.0287037
0 0.0679687 0.439352 0.0119792 0.0509259
0 0.0416667 0.472222 0.0125 0.0407407
0 0.586458 0.401852 0.015625 0.0481481
0 0.358854 0.392593 0.0104167 0.0425926
0 0.532292 0.391204 0.0145833 0.0509259
0 0.577604 0.404167 0.0135417 0.0453704
0 0.985937 0.424074 0.0260417 0.238889
0 0.114323 0.503241 0.0255208 0.112037
0 0.583854 0.428704 0.0260417 0.0759259
0 0.730469 0.398148 0.0140625 0.0537037
0 0.459635 0.4375 0.0213542 0.0805556
0 0.684896 0.4 0.0135417 0.05
0 0.41224 0.408796 0.0203125 0.0990741
0 0.530208 0.435648 0.021875 0.0805556
0 0.320573 0.447222 0.0182292 0.0722222
