0 0.78724 0.614815 0.0161458 0.0685185
0 0.529688 0.40787 0.0125 0.0398148
0 0.565625 0.403704 0.0104167 0.037037
0 0.141146 0.430556 0.009375 0.0351852
0 0.379167 0.390741 0.0125 0.0481481
0 0.671875 0.364815 0.009375 0.0388889
0 0.0466146 0.243981 0.0151042 0.0509259
0 0.453906 0.381481 0.00885417 0.0351852
4 0.889063 0.367593 0.1375 0.087037
0 0.754948 0.377315 0.0119792 0.0416667
0 0.523177 0.391667 0.0130208 0.0425926
0 0.0966146 0.506944 0.0244792 0.113889
0 0.416667 0.408333 0.01875 0.105556
0 0.565104 0.427778 0.021875 0.0796296
0 0.694792 0.403704 0.01875 0.0555556
0 0.590104 0.419907 0.0302083 0.0861111
0 0.428906 0.440278 0.0203125 0.0916667
0 0.534896 0.402315 0.0114583 0.0490741
0 0.732813 0.402315 0.015625 0.0601852
0 0.353125 0.44537 0.0208333 0.087037
