0 0.278646 0.393519 0.0104167 0.0388889
0 0.983594 0.211574 0.0171875 0.0564815
0 0.0226563 0.463889 0.0140625 0.0518519
0 0.430208 0.371296 0.009375 0.0388889
0 0.190365 0.5875 0.0140625 0.0490741
4 0.81875 0.35463 0.134375 0.0796296
0 0.660156 0.363889 0.0078125 0.0296296
0 0.690625 0.371296 0.0104167 0.0425926
0 0.484896 0.367593 0.009375 0.0314815
6 0.690365 0.372222 0.0109375 0.0444444
0 0.534896 0.393981 0.0114583 0.0398148
0 0.683073 0.390278 0.0119792 0.0472222
0 0.948438 0.414815 0.040625 0.2
0 0.530469 0.41713 0.0234375 0.062037
0 0.545833 0.38287 0.009375 0.037963
0 0.609375 0.418056 0.0229167 0.0842593
0 0.584635 0.386111 0.0140625 0.0611111
0 0.445573 0.394444 0.0203125 0.0944444
0 0.243229 0.461111 0.021875 0.0814815
0 0.710938 0.387963 0.0125 0.0574074
0 0.110677 0.495833 0.0265625 0.113889
1 0.0789063 0.991667 0.00677083 0.0111111
1 0.630208 0.446296 0.0125 0.0222222
