0 0.240625 0.413889 0.0104167 0.0444444
0 0.674479 0.356019 0.009375 0.0361111
0 0.243229 0.609259 0.0260417 0.111111
0 0.663542 0.355093 0.0104167 0.0416667
0 0.0791667 0.444444 0.0135417 0.0518519
0 0.932813 0.4125 0.046875 0.213889
4 0.79974 0.346296 0.128646 0.0611111
0 0.646615 0.363426 0.0078125 0.0305556
0 0.680469 0.371296 0.0109375 0.0425926
0 0.733333 0.359259 0.0125 0.0555556
6 0.680469 0.370833 0.0109375 0.0435185
0 0.766927 0.387963 0.0130208 0.05
0 0.535937 0.383333 0.0104167 0.0388889
0 0.725 0.389352 0.0125 0.0564815
0 0.501042 0.384259 0.01875 0.0907407
0 0.119271 0.492593 0.0229167 0.111111
0 0.627344 0.378241 0.0119792 0.0509259
0 0.558594 0.385648 0.0119792 0.0435185
0 0.697135 0.391667 0.0161458 0.0722222
0 0.285417 0.4625 0.0229167 0.115741
0 0.746094 0.399537 0.0151042 0.0638889
1 0.804688 0.402778 0.009375 0.0148148
