0 0.0484375 0.473611 0.0125 0.0472222
0 0.853125 0.455556 0.015625 0.0703704
0 0.375781 0.408333 0.00989583 0.0388889
0 0.00546875 0.485185 0.0109375 0.0555556
0 0.0575521 0.476389 0.00989583 0.037963
0 0.564062 0.393519 0.0114583 0.05
0 0.0736979 0.474074 0.0078125 0.0314815
0 0.847917 0.423611 0.01875 0.0546296
0 0.86875 0.440741 0.0208333 0.0962963
0 0.351562 0.4625 0.0177083 0.0675926
0 0.336719 0.46713 0.0140625 0.0638889
0 0.161198 0.490741 0.0140625 0.0703704
0 0.603125 0.419444 0.0145833 0.0444444
0 0.549479 0.418519 0.021875 0.107407
0 0.757812 0.428704 0.01875 0.0833333
0 0.49375 0.461111 0.021875 0.101852
0 0.617969 0.42963 0.0140625 0.0574074
1 0.510677 0.503704 0.0140625 0.0259259
