0 0.469531 0.467593 0.0130208 0.0481481
0 0.351302 0.398148 0.0109375 0.0444444
0 0.0148437 0.243519 0.0140625 0.0462963
0 0.445833 0.378704 0.0125 0.0537037
0 0.427344 0.544444 0.0119792 0.05
0 0.0127604 0.467593 0.0192708 0.0685185
0 0.497656 0.373148 0.0078125 0.0314815
0 0.725 0.371759 0.0104167 0.0416667
0 0.4625 0.376389 0.0114583 0.0490741
0 0.399479 0.383333 0.009375 0.037037
0 0.138281 0.496296 0.0223958 0.116667
0 0.536719 0.408796 0.0140625 0.0601852
0 0.566406 0.385185 0.0119792 0.0407407
0 0.709375 0.391204 0.0104167 0.0453704
0 0.545052 0.400926 0.0140625 0.0611111
0 0.519531 0.409259 0.0171875 0.0685185
0 0.982813 0.419444 0.034375 0.225926
0 0.679688 0.390741 0.0114583 0.0444444
0 0.428125 0.402315 0.0197917 0.0990741
0 0.306771 0.441667 0.015625 0.0777778
1 0.525 0.436111 0.0104167 0.0203704
