0 0.708594 0.580556 0.0161458 0.0685185
0 0.10651 0.438889 0.0119792 0.0555556
0 0.718229 0.599074 0.015625 0.05
0 0.524479 0.930093 0.009375 0.0435185
0 0.313281 0.389352 0.00989583 0.037963
0 0.411979 0.373611 0.009375 0.0324074
6 0.691667 0.367593 0.0125 0.0444444
4 0.813802 0.347685 0.131771 0.0657407
0 0.74401 0.361111 0.0140625 0.0611111
0 0.540885 0.380093 0.00989583 0.0435185
0 0.946875 0.410185 0.040625 0.203704
0 0.497917 0.386111 0.01875 0.0925926
0 0.130729 0.492593 0.0229167 0.105556
0 0.766927 0.385185 0.0130208 0.0574074
0 0.565885 0.385648 0.00989583 0.0398148
0 0.626562 0.380556 0.0114583 0.0537037
0 0.685677 0.397222 0.0203125 0.0722222
0 0.27526 0.4625 0.0244792 0.112037
0 0.733073 0.402778 0.0192708 0.0740741
1 0.783594 0.4 0.00885417 0.0148148
