4 0.817708 0.355093 0.13125 0.0805556
0 0.690625 0.37037 0.0104167 0.0407407
0 0.545833 0.375463 0.0104167 0.0342593
0 0.428125 0.372222 0.009375 0.0388889
0 0.660156 0.363889 0.0078125 0.0314815
0 0.480469 0.364815 0.00885417 0.0277778
0 0.983854 0.209722 0.015625 0.0601852
6 0.690365 0.369907 0.0109375 0.0435185
0 0.538281 0.414815 0.0234375 0.0722222
0 0.542969 0.396759 0.00989583 0.0398148
0 0.948438 0.413889 0.040625 0.201852
0 0.536719 0.390741 0.0109375 0.0425926
0 0.7125 0.391667 0.0104167 0.0462963
0 0.685938 0.387963 0.0135417 0.0481481
0 0.620313 0.419907 0.0260417 0.0824074
0 0.239844 0.459259 0.0182292 0.0888889
0 0.113802 0.494444 0.0234375 0.112963
0 0.589583 0.386111 0.01875 0.0611111
0 0.45 0.396759 0.0270833 0.0935185
1 0.0789063 0.991667 0.00572917 0.00925926
1 0.641927 0.444444 0.0130208 0.0222222
