0 0.00677083 0.294907 0.0114583 0.0527778
0 0.541667 0.393981 0.0125 0.0435185
8 0.479427 0.362963 0.00677083 0.0240741
0 0.563281 0.376852 0.00885417 0.0314815
0 0.714323 0.373611 0.0109375 0.0416667
4 0.844271 0.35463 0.134375 0.0759259
0 0.46901 0.37037 0.00989583 0.0407407
0 0.549219 0.363889 0.00885417 0.0351852
6 0.714844 0.373148 0.0119792 0.0425926
0 0.108854 0.496759 0.0208333 0.112037
0 0.538021 0.422685 0.01875 0.0638889
0 0.557813 0.393981 0.0145833 0.0546296
0 0.975 0.421759 0.04375 0.217593
0 0.676562 0.384722 0.015625 0.0472222
0 0.728125 0.3875 0.0125 0.0472222
0 0.509375 0.406019 0.0145833 0.062037
0 0.52474 0.395833 0.0109375 0.0472222
0 0.442187 0.399074 0.0229167 0.0944444
0 0.286979 0.444907 0.0197917 0.0768519
1 0.553125 0.448148 0.0114583 0.0203704
