0 0.0106771 0.431019 0.0192708 0.0787037
6 0.583594 0.37963 0.0119792 0.0407407
0 0.505729 0.380093 0.009375 0.0324074
0 0.798698 0.381019 0.0119792 0.0416667
6 0.505208 0.37963 0.009375 0.0333333
4 0.934375 0.371759 0.13125 0.0935185
0 0.535937 0.396759 0.0135417 0.0435185
0 0.557813 0.410648 0.0104167 0.0398148
0 0.138542 0.444444 0.0166667 0.0611111
0 0.716406 0.389815 0.0171875 0.0314815
0 0.380729 0.45 0.01875 0.0851852
0 0.00755208 0.458333 0.0140625 0.0648148
0 0.10599 0.501389 0.0223958 0.110185
0 0.555729 0.431944 0.015625 0.075
0 0.57474 0.425926 0.0234375 0.0851852
0 0.722396 0.409259 0.01875 0.0611111
0 0.540365 0.406481 0.0171875 0.0574074
0 0.439583 0.410185 0.0229167 0.105556
0 0.759896 0.409259 0.015625 0.062963
0 0.401823 0.450463 0.0182292 0.0935185
1 0.576563 0.462037 0.0125 0.0222222
