4 0.458073 0.368519 0.154687 0.0907407
0 0.173698 0.441667 0.0130208 0.0518519
0 0.0317708 0.481019 0.0104167 0.0472222
0 0.381771 0.417593 0.0135417 0.0518519
0 0.0716146 0.471759 0.00989583 0.0398148
0 0.479688 0.399074 0.0114583 0.0462963
0 0.623698 0.388889 0.0078125 0.0296296
0 0.0140625 0.471759 0.0104167 0.0416667
0 0.0539063 0.477315 0.0109375 0.0398148
0 0.283333 0.426852 0.0125 0.05
0 0.5875 0.390741 0.0104167 0.0407407
0 0.589844 0.416667 0.0130208 0.05
0 0.453646 0.405556 0.009375 0.0388889
0 0.573958 0.389815 0.00833333 0.0351852
0 0.658594 0.396759 0.00989583 0.037963
0 0.355729 0.456019 0.0145833 0.062037
0 0.634896 0.391204 0.009375 0.037963
0 0.140885 0.488426 0.0151042 0.0731481
0 0.832292 0.444444 0.025 0.0944444
0 0.427865 0.468056 0.0265625 0.0972222
0 0.6 0.427778 0.0177083 0.0611111
0 0.339844 0.458796 0.0151042 0.0601852
0 0.541667 0.421759 0.025 0.113889
0 0.745313 0.426389 0.0229167 0.0861111
1 0.441406 0.505556 0.0140625 0.0259259
