4 0.713021 0.353704 0.059375 0.0425926
0 0.4875 0.4125 0.0229167 0.0490741
0 0.592708 0.376389 0.00625 0.0212963
0 0.434635 0.374537 0.00885417 0.0342593
0 0.678125 0.361574 0.009375 0.0453704
4 0.815885 0.356944 0.133854 0.0861111
0 0.689062 0.369907 0.0114583 0.0435185
0 0.659635 0.366204 0.00885417 0.0342593
6 0.689323 0.369907 0.0109375 0.0435185
0 0.75 0.387963 0.0104167 0.0518519
0 0.947917 0.412963 0.04375 0.198148
0 0.54349 0.381481 0.00885417 0.0388889
0 0.13151 0.488426 0.0286458 0.117593
0 0.726562 0.390741 0.0145833 0.0555556
0 0.56875 0.3875 0.0114583 0.0416667
0 0.254948 0.468056 0.0213542 0.0972222
0 0.620313 0.381019 0.0125 0.0509259
0 0.485938 0.390278 0.0260417 0.0972222
0 0.707031 0.394907 0.0244792 0.0712963
0 0.651823 0.405556 0.0296875 0.0685185
