0 0.575521 0.376852 0.00625 0.0222222
0 0.167708 0.416667 0.015625 0.0555556
0 0.330729 0.385648 0.009375 0.0361111
0 0.282813 0.391667 0.009375 0.0425926
0 0.759375 0.391204 0.0104167 0.0398148
0 0.734115 0.365741 0.00885417 0.0351852
0 0.0385417 0.593056 0.0302083 0.106481
0 0.74401 0.546759 0.0276042 0.0972222
0 0.0322917 0.454167 0.0145833 0.0601852
0 0.647917 0.35463 0.0104167 0.0444444
0 0.763021 0.373611 0.009375 0.0361111
0 0.716667 0.358796 0.0125 0.0509259
6 0.66849 0.369907 0.0109375 0.0435185
0 0.66875 0.369444 0.0104167 0.0425926
0 0.917188 0.410185 0.04375 0.212963
0 0.102604 0.494907 0.0239583 0.115741
4 0.783854 0.355093 0.128125 0.0805556
0 0.510417 0.384722 0.0208333 0.0898148
0 0.748438 0.393519 0.0135417 0.062963
0 0.535677 0.382407 0.0109375 0.0388889
0 0.63125 0.378241 0.0145833 0.0527778
0 0.557813 0.383796 0.0104167 0.0416667
0 0.704167 0.389352 0.0145833 0.062037
0 0.309896 0.45787 0.028125 0.125
1 0.8375 0.399074 0.00833333 0.012963
1 0.691667 0.400926 0.00625 0.00925926
