0 0.236979 0.431944 0.0125 0.0472222
0 0.546094 0.402778 0.0203125 0.0703704
0 0.0367187 0.478241 0.00989583 0.0398148
0 0.66901 0.39537 0.00989583 0.0407407
0 0.642448 0.388426 0.0119792 0.0416667
0 0.0528646 0.476389 0.00885417 0.0342593
0 0.519531 0.396759 0.0109375 0.0453704
0 0.605469 0.41713 0.0151042 0.0527778
0 0.858854 0.442593 0.028125 0.0907407
0 0.165104 0.487963 0.0177083 0.0833333
0 0.882812 0.443519 0.021875 0.0981481
0 0.34401 0.463426 0.0161458 0.0712963
0 0.614583 0.427778 0.015625 0.0592593
0 0.54974 0.460648 0.0265625 0.102778
0 0.325781 0.47037 0.0171875 0.0722222
0 0.747656 0.427778 0.0255208 0.0851852
1 0.254948 0.544444 0.00572917 0.0111111
1 0.563281 0.496759 0.0140625 0.025
