0 0.233333 0.241667 0.0135417 0.0444444
6 0.233594 0.241667 0.0140625 0.0462963
0 0.561458 0.387963 0.0104167 0.0388889
0 0.642708 0.387963 0.0104167 0.0407407
0 0.936719 0.398611 0.0140625 0.0453704
6 0.936719 0.398611 0.0140625 0.0490741
0 0.261458 0.429167 0.0104167 0.0416667
0 0.428385 0.400926 0.0140625 0.0518519
0 0.660417 0.38287 0.00833333 0.0324074
0 0.298438 0.468981 0.021875 0.087963
0 0.609635 0.393056 0.00989583 0.0398148
0 0.282292 0.474537 0.021875 0.0842593
0 0.567187 0.424537 0.0135417 0.0583333
0 0.811458 0.433333 0.025 0.0814815
0 0.117969 0.49537 0.0192708 0.0907407
0 0.685938 0.424537 0.0177083 0.0824074
0 0.832031 0.433333 0.0203125 0.0851852
0 0.492448 0.421759 0.0265625 0.108333
0 0.533854 0.449537 0.0239583 0.0972222
1 0.551823 0.486111 0.0140625 0.0240741
