0 0.423698 0.369907 0.0078125 0.0324074
6 0.738281 0.366667 0.0109375 0.0444444
0 0.672917 0.356019 0.0125 0.0490741
0 0.591146 0.375 0.00625 0.0203704
0 0.744531 0.3625 0.0140625 0.0564815
0 0.417188 0.375926 0.00833333 0.037037
0 0.738802 0.369444 0.0109375 0.0425926
0 0.689844 0.368981 0.0119792 0.0453704
0 0.658073 0.3625 0.0078125 0.0324074
6 0.690104 0.368981 0.0114583 0.0435185
4 0.814062 0.355093 0.132292 0.0805556
0 0.945833 0.411574 0.04375 0.202778
0 0.271875 0.466667 0.0208333 0.105556
0 0.679427 0.397222 0.0255208 0.0722222
0 0.541667 0.381019 0.009375 0.0398148
0 0.495313 0.385185 0.0177083 0.0925926
0 0.763281 0.385185 0.0151042 0.0574074
0 0.13125 0.491667 0.0239583 0.109259
0 0.625 0.380556 0.0114583 0.05
0 0.730469 0.395833 0.0203125 0.0731481
0 0.566667 0.385648 0.0104167 0.0398148
1 0.776563 0.402778 0.00729167 0.012963
