0 0.195312 0.435648 0.0125 0.0453704
0 0.575 0.387037 0.0104167 0.0388889
0 0.0244792 0.478241 0.015625 0.0601852
0 0.2125 0.626389 0.0166667 0.0509259
0 0.296094 0.422222 0.0130208 0.0462963
0 0.152604 0.444907 0.0114583 0.0490741
0 0.361458 0.449074 0.0114583 0.0537037
0 0.0515625 0.478704 0.0104167 0.0407407
0 0.883333 0.558796 0.01875 0.0898148
0 0.614844 0.390278 0.0109375 0.0453704
0 0.817708 0.428704 0.01875 0.0759259
0 0.0684896 0.475926 0.00885417 0.0333333
0 0.495052 0.395833 0.0130208 0.0453704
0 0.125781 0.485648 0.0140625 0.0731481
0 0.586458 0.42037 0.0104167 0.0481481
0 0.808333 0.443981 0.025 0.0935185
0 0.349219 0.45463 0.0119792 0.0537037
0 0.536979 0.422222 0.0239583 0.116667
0 0.36875 0.471296 0.0239583 0.0907407
0 0.579687 0.42963 0.0125 0.0555556
0 0.739844 0.423148 0.0182292 0.0851852
1 0.389844 0.50463 0.0140625 0.0240741
