0 0.546354 0.369907 0.0114583 0.0453704
0 0.303906 0.395833 0.00989583 0.0324074
4 0.885938 0.367593 0.138542 0.087037
0 0.783594 0.620833 0.0171875 0.0638889
0 0.398698 0.389815 0.0119792 0.0481481
0 0.18776 0.416667 0.0109375 0.0444444
0 0.6 0.3875 0.00729167 0.025
0 0.752083 0.376852 0.0125 0.0425926
0 0.0966146 0.506019 0.0244792 0.112037
0 0.521354 0.392593 0.015625 0.0444444
0 0.589844 0.420833 0.0296875 0.0842593
0 0.415625 0.410648 0.0197917 0.106481
0 0.56276 0.428241 0.0203125 0.0805556
0 0.533333 0.402778 0.0125 0.05
0 0.430208 0.438889 0.01875 0.0925926
0 0.732031 0.399537 0.0151042 0.0638889
0 0.350521 0.446759 0.021875 0.0842593
0 0.69375 0.402315 0.0208333 0.0583333
1 0.569792 0.463889 0.0125 0.0203704
