0 0.363542 0.537037 0.0177083 0.0833333
0 0.0414063 0.452315 0.0140625 0.0546296
0 0.542188 0.361111 0.00625 0.0259259
0 0.731771 0.363426 0.009375 0.0435185
6 0.669531 0.369907 0.0119792 0.0435185
0 0.65026 0.356019 0.0109375 0.0472222
0 0.669531 0.37037 0.0119792 0.0425926
0 0.735937 0.365278 0.00729167 0.0361111
4 0.786198 0.343519 0.127604 0.0592593
0 0.757031 0.385648 0.0119792 0.0527778
0 0.719531 0.358796 0.0130208 0.0564815
0 0.104948 0.496296 0.0234375 0.112963
0 0.920313 0.408333 0.0427083 0.212963
0 0.302083 0.461574 0.0322917 0.117593
0 0.534375 0.383796 0.00833333 0.0398148
0 0.711458 0.384722 0.0125 0.0564815
0 0.555729 0.383796 0.0114583 0.0453704
0 0.628906 0.376389 0.0140625 0.0527778
0 0.742188 0.395833 0.0197917 0.0694444
0 0.507812 0.383333 0.0177083 0.0888889
0 0.701042 0.388889 0.0145833 0.0648148
1 0.829687 0.4 0.00729167 0.012963
