0 0.4375 0.421296 0.01875 0.0462963
0 0.46849 0.373148 0.00885417 0.037037
0 0.217969 0.421296 0.00989583 0.0388889
0 0.189063 0.613889 0.0145833 0.0537037
4 0.817969 0.356481 0.134896 0.0814815
0 0.689844 0.372222 0.0109375 0.0425926
6 0.689844 0.372222 0.0109375 0.0444444
0 0.492969 0.36713 0.00989583 0.037963
0 0.526563 0.390278 0.0104167 0.0416667
0 0.438281 0.398148 0.0213542 0.0925926
0 0.948438 0.415741 0.0427083 0.211111
0 0.51849 0.4125 0.0223958 0.075
0 0.676562 0.387037 0.0104167 0.0444444
0 0.544792 0.381944 0.0104167 0.0398148
0 0.572396 0.388426 0.015625 0.0509259
0 0.246615 0.459259 0.0182292 0.0740741
0 0.588802 0.419907 0.0255208 0.087963
0 0.708594 0.389815 0.0119792 0.0462963
0 0.103646 0.496296 0.0260417 0.114815
