6 0.479688 0.381019 0.009375 0.0342593
6 0.713802 0.373148 0.0109375 0.0388889
0 0.817708 0.599074 0.025 0.0981481
0 0.713802 0.373148 0.0119792 0.0407407
0 0.479688 0.380093 0.009375 0.0342593
0 0.204688 0.415278 0.0114583 0.0435185
0 0.141406 0.437037 0.0151042 0.0611111
0 0.753385 0.374537 0.00989583 0.0398148
0 0.577604 0.424074 0.0177083 0.0777778
0 0.770573 0.366204 0.0109375 0.0472222
0 0.329427 0.393981 0.0109375 0.037963
0 0.404687 0.393056 0.0135417 0.0490741
0 0.678125 0.364352 0.0104167 0.037963
4 0.915625 0.371759 0.135417 0.0953704
0 0.704167 0.389815 0.0145833 0.0333333
0 0.280729 0.560185 0.0197917 0.0666667
0 0.685417 0.382407 0.00625 0.0203704
0 0.41875 0.426389 0.0145833 0.0527778
0 0.776823 0.378241 0.0130208 0.0435185
0 0.501042 0.380556 0.0125 0.05
0 0.102865 0.503241 0.0223958 0.110185
0 0.530469 0.394907 0.0130208 0.0453704
0 0.56875 0.425463 0.021875 0.0824074
0 0.417969 0.449537 0.0192708 0.0805556
0 0.586979 0.409722 0.0125 0.0527778
0 0.432813 0.408333 0.0208333 0.1
0 0.540625 0.408333 0.0125 0.0444444
0 0.37526 0.451852 0.0244792 0.0925926
0 0.707031 0.406481 0.0234375 0.0592593
0 0.748177 0.408333 0.0192708 0.0592593
1 0.586458 0.4625 0.0125 0.0194444
