0 0.653125 0.356019 0.0104167 0.0435185
0 0.182292 0.413426 0.015625 0.0564815
0 0.577604 0.360648 0.009375 0.0398148
6 0.670313 0.37037 0.0114583 0.0425926
0 0.670313 0.37037 0.0114583 0.0425926
0 0.721354 0.359722 0.0125 0.0527778
4 0.789583 0.346759 0.129167 0.0657407
0 0.921875 0.409259 0.04375 0.207407
0 0.106771 0.493056 0.025 0.117593
0 0.5 0.385648 0.021875 0.0935185
0 0.53125 0.381019 0.0135417 0.0435185
0 0.754687 0.386111 0.0135417 0.05
0 0.623958 0.377778 0.0125 0.0481481
0 0.554167 0.385648 0.015625 0.0435185
0 0.714323 0.387963 0.0119792 0.05
0 0.291146 0.461111 0.0239583 0.114815
0 0.697135 0.391667 0.0140625 0.0666667
0 0.738281 0.394444 0.0171875 0.0703704
1 0.817969 0.4 0.0078125 0.012963
