0 0.2375 0.4125 0.009375 0.0472222
0 0.238281 0.607407 0.0244792 0.0888889
6 0.67526 0.369907 0.0109375 0.0416667
0 0.659375 0.355093 0.009375 0.0398148
0 0.641406 0.364815 0.00885417 0.0333333
0 0.0695312 0.444907 0.0151042 0.0527778
4 0.796354 0.349537 0.130208 0.0694444
0 0.728906 0.355556 0.0109375 0.0481481
0 0.675 0.370833 0.0104167 0.0398148
0 0.7625 0.388889 0.0125 0.0444444
0 0.113542 0.493519 0.0239583 0.114815
0 0.928125 0.410648 0.04375 0.20463
0 0.534375 0.382407 0.0104167 0.0425926
0 0.625 0.378241 0.0135417 0.0509259
0 0.501562 0.386111 0.025 0.0925926
0 0.720573 0.391204 0.0119792 0.0527778
0 0.55651 0.385185 0.00989583 0.0444444
0 0.2875 0.462037 0.028125 0.116667
0 0.696875 0.394444 0.015625 0.0666667
0 0.742188 0.397685 0.015625 0.0675926
1 0.809375 0.397222 0.009375 0.0148148
