0 0.547656 0.445833 0.0182292 0.0601852
4 0.457552 0.365278 0.154687 0.0787037
0 0.444271 0.541204 0.009375 0.0361111
0 0.440885 0.585648 0.0151042 0.0638889
0 0.0489583 0.475 0.0125 0.0462963
0 0.465625 0.403241 0.0104167 0.0509259
0 0.375781 0.40787 0.00989583 0.0416667
0 0.864844 0.441667 0.0203125 0.0981481
0 0.847917 0.423611 0.01875 0.0564815
0 0.00546875 0.483796 0.0109375 0.0583333
0 0.852344 0.448611 0.0203125 0.0861111
0 0.565625 0.393056 0.0104167 0.0472222
0 0.440625 0.406019 0.0104167 0.0416667
0 0.0572917 0.476852 0.009375 0.0388889
0 0.0739583 0.474074 0.00729167 0.0314815
0 0.160156 0.4875 0.0151042 0.0768519
0 0.336458 0.466204 0.0135417 0.0638889
0 0.350781 0.4625 0.0151042 0.0675926
0 0.602344 0.418981 0.0140625 0.0453704
0 0.549219 0.419444 0.0223958 0.109259
0 0.757292 0.428241 0.01875 0.0824074
0 0.617448 0.42963 0.0140625 0.0555556
0 0.490625 0.460185 0.0229167 0.101852
1 0.507031 0.502778 0.0130208 0.0240741
1 0.0429688 0.494907 0.00677083 0.012037
