0 0.0132813 0.245833 0.0151042 0.0509259
0 0.156771 0.420833 0.009375 0.0361111
0 0.46901 0.46713 0.0109375 0.037963
0 0.276302 0.395833 0.00885417 0.0342593
0 0.347917 0.399074 0.0104167 0.0425926
0 0.446875 0.378241 0.0135417 0.0509259
0 0.40026 0.38287 0.0078125 0.0324074
0 0.0148437 0.468519 0.0213542 0.0703704
0 0.724479 0.371759 0.009375 0.0416667
0 0.0572917 0.450926 0.0177083 0.0648148
0 0.46276 0.380093 0.0109375 0.0453704
0 0.529688 0.406481 0.0135417 0.0574074
0 0.135937 0.496759 0.021875 0.112037
0 0.56224 0.386111 0.00989583 0.0444444
0 0.981771 0.418056 0.034375 0.228704
0 0.679167 0.39213 0.0125 0.0453704
0 0.511719 0.411574 0.0203125 0.0675926
0 0.710677 0.3875 0.0109375 0.0509259
0 0.423698 0.406944 0.0244792 0.0972222
0 0.542969 0.403704 0.0151042 0.062963
0 0.305729 0.441204 0.015625 0.0787037
