0 0.0966146 0.439815 0.0151042 0.0574074
0 0.596094 0.359722 0.00989583 0.0416667
0 0.653125 0.363426 0.00833333 0.0342593
0 0.670833 0.35463 0.0104167 0.0407407
4 0.808594 0.348611 0.132812 0.0694444
0 0.714844 0.584722 0.0223958 0.0805556
0 0.68724 0.370833 0.00989583 0.0416667
0 0.941406 0.412037 0.0421875 0.207407
0 0.740365 0.35787 0.0140625 0.0527778
0 0.769792 0.387037 0.0125 0.0537037
0 0.539844 0.386574 0.00885417 0.0305556
0 0.748438 0.4 0.021875 0.0666667
0 0.500521 0.386574 0.021875 0.0935185
0 0.127865 0.491667 0.0223958 0.109259
0 0.729948 0.390278 0.0140625 0.0601852
0 0.282813 0.465741 0.028125 0.109259
0 0.627865 0.381019 0.0171875 0.0509259
0 0.563802 0.385185 0.0109375 0.0425926
0 0.695312 0.395833 0.0166667 0.0675926
1 0.73151 0.419444 0.0078125 0.0148148
1 0.797656 0.392593 0.0078125 0.012963
