0 0.451562 0.444444 0.015625 0.05
0 0.0471354 0.473611 0.0119792 0.0472222
0 0.804688 0.565278 0.015625 0.0564815
0 0.00260417 0.491204 0.00520833 0.0435185
0 0.0549479 0.476852 0.00989583 0.0388889
0 0.422656 0.410648 0.0130208 0.0509259
0 0.579687 0.392593 0.0104167 0.0407407
0 0.0729167 0.474074 0.00833333 0.0333333
0 0.474219 0.397685 0.0109375 0.0453704
0 0.634375 0.390741 0.009375 0.037037
0 0.278906 0.426389 0.0140625 0.0527778
0 0.573958 0.391204 0.009375 0.037963
0 0.378385 0.416667 0.00989583 0.0388889
0 0.595052 0.418056 0.0109375 0.0472222
0 0.840625 0.442593 0.0270833 0.101852
0 0.451302 0.468056 0.0265625 0.0935185
0 0.607292 0.431019 0.0125 0.0546296
0 0.353125 0.456944 0.0166667 0.0657407
0 0.336458 0.464815 0.0135417 0.0611111
0 0.147917 0.4875 0.0166667 0.075
0 0.750521 0.424074 0.01875 0.0888889
0 0.54375 0.423611 0.0270833 0.115741
1 0.460938 0.50463 0.0135417 0.0240741
