0 0.292188 0.396759 0.009375 0.0324074
0 0.692448 0.371296 0.0119792 0.0462963
0 0.36224 0.390278 0.0119792 0.0435185
0 0.648438 0.380556 0.00625 0.0185185
0 0.382812 0.393056 0.0104167 0.0472222
0 0.302865 0.642593 0.0161458 0.0666667
0 0.182552 0.416667 0.0109375 0.0444444
0 0.742969 0.377778 0.0109375 0.0407407
0 0.132812 0.431019 0.015625 0.0546296
0 0.990625 0.427315 0.0166667 0.230556
0 0.51875 0.39537 0.0104167 0.0444444
0 0.0606771 0.456481 0.0171875 0.0648148
0 0.686458 0.400926 0.01875 0.0574074
0 0.0953125 0.507407 0.0260417 0.107407
0 0.588021 0.424074 0.034375 0.0907407
0 0.531771 0.399537 0.015625 0.0509259
0 0.441406 0.433333 0.0276042 0.0925926
0 0.554688 0.433796 0.025 0.0805556
0 0.413802 0.408796 0.0244792 0.100926
0 0.728125 0.404167 0.0145833 0.0472222
0 0.333594 0.444444 0.0265625 0.0833333
1 0.550781 0.4625 0.0109375 0.0194444
