36 0.415625 0.456481 0.0166667 0.00925926 0.146324
0 0.751302 0.367593 0.00885417 0.0481481 0.1632
0 0.664844 0.36713 0.0078125 0.0398148 0.16346
0 0.127865 0.437963 0.0109375 0.0425926 0.166576
0 0.760156 0.366204 0.0109375 0.0527778 0.187943
0 0.794271 0.36713 0.00729167 0.0490741 0.194488
0 0.491146 0.378704 0.009375 0.0407407 0.196194
0 0.727865 0.35787 0.0109375 0.0398148 0.198706
0 0.788542 0.368981 0.00729167 0.0453704 0.226794
0 0.819271 0.368519 0.009375 0.0425926 0.236049
0 0.0903646 0.449074 0.00989583 0.0481481 0.241621
0 0.359115 0.393056 0.0078125 0.0398148 0.257677
0 0.00286458 0.460648 0.00572917 0.0416667 0.259903
0 0.142188 0.343056 0.00625 0.0268519 0.264182
0 0.644271 0.380556 0.00625 0.0166667 0.264329
0 0.501823 0.376389 0.00989583 0.0416667 0.268551
0 0.353385 0.393056 0.0078125 0.0416667 0.278809
0 0.714583 0.364815 0.009375 0.0444444 0.280824
0 0.544531 0.368056 0.0109375 0.0398148 0.316713
0 0.0815104 0.440278 0.0078125 0.0435185 0.323721
0 0.471875 0.379167 0.0114583 0.0453704 0.343942
0 0.430729 0.383333 0.0104167 0.037037 0.376319
0 0.933073 0.369907 0.00989583 0.0490741 0.399138
0 0.338021 0.4 0.0114583 0.0518519 0.421204
0 0.183333 0.418981 0.00833333 0.037963 0.44125
0 0.19349 0.429167 0.0140625 0.0453704 0.466688
0 0.534375 0.393519 0.0104167 0.0425926 0.474967
0 0.739583 0.376389 0.009375 0.0435185 0.475088
0 0.0739583 0.44213 0.009375 0.0398148 0.476036
0 0.122396 0.436574 0.0104167 0.0472222 0.484878
0 0.800521 0.365741 0.00833333 0.0537037 0.486837
0 0.652865 0.366204 0.00885417 0.0435185 0.513773
0 0.63776 0.365741 0.0078125 0.0407407 0.539668
0 0.373698 0.393981 0.0109375 0.0472222 0.544434
0 0.523438 0.390278 0.0177083 0.0490741 0.593097
0 0.0231771 0.463889 0.0109375 0.0481481 0.637727
0 0.0546875 0.45787 0.01875 0.0657407 0.674424
0 0.844271 0.383333 0.0125 0.0296296 0.686425
0 0.960677 0.368519 0.0109375 0.062963 0.713134
0 0.213281 0.424074 0.0130208 0.05 0.786663
0 0.414062 0.408333 0.015625 0.103704 0.827621
0 0.686198 0.394444 0.0151042 0.0648148 0.85667
0 0.451823 0.433796 0.0234375 0.0861111 0.862711
0 0.102865 0.498148 0.0203125 0.122222 0.869961
0 0.550781 0.436111 0.0369792 0.0796296 0.871136
0 0.990365 0.431481 0.0192708 0.22037 0.895418
0 0.729167 0.397685 0.0239583 0.0601852 0.895894
0 0.327344 0.443519 0.0171875 0.087037 0.915483
0 0.591927 0.427778 0.0411458 0.0888889 0.948629
