35 0.259115 0.457407 0.00572917 0.0148148 0.11457
0 0.591927 0.375926 0.00572917 0.0166667 0.114572
0 0.814844 0.372685 0.0130208 0.0194444 0.130148
0 0.734115 0.389815 0.0151042 0.0592593 0.130921
0 0.00338542 0.473611 0.00677083 0.0435185 0.139479
0 0.114063 0.340278 0.00833333 0.0435185 0.143021
0 0.326302 0.3875 0.00677083 0.0361111 0.144284
0 0.740104 0.358796 0.00729167 0.0490741 0.153387
0 0.222135 0.410185 0.00989583 0.0444444 0.15736
0 0.350781 0.390278 0.0109375 0.0472222 0.192261
0 0.61276 0.362037 0.0078125 0.037037 0.194514
0 0.988281 0.352315 0.0078125 0.0194444 0.195891
13 0.260677 0.4125 0.0526042 0.0342593 0.19854
0 0.317448 0.387963 0.00677083 0.0351852 0.206271
0 0.332812 0.388889 0.009375 0.0481481 0.207992
0 0.706771 0.359722 0.0114583 0.0509259 0.221231
0 0.823698 0.356481 0.0119792 0.0481481 0.224892
0 0.404167 0.379167 0.0104167 0.0472222 0.22495
0 0.661198 0.359722 0.00885417 0.0416667 0.237341
0 0.697656 0.361574 0.00989583 0.0472222 0.23891
0 0.213802 0.328241 0.00572917 0.025 0.244112
0 0.359115 0.391204 0.00989583 0.0416667 0.272038
0 0.674479 0.350463 0.0104167 0.0361111 0.273286
0 0.424219 0.374074 0.00885417 0.0407407 0.278701
0 0.24375 0.413426 0.0125 0.0453704 0.307083
0 0.388542 0.383333 0.0114583 0.0444444 0.313566
0 0.0848958 0.348148 0.00625 0.0277778 0.329209
0 0.600781 0.362963 0.0078125 0.0407407 0.375765
0 0.255729 0.404167 0.0135417 0.0564815 0.389855
0 0.689844 0.369444 0.0109375 0.0425926 0.408118
0 0.286198 0.396296 0.0078125 0.0407407 0.446711
0 0.746094 0.35787 0.00885417 0.0527778 0.455066
0 0.978385 0.373611 0.00885417 0.0416667 0.464722
0 0.582552 0.360185 0.0109375 0.0425926 0.487096
0 0.901823 0.359259 0.0109375 0.0574074 0.553758
0 0.542448 0.378704 0.0078125 0.0444444 0.553805
0 0.115104 0.434259 0.009375 0.0537037 0.621028
0 0.789583 0.376389 0.0125 0.0305556 0.629356
0 0.567448 0.383796 0.00885417 0.0472222 0.676891
0 0.159115 0.421296 0.0119792 0.0425926 0.729308
0 0.622656 0.37963 0.0130208 0.0574074 0.737306
0 0.00989583 0.464352 0.0125 0.0564815 0.737318
0 0.759896 0.377778 0.0239583 0.0759259 0.839596
0 0.724219 0.398148 0.0338542 0.0851852 0.839731
0 0.673177 0.396759 0.0265625 0.0712963 0.886668
0 0.133594 0.485185 0.0265625 0.122222 0.891292
0 0.945573 0.415741 0.0307292 0.203704 0.895946
0 0.267708 0.467593 0.0270833 0.107407 0.904299
0 0.490885 0.387963 0.0171875 0.0944444 0.909486
