0 0.651823 0.363426 0.0078125 0.0416667 0.113727
0 0.830208 0.356944 0.0104167 0.0509259 0.117503
0 0.261719 0.399074 0.00677083 0.0240741 0.12057
34 0.932292 0.406019 0.0104167 0.0212963 0.121132
0 0.765885 0.362037 0.00885417 0.0407407 0.122902
36 0.135156 0.523611 0.0182292 0.0453704 0.124837
0 0.6375 0.359722 0.0114583 0.0435185 0.139009
0 0.215365 0.328241 0.00572917 0.025 0.152429
0 0.239844 0.395833 0.00885417 0.0212963 0.153072
0 0.558073 0.36713 0.0078125 0.0305556 0.162678
0 0.410677 0.380556 0.00989583 0.0444444 0.187566
0 0.925521 0.349537 0.00625 0.0212963 0.192253
0 0.416667 0.375 0.00729167 0.0407407 0.194916
0 0.996354 0.358333 0.00729167 0.0314815 0.198535
0 0.663021 0.361111 0.009375 0.0444444 0.21775
0 0.926042 0.3625 0.00729167 0.0490741 0.217949
26 0.123438 0.483333 0.0135417 0.0388889 0.22433
0 0.611719 0.372222 0.0130208 0.0388889 0.235177
0 0.249479 0.409722 0.0114583 0.0472222 0.254119
0 0.676302 0.35787 0.00989583 0.0490741 0.255717
0 0.367708 0.388426 0.0104167 0.0435185 0.264082
0 0.690104 0.368056 0.00833333 0.0398148 0.267071
0 0.306771 0.389815 0.00833333 0.0388889 0.272001
0 0.278646 0.393056 0.009375 0.037963 0.291742
0 0.286719 0.391204 0.00885417 0.0324074 0.312727
0 0.448958 0.374074 0.00625 0.0407407 0.345585
0 0.878385 0.373148 0.00677083 0.0296296 0.347554
0 0.434115 0.37037 0.0078125 0.0333333 0.349976
0 0.232031 0.410648 0.0109375 0.0490741 0.362272
0 0.602083 0.3625 0.00833333 0.0416667 0.364522
0 0.747656 0.35787 0.00885417 0.0527778 0.36531
32 0.715365 0.431019 0.0078125 0.012037 0.381288
0 0.359635 0.3875 0.00989583 0.0490741 0.411334
0 0.397656 0.38287 0.0078125 0.0435185 0.415652
0 0.328646 0.387037 0.00625 0.0333333 0.43956
0 0.585156 0.361574 0.00885417 0.0416667 0.458831
0 0.711719 0.389815 0.0203125 0.0592593 0.4816
0 0.0864583 0.349074 0.00625 0.0277778 0.494254
0 0.297917 0.396296 0.0104167 0.037037 0.497133
0 0.980208 0.375 0.00833333 0.0425926 0.535413
0 0.54401 0.378704 0.00885417 0.0444444 0.556995
0 0.791406 0.375463 0.0119792 0.0287037 0.557662
0 0.140365 0.431019 0.0119792 0.0490741 0.674612
0 0.566667 0.385648 0.009375 0.0453704 0.694003
0 0.903385 0.360648 0.0109375 0.0583333 0.694084
0 0.171615 0.41713 0.0078125 0.0435185 0.707611
0 0.0145833 0.462963 0.0166667 0.0537037 0.732427
0 0.735417 0.388889 0.01875 0.0611111 0.805215
0 0.702865 0.40463 0.0317708 0.0759259 0.818809
0 0.614844 0.410648 0.0328125 0.0675926 0.843143
0 0.242188 0.4625 0.0166667 0.106481 0.867831
0 0.13099 0.485185 0.0276042 0.122222 0.878551
0 0.947135 0.415741 0.0296875 0.203704 0.907447
0 0.472396 0.392593 0.021875 0.0962963 0.90881
