0 0.75 0.371296 0.00729167 0.037037 0.103768
0 0.421354 0.386111 0.00833333 0.0333333 0.115841
0 0.561458 0.380556 0.00833333 0.0425926 0.116194
0 0.678906 0.369907 0.00885417 0.0453704 0.118286
0 0.765625 0.371759 0.00729167 0.0416667 0.128483
0 0.369271 0.397222 0.00833333 0.0462963 0.132138
0 0.1 0.439815 0.00833333 0.0407407 0.145309
0 0.572656 0.378241 0.0109375 0.0435185 0.153397
0 0.236979 0.425463 0.00833333 0.0453704 0.157855
0 0.883854 0.375 0.00729167 0.0481481 0.180974
0 0.389323 0.413889 0.00677083 0.0203704 0.183165
0 0.909375 0.377315 0.0104167 0.0472222 0.189568
0 0.117708 0.439352 0.0125 0.0398148 0.199397
0 0.644792 0.365741 0.00729167 0.0296296 0.211909
0 0.877344 0.377315 0.0078125 0.0472222 0.214148
0 0.838802 0.374074 0.00885417 0.05 0.225296
0 0.848177 0.373611 0.0119792 0.0546296 0.225317
0 0.610937 0.375926 0.00729167 0.0388889 0.235557
0 0.586719 0.380093 0.00885417 0.0416667 0.23597
0 0.617188 0.377315 0.00729167 0.037963 0.243098
0 0.545573 0.377778 0.0078125 0.037037 0.248076
0 0.229948 0.429167 0.0109375 0.0416667 0.254517
0 0.738021 0.369444 0.00833333 0.0388889 0.254581
0 0.190365 0.433796 0.00885417 0.0490741 0.264662
0 0.429688 0.387963 0.00833333 0.0351852 0.266814
0 0.775521 0.37037 0.0104167 0.0444444 0.271039
0 0.78776 0.373148 0.00989583 0.0462963 0.276672
0 0.157031 0.429167 0.00885417 0.0416667 0.295844
0 0.0229167 0.464815 0.0114583 0.0425926 0.350271
0 0.199479 0.43287 0.0125 0.0509259 0.377921
0 0.0893229 0.441204 0.0078125 0.0435185 0.394821
0 0.467187 0.3875 0.009375 0.0416667 0.396832
0 0.259896 0.423148 0.0114583 0.0462963 0.416324
0 0.801823 0.372222 0.00989583 0.0462963 0.426361
0 0.890104 0.374074 0.00833333 0.0555556 0.434428
0 0.182812 0.435185 0.0145833 0.0574074 0.445927
0 0.814583 0.370833 0.0104167 0.0546296 0.450393
0 0.296875 0.409722 0.00833333 0.0490741 0.474941
0 0.659896 0.367593 0.00625 0.0388889 0.493458
0 0.141667 0.444444 0.0114583 0.0407407 0.497762
0 0.446615 0.3875 0.00885417 0.037963 0.528205
0 0.0604167 0.452315 0.0114583 0.0453704 0.536451
0 0.220052 0.417593 0.0078125 0.0444444 0.540262
0 0.497135 0.403241 0.00989583 0.0546296 0.5535
0 0.520052 0.385185 0.0119792 0.0444444 0.569161
0 0.720312 0.369907 0.00833333 0.0416667 0.571031
0 0.254427 0.473611 0.0265625 0.0916667 0.571916
0 0.821875 0.383333 0.0145833 0.0425926 0.589108
0 0.935417 0.394907 0.0135417 0.0324074 0.671622
0 0.234896 0.480093 0.034375 0.10463 0.780546
0 0.728125 0.412963 0.0197917 0.0777778 0.842628
32 0.498437 0.475 0.009375 0.0166667 0.851224
0 0.483333 0.439352 0.0260417 0.102778 0.885957
0 0.411719 0.421296 0.0296875 0.112963 0.890215
0 0.746875 0.414352 0.0239583 0.0842593 0.900859
0 0.578125 0.417593 0.0239583 0.0851852 0.911319
0 0.040625 0.512037 0.0208333 0.105556 0.916698
