0 0.428385 0.378241 0.00885417 0.0490741 0.101091
0 0.742188 0.362037 0.00729167 0.0425926 0.11118
0 0.621875 0.362963 0.00729167 0.0388889 0.112729
0 0.511979 0.363426 0.00625 0.0287037 0.121056
0 0.636719 0.3625 0.0078125 0.0435185 0.122687
0 0.444531 0.371759 0.00989583 0.0416667 0.125851
0 0.658854 0.363889 0.009375 0.0425926 0.142697
29 0.941667 0.408796 0.0125 0.0212963 0.169103
0 0.533073 0.369907 0.0078125 0.0342593 0.190921
0 0.489583 0.369444 0.00729167 0.037037 0.191494
0 0.853906 0.361111 0.0119792 0.0481481 0.191994
0 0.563021 0.384259 0.0135417 0.0555556 0.194511
0 0.456771 0.368519 0.00625 0.0333333 0.19876
0 0.354948 0.383333 0.00677083 0.0314815 0.202516
0 0.645573 0.359722 0.0119792 0.0435185 0.213334
0 0.41849 0.381019 0.00989583 0.0416667 0.218327
0 0.522396 0.385648 0.0104167 0.0342593 0.223299
0 0.609115 0.3625 0.00989583 0.0416667 0.226055
0 0.671094 0.359259 0.00885417 0.0388889 0.232243
0 0.886458 0.374537 0.00625 0.0287037 0.236567
0 0.392969 0.385185 0.0078125 0.0425926 0.238444
0 0.270573 0.397685 0.00677083 0.0398148 0.251087
38 0.941667 0.408333 0.0125 0.0222222 0.264417
0 0.223177 0.328241 0.00572917 0.025 0.269621
0 0.256771 0.397222 0.00833333 0.0333333 0.277735
0 0.774479 0.363426 0.009375 0.0416667 0.287242
0 0.755729 0.358333 0.00833333 0.0537037 0.336391
0 0.0315104 0.459722 0.0078125 0.0490741 0.341236
0 0.0947917 0.347685 0.00625 0.0268519 0.349813
0 0.385677 0.385185 0.0130208 0.0462963 0.359655
0 0.684115 0.35787 0.00989583 0.0490741 0.428851
0 0.329688 0.391204 0.0104167 0.0398148 0.462296
0 0.592448 0.3625 0.00885417 0.0416667 0.546719
0 0.798958 0.377778 0.0114583 0.0277778 0.563348
0 0.697135 0.371759 0.00989583 0.0435185 0.566132
0 0.235156 0.414815 0.0119792 0.0481481 0.587032
0 0.548958 0.380556 0.0104167 0.0425926 0.622224
0 0.0367187 0.458796 0.0119792 0.0509259 0.624119
0 0.208333 0.410648 0.0114583 0.0416667 0.645577
0 0.220052 0.416667 0.00989583 0.05 0.649101
0 0.197396 0.418981 0.0125 0.0490741 0.676267
0 0.988542 0.377315 0.009375 0.0453704 0.705316
0 0.713802 0.384722 0.0140625 0.0564815 0.736706
0 0.67526 0.386574 0.0151042 0.0416667 0.743963
0 0.91224 0.360648 0.0109375 0.0564815 0.75403
0 0.511458 0.408333 0.01875 0.0722222 0.793903
0 0.440885 0.4 0.0234375 0.0944444 0.795288
32 0.580729 0.452778 0.009375 0.0166667 0.845386
0 0.561979 0.419444 0.0260417 0.0962963 0.85571
0 0.955208 0.420833 0.03125 0.208333 0.86914
0 0.100781 0.494907 0.0255208 0.123148 0.888086
0 0.259375 0.446759 0.0177083 0.087963 0.900379
