0 0.647917 0.363889 0.00729167 0.037037 0.101136
0 0.145833 0.34213 0.00729167 0.0361111 0.111193
0 0.217187 0.411111 0.00625 0.0240741 0.131161
0 0.267448 0.398148 0.00677083 0.037037 0.134487
0 0.553906 0.3625 0.00572917 0.0287037 0.154634
0 0.879167 0.364352 0.009375 0.0453704 0.177697
0 0.621354 0.376852 0.00625 0.0148148 0.184343
0 0.770312 0.362037 0.00729167 0.0462963 0.184349
0 0.455208 0.379167 0.009375 0.0416667 0.185382
0 0.315365 0.390278 0.0078125 0.0305556 0.188171
0 0.642187 0.364815 0.00729167 0.0388889 0.189372
0 0.908854 0.376852 0.00625 0.0277778 0.191017
0 0.764323 0.363426 0.0078125 0.0435185 0.197327
0 0.564323 0.386111 0.00885417 0.05 0.199423
0 0.385677 0.38287 0.0109375 0.0435185 0.207751
0 0.657552 0.363426 0.0078125 0.0453704 0.208737
0 0.397135 0.383333 0.00989583 0.0444444 0.236174
0 0.411198 0.383333 0.00989583 0.0462963 0.23823
0 0.420833 0.383333 0.00833333 0.0425926 0.243175
0 0.7375 0.361574 0.0114583 0.0546296 0.243573
0 0.483333 0.368056 0.00833333 0.0342593 0.30865
0 0.291406 0.39537 0.00677083 0.0314815 0.313916
0 0.244531 0.326852 0.00572917 0.0259259 0.343142
0 0.665885 0.359722 0.0109375 0.0435185 0.355616
0 0.0255208 0.452315 0.009375 0.0398148 0.362434
0 0.795833 0.364352 0.0104167 0.0416667 0.364111
0 0.285156 0.398611 0.0078125 0.0416667 0.365586
0 0.272656 0.399537 0.0078125 0.0398148 0.372309
0 0.00677083 0.451852 0.009375 0.0388889 0.376695
0 0.358594 0.394907 0.00989583 0.0453704 0.391861
0 0.717188 0.371759 0.0104167 0.0435185 0.417551
0 0.240365 0.413426 0.0109375 0.0509259 0.433654
0 0.117448 0.34537 0.00572917 0.0259259 0.444731
0 0.691667 0.3625 0.009375 0.0435185 0.448348
0 0.630208 0.362963 0.00833333 0.0425926 0.455318
0 0.705208 0.359722 0.0104167 0.0490741 0.479714
0 0.473437 0.371759 0.00833333 0.037963 0.51502
0 0.246094 0.414815 0.0109375 0.0462963 0.519203
0 0.0575521 0.455556 0.0119792 0.0481481 0.556157
38 0.964063 0.412963 0.0114583 0.0185185 0.569906
0 0.776302 0.360648 0.00885417 0.0527778 0.574256
0 0.0640625 0.45463 0.0104167 0.0481481 0.584008
0 0.526302 0.393519 0.0140625 0.0555556 0.603902
0 0.820052 0.379167 0.0119792 0.0287037 0.639673
0 0.61276 0.362963 0.00885417 0.0425926 0.663389
0 0.229948 0.417593 0.0130208 0.0462963 0.690937
0 0.934635 0.364352 0.0109375 0.062037 0.713421
0 0.729427 0.382407 0.0161458 0.0592593 0.771899
0 0.558333 0.393519 0.0177083 0.0666667 0.779194
0 0.679427 0.384722 0.0140625 0.0453704 0.804659
0 0.511458 0.407407 0.0166667 0.0648148 0.853742
32 0.55 0.448611 0.00833333 0.0157407 0.853922
0 0.538281 0.414815 0.0182292 0.0851852 0.855025
0 0.446354 0.399074 0.025 0.0981481 0.870808
0 0.111198 0.491667 0.0182292 0.122222 0.910088
0 0.974219 0.424074 0.0359375 0.212963 0.91576
0 0.290104 0.442593 0.0270833 0.0777778 0.919919
