0 0.591146 0.375463 0.00625 0.0157407 0.100399
0 0.209375 0.408333 0.00833333 0.037037 0.110819
0 0.604167 0.3625 0.00729167 0.0416667 0.112791
0 0.915365 0.359722 0.0078125 0.0453704 0.112914
0 0.33151 0.390278 0.0109375 0.0435185 0.114075
0 0.739062 0.358796 0.00833333 0.0472222 0.118901
0 0.617448 0.362037 0.00677083 0.037037 0.122369
0 0.574479 0.3625 0.00729167 0.037963 0.130671
0 0.823438 0.358333 0.00833333 0.0462963 0.149699
0 0.347917 0.388426 0.0104167 0.0490741 0.153878
0 0.113021 0.341667 0.00833333 0.0444444 0.157289
0 0.659635 0.360185 0.00885417 0.0407407 0.164151
0 0.357812 0.391667 0.0104167 0.0425926 0.183368
0 0.415885 0.375 0.0078125 0.037037 0.197479
0 0.696615 0.366667 0.00885417 0.0407407 0.215677
0 0.326042 0.386574 0.00729167 0.0361111 0.216304
0 0.875781 0.373148 0.00677083 0.0259259 0.216921
0 0.915365 0.348148 0.0078125 0.0185185 0.217006
0 0.611719 0.362037 0.0078125 0.0388889 0.231861
0 0.403125 0.379167 0.0125 0.0472222 0.239308
0 0.986198 0.352315 0.00677083 0.0194444 0.276414
0 0.673177 0.356019 0.0119792 0.0472222 0.279502
0 0.230729 0.405093 0.00833333 0.037963 0.282715
0 0.423177 0.372685 0.00989583 0.0361111 0.283444
0 0.379427 0.385185 0.00885417 0.0425926 0.286238
0 0.70599 0.360185 0.0109375 0.0518519 0.287749
0 0.38724 0.385648 0.00989583 0.0435185 0.288278
0 0.216146 0.409259 0.009375 0.0425926 0.303698
0 0.21276 0.328241 0.00572917 0.025 0.318323
0 0.282031 0.39537 0.0078125 0.0388889 0.321123
0 0.315625 0.389352 0.0104167 0.0342593 0.335708
0 0.635156 0.358796 0.0130208 0.0435185 0.341931
0 0.24401 0.408333 0.0109375 0.0518519 0.344048
0 0.689583 0.368056 0.00833333 0.037963 0.377746
0 0.745052 0.358796 0.00885417 0.0527778 0.425693
0 0.6 0.362963 0.00833333 0.0425926 0.438591
0 0.0841146 0.348611 0.00677083 0.0268519 0.445111
0 0.583073 0.361574 0.00885417 0.0416667 0.451426
0 0.257292 0.40787 0.0104167 0.0453704 0.490535
0 0.541667 0.378704 0.00833333 0.0444444 0.539185
0 0.788802 0.375926 0.0119792 0.0277778 0.563384
0 0.977344 0.375463 0.00885417 0.0398148 0.60445
0 0.109896 0.436574 0.009375 0.0546296 0.625363
0 0.15625 0.421759 0.0125 0.0435185 0.64456
0 0.625521 0.377778 0.0114583 0.0574074 0.651527
0 0.566927 0.383796 0.00989583 0.0472222 0.689084
0 0.00859375 0.464352 0.0119792 0.0564815 0.702428
0 0.900521 0.361111 0.0114583 0.0592593 0.749506
32 0.779167 0.408333 0.00520833 0.0111111 0.762745
0 0.680208 0.395833 0.021875 0.0787037 0.813847
0 0.495833 0.386111 0.015625 0.0944444 0.862464
0 0.131771 0.484722 0.0229167 0.125 0.862712
0 0.763802 0.377315 0.0161458 0.075 0.877717
0 0.944531 0.415741 0.0307292 0.203704 0.883681
0 0.273177 0.462037 0.0192708 0.118519 0.89222
0 0.727344 0.397685 0.0286458 0.0842593 0.897341
