36 0.31901 0.480093 0.0203125 0.00833333 0.106538
0 0.280729 0.397685 0.00833333 0.0361111 0.106753
0 0.439063 0.376852 0.00625 0.0314815 0.112481
0 0.41849 0.383333 0.00677083 0.037037 0.115139
0 0.260677 0.326852 0.00572917 0.0259259 0.123905
0 0.0393229 0.474537 0.0109375 0.0342593 0.126415
0 0.734375 0.37037 0.009375 0.0351852 0.130695
0 0.673437 0.365278 0.00729167 0.0416667 0.13558
0 0.134375 0.343056 0.00625 0.0268519 0.139696
36 0.414062 0.455093 0.015625 0.0101852 0.140101
0 0.463021 0.37963 0.0125 0.05 0.153773
0 0.924219 0.369444 0.00885417 0.05 0.157246
0 0.786979 0.366667 0.00833333 0.0481481 0.158122
0 0.681771 0.360185 0.0114583 0.0388889 0.17111
0 0.348437 0.394907 0.00833333 0.0416667 0.176104
0 0.479948 0.379167 0.0078125 0.0398148 0.178306
0 0.63724 0.37963 0.00572917 0.0148148 0.180542
0 0.491406 0.376852 0.00885417 0.0407407 0.188644
0 0.752865 0.364815 0.0109375 0.0537037 0.227129
0 0.530729 0.362963 0.009375 0.0351852 0.230194
0 0.0809896 0.449074 0.0078125 0.05 0.249776
0 0.779688 0.368056 0.0104167 0.0472222 0.25466
0 0.129688 0.431944 0.00625 0.0305556 0.26294
0 0.707812 0.364352 0.009375 0.0435185 0.268517
0 0.332031 0.399537 0.0119792 0.0490741 0.283526
0 0.355469 0.393981 0.00885417 0.0416667 0.288798
0 0.503125 0.375 0.0104167 0.0425926 0.303811
0 0.340104 0.397685 0.0114583 0.0490741 0.340871
0 0.811198 0.367593 0.00885417 0.0425926 0.347208
0 0.793229 0.363889 0.00833333 0.0555556 0.365802
0 0.0880208 0.449537 0.0114583 0.0490741 0.42747
0 0.720573 0.362037 0.00989583 0.0481481 0.433991
0 0.645833 0.366204 0.00833333 0.0416667 0.454674
0 0.18776 0.423611 0.0109375 0.0509259 0.456633
0 0.310417 0.396759 0.00729167 0.0398148 0.458997
0 0.53151 0.388889 0.0161458 0.0351852 0.506531
0 0.100521 0.437963 0.0104167 0.0537037 0.516843
0 0.630208 0.365741 0.00833333 0.0388889 0.537621
0 0.0664062 0.441667 0.0109375 0.05 0.561951
0 0.0395833 0.460648 0.0125 0.0675926 0.563084
0 0.0111979 0.464815 0.00885417 0.0481481 0.602003
0 0.195052 0.42963 0.0119792 0.0444444 0.60904
0 0.210677 0.423611 0.0109375 0.0509259 0.711613
0 0.836458 0.382407 0.0125 0.0296296 0.738845
0 0.952865 0.36713 0.00989583 0.0601852 0.746214
0 0.730729 0.394907 0.0135417 0.0638889 0.759923
0 0.411979 0.406944 0.0166667 0.106481 0.839368
0 0.317969 0.441667 0.0203125 0.0833333 0.862481
0 0.532292 0.435648 0.03125 0.0805556 0.862842
0 0.683073 0.396296 0.0140625 0.0555556 0.866636
0 0.461458 0.434259 0.0322917 0.0851852 0.879268
0 0.116146 0.497222 0.0197917 0.122222 0.898244
0 0.583854 0.424537 0.0302083 0.0861111 0.909054
0 0.986198 0.42963 0.0276042 0.218519 0.915916
