0 0.132552 0.429167 0.00677083 0.0287037 0.10254
0 0.741146 0.365741 0.0104167 0.0481481 0.113637
0 0.486719 0.376852 0.0078125 0.0407407 0.114171
0 0.278385 0.398148 0.0078125 0.0351852 0.119484
35 0.572135 0.436574 0.00677083 0.0157407 0.120523
0 0.784375 0.365741 0.00833333 0.0462963 0.126376
0 0.131771 0.343519 0.00625 0.0259259 0.138839
0 0.526563 0.35787 0.00625 0.0231481 0.143331
0 0.679688 0.358333 0.0114583 0.0333333 0.156368
0 0.655729 0.365278 0.00729167 0.037963 0.157445
0 0.440104 0.376389 0.00833333 0.037963 0.173104
0 0.497135 0.374074 0.00989583 0.0444444 0.188488
0 0.258594 0.403704 0.0078125 0.0388889 0.200459
0 0.433854 0.376852 0.00625 0.0314815 0.21946
0 0.777344 0.369444 0.00989583 0.0444444 0.228877
0 0.325781 0.397222 0.00885417 0.0462963 0.229318
0 0.530729 0.391204 0.0104167 0.0398148 0.23985
0 0.750521 0.364352 0.0114583 0.0527778 0.285482
0 0.348177 0.394907 0.0130208 0.0472222 0.29741
0 0.305208 0.396296 0.00625 0.0388889 0.309584
0 0.338281 0.399074 0.0119792 0.0518519 0.316958
0 0.53724 0.388426 0.00885417 0.0472222 0.329157
0 0.704948 0.365741 0.00885417 0.0425926 0.333045
0 0.718229 0.361574 0.0104167 0.0490741 0.363204
0 0.45651 0.380093 0.0109375 0.0472222 0.363578
0 0.634896 0.379167 0.00625 0.0157407 0.364392
0 0.0893229 0.445833 0.0140625 0.0564815 0.39529
0 0.0773437 0.450926 0.00885417 0.0481481 0.400258
0 0.808854 0.367593 0.009375 0.0425926 0.422155
0 0.643229 0.364815 0.00833333 0.0425926 0.490911
0 0.790365 0.362963 0.00885417 0.0555556 0.522973
0 0.197917 0.427778 0.0114583 0.0444444 0.550531
0 0.0614583 0.443056 0.0135417 0.0453704 0.555255
0 0.627083 0.365741 0.00833333 0.0407407 0.565704
0 0.191146 0.425926 0.0114583 0.05 0.567411
0 0.00598958 0.467593 0.00989583 0.0425926 0.598151
0 0.21224 0.424074 0.0130208 0.0481481 0.711394
0 0.834115 0.381944 0.0119792 0.0287037 0.739135
0 0.949479 0.367593 0.0104167 0.062963 0.787549
0 0.730729 0.393981 0.0166667 0.0583333 0.7918
0 0.0328125 0.461574 0.0197917 0.0675926 0.832754
0 0.679427 0.393056 0.0182292 0.0601852 0.862703
0 0.313281 0.440741 0.0161458 0.087037 0.863221
0 0.411198 0.406944 0.0161458 0.108333 0.872908
0 0.475 0.428241 0.0239583 0.0842593 0.903293
0 0.520833 0.425 0.0291667 0.0851852 0.903539
0 0.13125 0.495833 0.0364583 0.123148 0.904266
0 0.575521 0.425 0.0302083 0.0796296 0.906537
0 0.984896 0.428704 0.0302083 0.218519 0.917801
