0 0.780208 0.357407 0.009375 0.0444444 0.112717
0 0.0869792 0.350463 0.00729167 0.0305556 0.118003
0 0.600781 0.361111 0.00677083 0.0407407 0.119779
0 0.566406 0.376389 0.00572917 0.0157407 0.126983
0 0.175521 0.413889 0.00729167 0.0388889 0.128753
0 0.592448 0.362963 0.00677083 0.037037 0.138686
0 0.849479 0.372222 0.00625 0.0259259 0.139275
0 0.259115 0.392593 0.00885417 0.0333333 0.161578
0 0.945833 0.363426 0.00833333 0.0472222 0.165675
0 0.788802 0.360185 0.00989583 0.0462963 0.171126
0 0.541146 0.361111 0.00520833 0.0259259 0.17468
0 0.945833 0.351852 0.00729167 0.0222222 0.180428
0 0.270573 0.394444 0.0078125 0.0351852 0.182135
0 0.557552 0.355556 0.00885417 0.0240741 0.183914
0 0.340885 0.385185 0.0078125 0.0407407 0.189335
0 0.586458 0.362963 0.00729167 0.0388889 0.205799
0 0.971094 0.350926 0.00572917 0.0222222 0.206549
0 0.182812 0.413426 0.009375 0.037963 0.223901
0 0.610417 0.359259 0.0125 0.0444444 0.254381
0 0.289844 0.392593 0.0109375 0.0388889 0.262294
0 0.73776 0.3625 0.00989583 0.0435185 0.264374
0 0.103125 0.418981 0.00729167 0.0231481 0.271898
0 0.336198 0.38287 0.00677083 0.0361111 0.27584
0 0.363021 0.38287 0.0104167 0.0490741 0.313655
0 0.636458 0.360185 0.00833333 0.0407407 0.318198
0 0.659375 0.361111 0.009375 0.0462963 0.355012
0 0.948958 0.369444 0.00833333 0.05 0.358439
0 0.347656 0.3875 0.00885417 0.0453704 0.406353
0 0.68125 0.359722 0.0114583 0.0527778 0.408305
0 0.649479 0.358333 0.0104167 0.05 0.431239
0 0.57526 0.364352 0.00885417 0.0416667 0.431307
0 0.310156 0.394444 0.0130208 0.0481481 0.444137
0 0.719531 0.35787 0.00885417 0.0527778 0.447251
0 0.0421875 0.450463 0.0135417 0.0509259 0.47892
0 0.198177 0.406944 0.00885417 0.0324074 0.484792
0 0.709896 0.383796 0.0104167 0.0583333 0.489296
0 0.986979 0.362037 0.00625 0.0351852 0.500961
0 0.384375 0.375 0.009375 0.0351852 0.505116
0 0.0567708 0.350926 0.00625 0.0277778 0.522468
0 0.670052 0.368519 0.00989583 0.0425926 0.548769
0 0.251302 0.40787 0.0119792 0.0490741 0.56439
0 0.235938 0.410185 0.0104167 0.0444444 0.589886
0 0.171875 0.419444 0.0135417 0.05 0.601125
0 0.873177 0.358796 0.00989583 0.0564815 0.653858
0 0.760677 0.384259 0.0151042 0.0574074 0.662722
0 0.534635 0.380556 0.00885417 0.0444444 0.695049
0 0.629687 0.375463 0.0135417 0.0564815 0.702863
0 0.557292 0.381944 0.0104167 0.0472222 0.712272
0 0.701563 0.388426 0.0114583 0.0712963 0.719204
32 0.830729 0.402315 0.00625 0.012037 0.773653
0 0.744531 0.391667 0.0234375 0.0777778 0.857184
0 0.105469 0.488889 0.0244792 0.127778 0.864712
0 0.510156 0.384259 0.0192708 0.0907407 0.885006
0 0.916406 0.4125 0.0359375 0.199074 0.901377
0 0.30625 0.459722 0.0395833 0.123148 0.914949
