0 0.611458 0.361111 0.00729167 0.0407407 0.124135
0 0.671875 0.362037 0.00833333 0.0481481 0.125546
0 0.402083 0.373611 0.00625 0.0342593 0.142436
0 0.750521 0.361574 0.0114583 0.0398148 0.145695
0 0.620833 0.358796 0.0104167 0.0435185 0.169504
0 0.801302 0.359722 0.0109375 0.0472222 0.173367
0 0.335417 0.391667 0.00833333 0.0462963 0.205594
0 0.376042 0.383796 0.00729167 0.0435185 0.225564
0 0.259635 0.402315 0.00885417 0.037963 0.229398
0 0.691146 0.359722 0.009375 0.0527778 0.237411
0 0.730469 0.359722 0.00989583 0.0546296 0.246893
0 0.586458 0.363426 0.00833333 0.0416667 0.269382
0 0.292188 0.392593 0.00833333 0.0314815 0.272195
0 0.328125 0.391667 0.0114583 0.05 0.276359
0 0.646875 0.361574 0.009375 0.0416667 0.291348
0 0.208073 0.410648 0.0109375 0.0472222 0.294215
0 0.198177 0.329167 0.00572917 0.025 0.29705
0 0.382552 0.385185 0.00989583 0.0444444 0.316989
0 0.774479 0.376389 0.0114583 0.0305556 0.326276
0 0.06875 0.349537 0.00625 0.0287037 0.359199
0 0.660937 0.359722 0.009375 0.0509259 0.370567
0 0.678385 0.370833 0.00885417 0.0453704 0.383852
0 0.307552 0.390278 0.00677083 0.0435185 0.386704
0 0.202083 0.409259 0.00833333 0.0462963 0.392685
0 0.365365 0.387963 0.00885417 0.0425926 0.400849
0 0.211979 0.406944 0.00833333 0.037963 0.414756
0 0.56901 0.363426 0.00885417 0.0398148 0.421132
0 0.352083 0.393056 0.0104167 0.0398148 0.44308
0 0.252344 0.406944 0.00885417 0.0472222 0.490726
0 0.239063 0.411574 0.009375 0.0453704 0.515179
0 0.885938 0.360648 0.009375 0.0583333 0.55588
0 0.19401 0.412963 0.00989583 0.0462963 0.59549
0 0.557552 0.384722 0.00885417 0.0435185 0.613275
0 0.96224 0.369907 0.00989583 0.0546296 0.623105
0 0.764583 0.382407 0.0166667 0.0611111 0.625667
0 0.627083 0.377315 0.0114583 0.0546296 0.627297
0 0.534635 0.380093 0.0078125 0.0435185 0.628658
0 0.722656 0.386111 0.0109375 0.0611111 0.691514
0 0.128385 0.425926 0.00989583 0.0425926 0.704314
0 0.0752604 0.443519 0.0140625 0.0555556 0.746812
32 0.807292 0.401389 0.00625 0.012037 0.753267
0 0.698177 0.391204 0.0161458 0.0768519 0.772098
0 0.74401 0.397222 0.0171875 0.0759259 0.827723
0 0.117969 0.486111 0.0234375 0.125926 0.850876
0 0.503385 0.385648 0.0203125 0.0916667 0.851256
0 0.289062 0.45787 0.028125 0.123148 0.874291
0 0.929427 0.414815 0.0348958 0.2 0.893975
