0 0.745833 0.361574 0.0125 0.0435185 0.103039
0 0.855208 0.372222 0.00520833 0.0259259 0.105572
0 0.573958 0.361111 0.00729167 0.0407407 0.115214
0 0.998177 0.35463 0.00364583 0.0203704 0.11668
0 0.592708 0.362963 0.00729167 0.037037 0.122176
29 0.908854 0.405093 0.0114583 0.0212963 0.129981
0 0.997656 0.366667 0.0046875 0.0425926 0.135589
0 0.283333 0.385648 0.00520833 0.0194444 0.137825
0 0.95599 0.35 0.00572917 0.0185185 0.143685
0 0.264844 0.392593 0.00885417 0.0333333 0.171972
0 0.327865 0.39213 0.00885417 0.0472222 0.172273
0 0.334375 0.384722 0.00729167 0.0342593 0.201341
0 0.616667 0.360185 0.0125 0.0444444 0.222308
0 0.666406 0.362963 0.00885417 0.0462963 0.239309
0 0.373698 0.386111 0.00885417 0.0388889 0.246323
0 0.641667 0.361111 0.009375 0.0407407 0.265476
0 0.192448 0.32963 0.00572917 0.0240741 0.265825
0 0.320052 0.39213 0.00989583 0.0490741 0.266124
0 0.992969 0.354167 0.00677083 0.0194444 0.293959
0 0.686198 0.360185 0.0119792 0.0555556 0.297221
0 0.363802 0.386574 0.0078125 0.0416667 0.339273
0 0.769792 0.376389 0.0104167 0.0287037 0.348129
0 0.39401 0.374074 0.00677083 0.0351852 0.363711
0 0.725 0.359259 0.009375 0.0555556 0.390091
36 0.116146 0.543981 0.0197917 0.0138889 0.398745
0 0.58099 0.362963 0.0078125 0.0425926 0.407582
0 0.654948 0.358333 0.00989583 0.0481481 0.413992
0 0.358594 0.389352 0.00989583 0.0416667 0.416842
0 0.0625 0.349537 0.00625 0.0287037 0.44107
0 0.251563 0.408333 0.0125 0.0462963 0.458026
0 0.673698 0.37037 0.00989583 0.0444444 0.479121
0 0.955469 0.368981 0.0078125 0.0546296 0.530564
0 0.347917 0.393519 0.0114583 0.0425926 0.535147
0 0.563542 0.362963 0.00833333 0.0407407 0.54029
0 0.19401 0.414352 0.0119792 0.0490741 0.543178
0 0.117969 0.425926 0.00885417 0.0444444 0.556804
0 0.204948 0.406019 0.00885417 0.0342593 0.582518
0 0.235417 0.410185 0.009375 0.0444444 0.596576
0 0.879687 0.360648 0.0104167 0.0583333 0.605677
0 0.554688 0.38287 0.009375 0.0453704 0.680777
0 0.0635417 0.446759 0.015625 0.0527778 0.68314
0 0.185937 0.413889 0.0114583 0.05 0.697874
0 0.716667 0.386111 0.0135417 0.062963 0.731954
0 0.533333 0.37963 0.0145833 0.0462963 0.745
0 0.758594 0.381481 0.0151042 0.0611111 0.75512
0 0.624479 0.379167 0.015625 0.0527778 0.765053
32 0.813281 0.401852 0.00572917 0.0111111 0.767555
0 0.697917 0.391204 0.015625 0.0731481 0.797553
0 0.738542 0.394444 0.0177083 0.0759259 0.800049
0 0.110677 0.487037 0.0213542 0.125926 0.856345
0 0.923698 0.413889 0.0348958 0.2 0.876347
0 0.501562 0.386574 0.0270833 0.0898148 0.878225
0 0.290104 0.459259 0.0333333 0.124074 0.925347
