0 0.326823 0.394444 0.00677083 0.0425926 0.101322
0 0.469531 0.37963 0.00885417 0.0407407 0.105408
0 0.476562 0.383333 0.0125 0.0314815 0.11429
0 0.676302 0.359722 0.0119792 0.0398148 0.125566
0 0.77474 0.365278 0.00885417 0.0490741 0.127556
0 0.653646 0.365278 0.00729167 0.037963 0.142849
0 0.739323 0.365278 0.00885417 0.0509259 0.152937
0 0.157031 0.341667 0.0078125 0.037037 0.158927
0 0.003125 0.469444 0.00625 0.0388889 0.172852
0 0.427865 0.378241 0.00677083 0.0305556 0.177131
0 0.690625 0.366204 0.00833333 0.0398148 0.188905
0 0.333073 0.395833 0.00885417 0.0472222 0.189367
0 0.25599 0.403241 0.0078125 0.037963 0.190473
0 0.320833 0.391204 0.00833333 0.0342593 0.197374
32 0.528906 0.44537 0.00572917 0.0148148 0.207148
0 0.782031 0.364352 0.0078125 0.0490741 0.215863
0 0.748438 0.363889 0.0104167 0.0537037 0.217734
0 0.275521 0.397685 0.00833333 0.0342593 0.227785
0 0.129167 0.344444 0.00625 0.0277778 0.247531
0 0.1375 0.428704 0.00625 0.0296296 0.263024
32 0.525781 0.445833 0.00885417 0.0138889 0.264012
0 0.0507812 0.444444 0.00885417 0.0444444 0.267838
0 0.338802 0.401852 0.00885417 0.0407407 0.271832
0 0.805208 0.36713 0.00833333 0.0416667 0.275328
0 0.632292 0.378704 0.00625 0.0166667 0.284386
0 0.529167 0.395833 0.0104167 0.0490741 0.350866
0 0.715885 0.361111 0.00989583 0.05 0.360319
0 0.297917 0.398148 0.009375 0.0407407 0.382268
0 0.0609375 0.444444 0.00833333 0.0407407 0.417094
0 0.451302 0.380093 0.0109375 0.0472222 0.427081
0 0.702604 0.363426 0.009375 0.0435185 0.456228
0 0.788021 0.362963 0.00833333 0.0537037 0.491243
0 0.0820312 0.446759 0.0151042 0.0583333 0.495565
0 0.201562 0.422685 0.0145833 0.0527778 0.503478
0 0.0736979 0.451389 0.00885417 0.0509259 0.51385
0 0.641146 0.364815 0.00833333 0.0407407 0.527534
0 0.19375 0.423148 0.0114583 0.0518519 0.572813
0 0.540104 0.3875 0.0114583 0.0509259 0.582916
0 0.0252604 0.464352 0.0130208 0.0675926 0.59585
0 0.624219 0.364352 0.00885417 0.0416667 0.630108
0 0.213542 0.422222 0.0125 0.0481481 0.650357
0 0.831771 0.380556 0.0125 0.0296296 0.724602
0 0.725781 0.393056 0.0151042 0.0583333 0.745939
0 0.946875 0.36713 0.0104167 0.0638889 0.747641
0 0.522135 0.418981 0.0182292 0.0861111 0.840432
0 0.678385 0.39213 0.0182292 0.0564815 0.855027
0 0.411198 0.406019 0.0151042 0.106481 0.871767
0 0.48724 0.421759 0.0244792 0.0824074 0.872584
0 0.307552 0.442593 0.0140625 0.0888889 0.881171
0 0.982813 0.427778 0.0322917 0.218519 0.917667
0 0.133073 0.49537 0.0307292 0.122222 0.92098
0 0.557813 0.418056 0.0333333 0.0805556 0.929457
