0 0.302865 0.394444 0.00885417 0.0462963 0.100653
0 0.601302 0.362037 0.00677083 0.0407407 0.114595
0 0.0877604 0.352315 0.00677083 0.0268519 0.126184
0 0.978906 0.37037 0.00677083 0.0592593 0.14946
0 0.58776 0.363426 0.0078125 0.0398148 0.15645
0 0.567708 0.376852 0.00625 0.0148148 0.174222
0 0.997135 0.36713 0.00572917 0.0324074 0.19819
0 0.242708 0.408333 0.0104167 0.0462963 0.200896
0 0.610937 0.359722 0.0114583 0.0435185 0.20333
0 0.335417 0.383796 0.00729167 0.0342593 0.208659
0 0.333073 0.383796 0.00677083 0.0342593 0.223546
0 0.260677 0.393519 0.0078125 0.0333333 0.242056
0 0.558073 0.35787 0.00989583 0.0342593 0.244995
0 0.366406 0.3875 0.00989583 0.0416667 0.250368
0 0.291146 0.383333 0.00729167 0.0259259 0.253956
0 0.18776 0.330556 0.00572917 0.0259259 0.283128
0 0.544531 0.360185 0.00572917 0.0259259 0.285003
0 0.681771 0.360185 0.0114583 0.0537037 0.297582
0 0.110937 0.429167 0.0114583 0.0435185 0.318559
0 0.661458 0.361111 0.009375 0.0462963 0.323391
0 0.314063 0.393056 0.0135417 0.0490741 0.350968
0 0.184375 0.415741 0.009375 0.0462963 0.352416
0 0.349219 0.3875 0.00989583 0.0453704 0.355194
0 0.636979 0.360648 0.009375 0.0435185 0.356831
0 0.575521 0.363426 0.009375 0.0416667 0.361072
0 0.250781 0.407407 0.0109375 0.05 0.364978
0 0.85 0.372222 0.00625 0.0259259 0.368808
0 0.720312 0.35787 0.009375 0.0509259 0.370115
0 0.177865 0.416667 0.0119792 0.05 0.384256
0 0.276302 0.393981 0.00989583 0.0342593 0.391871
0 0.38724 0.375463 0.00885417 0.0342593 0.43337
0 0.0578125 0.350463 0.00625 0.0287037 0.461111
0 0.764583 0.375463 0.0104167 0.0287037 0.470135
0 0.669531 0.369444 0.00989583 0.0444444 0.500534
0 0.752865 0.384722 0.0151042 0.0546296 0.501133
0 0.65026 0.358333 0.00989583 0.05 0.514961
0 0.19974 0.406481 0.00885417 0.0333333 0.538407
0 0.990365 0.362963 0.00572917 0.037037 0.565063
0 0.0502604 0.448148 0.0161458 0.0518519 0.598588
0 0.234896 0.411574 0.0114583 0.0472222 0.609458
0 0.627083 0.377778 0.0104167 0.0537037 0.66622
0 0.7125 0.383796 0.0114583 0.0583333 0.672007
0 0.874479 0.359722 0.0104167 0.0583333 0.732957
0 0.949219 0.368056 0.00989583 0.0546296 0.736156
0 0.740365 0.391204 0.0244792 0.0805556 0.743995
0 0.554167 0.38287 0.0145833 0.0453704 0.754613
32 0.822656 0.402315 0.00572917 0.0101852 0.771578
0 0.531771 0.380556 0.0114583 0.0444444 0.779128
0 0.698698 0.389352 0.0151042 0.0675926 0.8193
0 0.503125 0.383796 0.015625 0.0898148 0.824146
0 0.107031 0.488889 0.0244792 0.125926 0.860587
0 0.917969 0.413426 0.0359375 0.199074 0.897732
0 0.295573 0.458796 0.0234375 0.125 0.898473
