0 0.210677 0.338889 0.00572917 0.0259259 0.101405
0 0.653385 0.338426 0.0046875 0.0194444 0.10162
36 0.435417 0.455556 0.00833333 0.0203704 0.104578
0 0.767187 0.37037 0.00833333 0.0333333 0.105121
0 0.8625 0.371759 0.00729167 0.0509259 0.135678
0 0.333594 0.324074 0.00572917 0.0259259 0.138766
0 0.0848958 0.446759 0.0104167 0.037963 0.1418
0 0.43125 0.389352 0.00729167 0.0435185 0.146442
0 0.754687 0.367593 0.0125 0.0425926 0.170128
13 0.0398437 0.458333 0.0411458 0.0296296 0.170438
0 0.545573 0.373611 0.00989583 0.0324074 0.173153
0 0.577083 0.376852 0.00833333 0.0388889 0.175661
0 0.105729 0.450463 0.0145833 0.0398148 0.202158
0 0.708854 0.383796 0.00625 0.0157407 0.224291
0 0.565365 0.379167 0.0109375 0.0416667 0.226879
0 0.85651 0.374537 0.0078125 0.0490741 0.231038
0 0.170052 0.434722 0.00989583 0.0546296 0.234462
0 0.508854 0.380093 0.009375 0.0342593 0.239294
0 0.11224 0.437963 0.0078125 0.0444444 0.247095
0 0.0588542 0.450463 0.009375 0.0490741 0.250775
0 0.817187 0.373611 0.0104167 0.0490741 0.269523
0 0.586719 0.379167 0.00989583 0.037963 0.282385
0 0.717969 0.367593 0.0078125 0.0407407 0.29871
0 0.469531 0.386574 0.0119792 0.0453704 0.312247
0 0.614844 0.366204 0.00572917 0.0324074 0.312286
0 0.14974 0.435648 0.0109375 0.0453704 0.320561
0 0.78099 0.371296 0.00989583 0.0462963 0.334781
0 0.184375 0.427778 0.00729167 0.0314815 0.336484
0 0.888542 0.375463 0.0104167 0.0453704 0.344718
0 0.624479 0.370833 0.0125 0.0453704 0.345943
0 0.127083 0.433796 0.00729167 0.0398148 0.351478
0 0.794271 0.369444 0.0104167 0.0537037 0.42192
0 0.173698 0.432407 0.0078125 0.0555556 0.426146
0 0.240625 0.425463 0.0104167 0.0472222 0.435264
0 0.828646 0.371759 0.0114583 0.0546296 0.439917
0 0.802083 0.381019 0.0145833 0.0453704 0.494728
36 0.439583 0.45787 0.0166667 0.0175926 0.513813
0 0.869531 0.371296 0.00885417 0.0574074 0.518835
0 0.164583 0.4375 0.0104167 0.0490741 0.525024
0 0.216146 0.419907 0.00833333 0.0398148 0.52655
0 0.141927 0.441667 0.0119792 0.062963 0.559358
0 0.23099 0.419907 0.00989583 0.0490741 0.579467
0 0.539323 0.406481 0.0223958 0.0555556 0.590221
0 0.260417 0.421296 0.0114583 0.05 0.656006
0 0.701042 0.37037 0.00833333 0.0425926 0.673365
0 0.0109375 0.464815 0.0125 0.05 0.67967
0 0.576302 0.424074 0.0369792 0.0759259 0.742446
0 0.914323 0.391667 0.0130208 0.0296296 0.744717
0 0.438802 0.411574 0.0161458 0.106481 0.825154
0 0.397396 0.446759 0.025 0.100926 0.830858
32 0.570833 0.464815 0.0104167 0.0166667 0.832861
0 0.376302 0.455093 0.0453125 0.0990741 0.833103
0 0.549479 0.426389 0.0302083 0.0842593 0.866531
0 0.761198 0.404167 0.0161458 0.0768519 0.880871
0 0.104427 0.502315 0.0223958 0.112037 0.895989
0 0.722396 0.405556 0.0208333 0.0666667 0.903962
