0 0.648698 0.361574 0.00885417 0.0416667 0.116552
0 0.739583 0.35787 0.00625 0.0453704 0.117465
0 0.382031 0.384722 0.00677083 0.0416667 0.119936
0 0.673698 0.356481 0.0109375 0.0462963 0.122759
0 0.23125 0.406481 0.009375 0.0407407 0.124331
0 0.113802 0.344444 0.00677083 0.0388889 0.14319
0 0.358073 0.389352 0.00989583 0.0453704 0.143895
0 0.324219 0.387037 0.0078125 0.0351852 0.149696
0 0.33151 0.388426 0.00885417 0.0453704 0.152464
0 0.660417 0.359722 0.00833333 0.0416667 0.158088
0 0.635417 0.358333 0.0135417 0.0444444 0.168667
0 0.349219 0.388889 0.00989583 0.0481481 0.173769
0 0.41849 0.375 0.00677083 0.037037 0.196639
0 0.315885 0.388426 0.00885417 0.0342593 0.202767
0 0.213021 0.328241 0.00625 0.025 0.207168
0 0.255208 0.406944 0.0145833 0.0490741 0.213302
0 0.218229 0.409722 0.009375 0.0416667 0.215805
0 0.403906 0.376852 0.0119792 0.0481481 0.217489
0 0.388021 0.384259 0.009375 0.0425926 0.219939
0 0.246094 0.409259 0.0151042 0.05 0.245787
0 0.696615 0.366667 0.00989583 0.0444444 0.247736
0 0.9875 0.352315 0.00729167 0.0194444 0.24801
0 0.824219 0.358333 0.00885417 0.0462963 0.264307
0 0.61224 0.3625 0.0078125 0.0398148 0.272858
0 0.70625 0.360185 0.0114583 0.0518519 0.29267
0 0.084375 0.348611 0.00625 0.0268519 0.298838
0 0.916406 0.35463 0.0078125 0.0314815 0.308905
0 0.424219 0.372222 0.0078125 0.0388889 0.317433
32 0.772396 0.399074 0.00625 0.0111111 0.370077
0 0.689844 0.369444 0.00885417 0.0407407 0.373977
0 0.6 0.3625 0.00833333 0.0416667 0.400981
0 0.582812 0.361111 0.009375 0.0425926 0.405879
0 0.745573 0.35787 0.00885417 0.0527778 0.421257
0 0.284375 0.396759 0.009375 0.0398148 0.449021
0 0.978125 0.374537 0.009375 0.0416667 0.499485
0 0.541927 0.378704 0.0078125 0.0444444 0.503346
0 0.789323 0.376389 0.0119792 0.0287037 0.576727
0 0.11276 0.436111 0.00885417 0.0537037 0.587828
0 0.567187 0.383796 0.009375 0.0453704 0.63239
0 0.901042 0.360648 0.0114583 0.0601852 0.646977
0 0.624479 0.37963 0.0125 0.0555556 0.668914
0 0.00885417 0.463426 0.0125 0.0564815 0.671323
0 0.761979 0.37963 0.0208333 0.0722222 0.730436
0 0.157552 0.421296 0.0140625 0.0425926 0.744764
0 0.728646 0.396759 0.0239583 0.0842593 0.835607
0 0.676562 0.397222 0.0270833 0.0685185 0.849163
0 0.49375 0.386574 0.0135417 0.0935185 0.864776
0 0.132552 0.484722 0.0244792 0.123148 0.881515
0 0.945052 0.415741 0.0307292 0.203704 0.893597
0 0.270052 0.462963 0.0234375 0.116667 0.894375
