0 0.179948 0.419444 0.00572917 0.0277778 0.103331
0 0.929948 0.377778 0.00677083 0.0277778 0.103374
0 0.31875 0.395833 0.00729167 0.0398148 0.11024
0 0.00234375 0.449074 0.0046875 0.0296296 0.111174
0 0.661719 0.363426 0.0078125 0.0416667 0.116798
0 0.75651 0.3625 0.0109375 0.0546296 0.128286
0 0.790365 0.363426 0.0078125 0.0472222 0.130939
0 0.684896 0.349074 0.0114583 0.0222222 0.132843
0 0.263802 0.325463 0.00572917 0.025 0.13953
0 0.00260417 0.463889 0.00520833 0.0574074 0.142239
0 0.710156 0.35787 0.00885417 0.0361111 0.1443
0 0.784375 0.365741 0.00729167 0.0444444 0.146558
0 0.325781 0.394907 0.0078125 0.0435185 0.156572
0 0.621615 0.361111 0.00572917 0.0333333 0.158239
0 0.640104 0.376852 0.00625 0.0148148 0.169173
0 0.676302 0.359259 0.00677083 0.0388889 0.181586
0 0.488542 0.376852 0.009375 0.0388889 0.184939
0 0.333333 0.394907 0.0104167 0.0435185 0.186519
0 0.264323 0.402315 0.00885417 0.0342593 0.197706
0 0.461458 0.378704 0.00833333 0.0425926 0.198918
0 0.166146 0.341204 0.00729167 0.0342593 0.201039
0 0.0601562 0.44537 0.00989583 0.0388889 0.202434
0 0.477083 0.378241 0.0114583 0.0398148 0.208149
0 0.308594 0.396759 0.00677083 0.0361111 0.216122
0 0.723958 0.359259 0.0104167 0.0481481 0.240306
0 0.00598958 0.4625 0.00989583 0.0527778 0.289399
0 0.0364583 0.45 0.009375 0.0462963 0.30696
36 0.442187 0.447685 0.01875 0.0101852 0.313926
0 0.361198 0.395833 0.0078125 0.0435185 0.318287
0 0.815625 0.364815 0.0104167 0.0425926 0.328661
0 0.422396 0.377778 0.00625 0.0314815 0.34567
0 0.0429688 0.451389 0.0078125 0.0490741 0.376744
0 0.648958 0.362963 0.00833333 0.0425926 0.389309
0 0.796615 0.361574 0.0078125 0.0527778 0.399247
0 0.28724 0.399537 0.0130208 0.0398148 0.403811
0 0.233854 0.419907 0.009375 0.0435185 0.423197
0 0.400521 0.383796 0.00833333 0.0361111 0.443154
0 0.547135 0.402778 0.0140625 0.0703704 0.450905
0 0.1375 0.343981 0.00625 0.0268519 0.456305
0 0.73099 0.37037 0.0109375 0.0462963 0.462763
0 0.221354 0.420833 0.0104167 0.0490741 0.507022
0 0.239583 0.413889 0.0114583 0.0537037 0.593881
0 0.632031 0.362037 0.0078125 0.0425926 0.595097
0 0.955469 0.364352 0.0109375 0.0583333 0.657296
0 0.0786458 0.451852 0.009375 0.0481481 0.666141
0 0.0158854 0.466204 0.0171875 0.0675926 0.671836
0 0.576042 0.378704 0.0104167 0.0481481 0.678955
0 0.0914062 0.448148 0.0109375 0.0537037 0.681848
0 0.840104 0.379167 0.0125 0.0287037 0.713389
0 0.536458 0.403241 0.0229167 0.0712963 0.766991
32 0.529688 0.437963 0.00833333 0.012963 0.770945
0 0.559375 0.405556 0.0208333 0.0592593 0.775599
0 0.683073 0.387037 0.0140625 0.0537037 0.824309
0 0.713281 0.385185 0.0161458 0.0537037 0.833634
0 0.314844 0.434259 0.0151042 0.0796296 0.858349
0 0.441146 0.400926 0.021875 0.1 0.861089
0 0.146354 0.493519 0.0239583 0.116667 0.899494
0 0.988281 0.427315 0.0234375 0.219444 0.908824
