0 0.733073 0.371296 0.0078125 0.037037 0.100149
0 0.866927 0.373148 0.0078125 0.05 0.103514
0 0.532031 0.373611 0.00677083 0.0305556 0.111859
0 0.757812 0.366204 0.0125 0.0398148 0.12571
0 0.410417 0.390278 0.009375 0.0342593 0.141089
0 0.3375 0.323611 0.00520833 0.025 0.147161
0 0.522135 0.386111 0.00885417 0.0351852 0.153906
0 0.2375 0.405556 0.00625 0.0240741 0.177557
13 0.0450521 0.45787 0.0359375 0.0268519 0.19364
0 0.860677 0.375 0.0078125 0.0481481 0.199174
0 0.821615 0.373148 0.00989583 0.05 0.21296
0 0.61901 0.366667 0.00572917 0.0314815 0.224055
0 0.568229 0.378704 0.0114583 0.0388889 0.226177
0 0.583333 0.376852 0.00833333 0.0388889 0.227596
0 0.514323 0.380093 0.00677083 0.0342593 0.232686
0 0.154687 0.433333 0.009375 0.0444444 0.233361
0 0.174219 0.437037 0.00885417 0.0481481 0.234405
0 0.549479 0.378704 0.0114583 0.0444444 0.260059
0 0.214323 0.338426 0.00572917 0.025 0.261055
0 0.117969 0.437963 0.0078125 0.0407407 0.268911
0 0.132031 0.433796 0.0078125 0.0416667 0.269942
0 0.713021 0.384259 0.00625 0.0166667 0.27319
0 0.591406 0.377315 0.0078125 0.037963 0.298113
0 0.891927 0.376389 0.00989583 0.0453704 0.304807
0 0.188021 0.427315 0.00625 0.0305556 0.334726
0 0.721615 0.368519 0.0078125 0.0388889 0.344055
0 0.179948 0.425 0.0078125 0.0444444 0.350806
0 0.873438 0.371296 0.00833333 0.0555556 0.354073
0 0.784635 0.37037 0.00989583 0.0425926 0.358896
0 0.832292 0.372222 0.0114583 0.0555556 0.374479
0 0.0640625 0.450926 0.0104167 0.0444444 0.396632
0 0.167969 0.4375 0.0119792 0.0490741 0.396847
0 0.628646 0.371296 0.0114583 0.0444444 0.408813
0 0.148698 0.440741 0.0130208 0.0611111 0.412431
0 0.241927 0.425463 0.0130208 0.0472222 0.429395
0 0.798437 0.368519 0.009375 0.0518519 0.443826
0 0.475 0.385648 0.0104167 0.0435185 0.476547
0 0.216667 0.418981 0.00833333 0.0398148 0.519656
0 0.805208 0.381944 0.015625 0.0435185 0.52885
0 0.0169271 0.462037 0.0130208 0.0444444 0.545644
0 0.917708 0.391667 0.0125 0.0296296 0.552302
0 0.704687 0.369907 0.00833333 0.0416667 0.579346
0 0.536979 0.408333 0.015625 0.0592593 0.596262
0 0.111719 0.447685 0.0109375 0.0435185 0.647424
0 0.26276 0.42037 0.0119792 0.0481481 0.665444
0 0.388542 0.44537 0.028125 0.101852 0.821924
0 0.544271 0.430093 0.0291667 0.0842593 0.828158
0 0.763021 0.405556 0.015625 0.0777778 0.856398
32 0.564583 0.463889 0.009375 0.0166667 0.878716
0 0.569792 0.425463 0.0354167 0.0731481 0.88334
0 0.369531 0.453241 0.0421875 0.110185 0.883576
0 0.723958 0.405556 0.021875 0.0722222 0.886
0 0.438542 0.413889 0.0260417 0.107407 0.897833
0 0.102604 0.502315 0.0270833 0.113889 0.912542
