0 0.88099 0.374074 0.0078125 0.0537037 0.100239
0 0.08125 0.441667 0.00729167 0.0351852 0.103498
0 0.350781 0.323148 0.00572917 0.0240741 0.105677
0 0.835677 0.375 0.00885417 0.0481481 0.10882
0 0.245052 0.424537 0.0078125 0.0453704 0.109818
0 0.763802 0.368519 0.00677083 0.0388889 0.117349
0 0.363542 0.39537 0.0104167 0.0407407 0.133825
0 0.435677 0.3875 0.00989583 0.0416667 0.139522
0 0.369792 0.393981 0.00729167 0.0361111 0.149399
0 0.139844 0.433796 0.0078125 0.0398148 0.15046
0 0.535937 0.380556 0.00625 0.0314815 0.151838
0 0.87474 0.376852 0.0078125 0.0481481 0.153899
0 0.735156 0.36713 0.00885417 0.0342593 0.160432
0 0.747917 0.371759 0.009375 0.0416667 0.164868
0 0.0893229 0.445833 0.00885417 0.0416667 0.166276
0 0.846094 0.373148 0.0109375 0.0555556 0.170781
0 0.107292 0.44213 0.00729167 0.0361111 0.18001
0 0.192448 0.434722 0.00885417 0.0453704 0.180908
0 0.151562 0.430093 0.00729167 0.0398148 0.197947
0 0.784896 0.373611 0.00833333 0.0453704 0.211926
0 0.906771 0.376389 0.0114583 0.0490741 0.214928
0 0.208854 0.421296 0.00833333 0.0407407 0.228082
0 0.198958 0.425 0.00729167 0.0333333 0.242005
0 0.638021 0.366667 0.0114583 0.0314815 0.24615
0 0.00729167 0.468056 0.00833333 0.0398148 0.264281
0 0.660156 0.362963 0.0078125 0.0277778 0.281451
0 0.567708 0.377778 0.0114583 0.0425926 0.286281
0 0.772396 0.368519 0.0125 0.0462963 0.306529
0 0.798177 0.372685 0.00989583 0.0435185 0.309604
0 0.555729 0.37963 0.0104167 0.0481481 0.332934
0 0.0130208 0.471296 0.00833333 0.0462963 0.336015
0 0.88724 0.372685 0.00885417 0.0583333 0.336861
0 0.8125 0.371759 0.0104167 0.0564815 0.359317
0 0.184115 0.436111 0.0119792 0.0462963 0.364262
0 0.583594 0.379167 0.00885417 0.0398148 0.378924
0 0.240365 0.428241 0.0130208 0.0435185 0.380902
0 0.172135 0.436574 0.0119792 0.0601852 0.396499
0 0.132552 0.444907 0.00989583 0.0416667 0.422121
0 0.319531 0.433796 0.0213542 0.0453704 0.43465
0 0.602865 0.376852 0.0119792 0.0407407 0.447303
0 0.276823 0.412963 0.0140625 0.0481481 0.450695
0 0.504948 0.385185 0.00989583 0.0462963 0.451581
0 0.266667 0.421296 0.0135417 0.0481481 0.457789
0 0.819792 0.38287 0.015625 0.0453704 0.461095
0 0.717708 0.370833 0.00833333 0.0435185 0.534483
0 0.651042 0.367593 0.00625 0.0388889 0.548238
0 0.0466146 0.456019 0.0119792 0.0435185 0.559325
0 0.456771 0.387037 0.0145833 0.0407407 0.626418
0 0.932292 0.393981 0.0125 0.0305556 0.704533
0 0.51224 0.436574 0.0234375 0.0898148 0.853585
32 0.527344 0.468056 0.00989583 0.0175926 0.855995
0 0.734635 0.409722 0.0192708 0.0768519 0.863394
0 0.428906 0.418519 0.0286458 0.111111 0.883668
0 0.761198 0.411111 0.0203125 0.0796296 0.884268
0 0.298958 0.468981 0.0416667 0.112037 0.899647
0 0.577083 0.423611 0.0302083 0.0787037 0.927544
0 0.0703125 0.505093 0.0208333 0.113889 0.938486
