0 0.695573 0.363426 0.0109375 0.0416667 0.107705
0 0.671354 0.366667 0.00729167 0.037037 0.108043
0 0.549479 0.36713 0.00729167 0.0342593 0.108922
13 0.0205729 0.458333 0.0328125 0.0407407 0.118896
35 0.576563 0.416204 0.00729167 0.0194444 0.126871
0 0.458594 0.376389 0.00572917 0.0305556 0.12889
0 0.554167 0.368056 0.00729167 0.037963 0.132722
0 0.800781 0.367593 0.0078125 0.0481481 0.137449
0 0.36849 0.391204 0.00677083 0.0361111 0.139262
0 0.294792 0.396296 0.00729167 0.0333333 0.144669
32 0.543229 0.456019 0.00729167 0.00833333 0.148831
0 0.495313 0.380556 0.00833333 0.0425926 0.170923
0 0.767187 0.367593 0.0104167 0.0518519 0.171202
0 0.467708 0.382407 0.0125 0.0407407 0.19792
0 0.757031 0.368519 0.00989583 0.0481481 0.207029
0 0.501302 0.380093 0.0119792 0.0398148 0.208285
0 0.795052 0.370833 0.0078125 0.0453704 0.212428
0 0.650781 0.381019 0.00572917 0.0157407 0.245822
0 0.734896 0.362963 0.0104167 0.0481481 0.25544
0 0.0385417 0.452315 0.00729167 0.0398148 0.258269
0 0.103385 0.446296 0.0109375 0.05 0.264044
0 0.176823 0.336574 0.0078125 0.0435185 0.269859
0 0.0924479 0.432407 0.00885417 0.0388889 0.270415
0 0.510417 0.376389 0.00729167 0.0398148 0.297482
0 0.959896 0.3625 0.00729167 0.0324074 0.297633
0 0.825521 0.369444 0.009375 0.0425926 0.322675
0 0.480208 0.37963 0.0104167 0.0444444 0.36876
0 0.346354 0.399537 0.00833333 0.0509259 0.372043
0 0.659375 0.366667 0.00833333 0.0425926 0.389396
0 0.00729167 0.45787 0.0114583 0.0416667 0.393674
0 0.363802 0.392593 0.0078125 0.0407407 0.405451
0 0.386979 0.391667 0.0114583 0.0462963 0.430174
0 0.519271 0.393056 0.0135417 0.0453704 0.437307
0 0.148698 0.342593 0.00572917 0.0259259 0.456474
0 0.744792 0.376389 0.0114583 0.0435185 0.467731
0 0.183333 0.418519 0.00729167 0.037037 0.484188
0 0.941406 0.370833 0.0109375 0.0509259 0.497592
0 0.64401 0.366204 0.0078125 0.0416667 0.499744
0 0.807031 0.365741 0.00885417 0.0537037 0.510195
0 0.0807292 0.440278 0.009375 0.037963 0.529546
0 0.0320312 0.462037 0.00885417 0.0462963 0.598287
0 0.197396 0.428241 0.0145833 0.0472222 0.635249
0 0.967708 0.368519 0.0104167 0.0592593 0.635656
0 0.138281 0.43287 0.0161458 0.0509259 0.703277
0 0.532292 0.400463 0.0166667 0.0527778 0.705186
0 0.215885 0.422222 0.0109375 0.05 0.711974
0 0.0640625 0.454167 0.015625 0.0638889 0.7184
0 0.851302 0.384722 0.0130208 0.0287037 0.723686
0 0.99375 0.431019 0.0125 0.217593 0.781665
32 0.553646 0.464352 0.0104167 0.0194444 0.835938
0 0.728125 0.39537 0.0135417 0.0666667 0.844266
0 0.68724 0.398611 0.0182292 0.062037 0.844812
0 0.413542 0.410185 0.0260417 0.107407 0.850198
0 0.558073 0.433333 0.0348958 0.0851852 0.863405
0 0.436198 0.433796 0.0359375 0.100926 0.872405
0 0.588802 0.422222 0.0359375 0.0925926 0.889185
0 0.0958333 0.5 0.0270833 0.124074 0.91774
0 0.334896 0.441204 0.034375 0.0916667 0.935974
