0 0.488542 0.376389 0.00729167 0.037963 0.11372
0 0.27526 0.397685 0.00677083 0.0324074 0.113725
0 0.689583 0.363889 0.009375 0.0407407 0.114355
0 0.0309896 0.452315 0.0109375 0.0435185 0.118672
0 0.003125 0.461574 0.00625 0.0509259 0.122065
0 0.653125 0.362963 0.00833333 0.0407407 0.130029
0 0.254687 0.326852 0.00520833 0.0240741 0.131275
0 0.747396 0.362963 0.0114583 0.0555556 0.138606
0 0.475521 0.375 0.0114583 0.0444444 0.141786
0 0.0424479 0.450463 0.00885417 0.037963 0.147986
0 0.255729 0.402315 0.00729167 0.037963 0.151079
0 0.631771 0.377778 0.00625 0.0166667 0.166695
0 0.342969 0.398611 0.0078125 0.0435185 0.174151
32 0.52474 0.441204 0.00989583 0.0138889 0.182763
0 0.464063 0.379167 0.00833333 0.0416667 0.195328
0 0.714844 0.351389 0.00989583 0.0305556 0.204723
0 0.128385 0.344444 0.00677083 0.0277778 0.237792
0 0.317969 0.396759 0.00989583 0.0435185 0.243729
0 0.332031 0.395833 0.0078125 0.0435185 0.266066
0 0.702083 0.362037 0.009375 0.0425926 0.305617
0 0.325521 0.395833 0.009375 0.0472222 0.309288
0 0.291146 0.398148 0.00729167 0.0425926 0.317645
0 0.78724 0.362963 0.00885417 0.0537037 0.358289
0 0.805469 0.364815 0.00989583 0.0444444 0.366929
0 0.723698 0.371759 0.00989583 0.0472222 0.382048
0 0.447656 0.380556 0.0119792 0.0462963 0.413383
0 0.552344 0.380093 0.00989583 0.0509259 0.431708
0 0.402604 0.383333 0.00729167 0.0351852 0.435077
0 0.0835937 0.451389 0.0119792 0.0490741 0.463821
0 0.210417 0.421296 0.0104167 0.05 0.479621
0 0.640885 0.364815 0.00885417 0.0407407 0.483877
0 0.0705729 0.453704 0.0119792 0.0481481 0.535333
0 0.0604167 0.447685 0.0114583 0.0527778 0.60631
0 0.219271 0.420833 0.0125 0.0490741 0.637322
0 0.623177 0.362963 0.00885417 0.0425926 0.658929
0 0.2 0.425926 0.0135417 0.0462963 0.662109
0 0.83125 0.37963 0.0125 0.0296296 0.672819
0 0.0179687 0.465741 0.0161458 0.0648148 0.725224
0 0.714323 0.389352 0.0161458 0.0583333 0.745532
0 0.946094 0.365741 0.00989583 0.0611111 0.755358
0 0.522396 0.410185 0.0208333 0.0777778 0.762788
0 0.505729 0.415278 0.021875 0.0805556 0.79261
0 0.677344 0.387037 0.0151042 0.0611111 0.804122
0 0.540885 0.410185 0.0203125 0.0833333 0.811503
0 0.419271 0.406481 0.025 0.103704 0.867313
0 0.304167 0.443056 0.0166667 0.0842593 0.895913
0 0.133333 0.493519 0.0270833 0.122222 0.904413
0 0.982552 0.426852 0.0317708 0.218519 0.915141
