0 0.246875 0.410648 0.00729167 0.0472222 0.104359
0 0.304948 0.394907 0.00989583 0.037963 0.131688
0 0.348958 0.387963 0.00833333 0.0481481 0.131784
0 0.735677 0.362963 0.00885417 0.0425926 0.14265
0 0.286198 0.391667 0.0078125 0.0333333 0.146622
0 0.615104 0.3625 0.00833333 0.037963 0.161952
0 0.627604 0.360648 0.00833333 0.0416667 0.165275
0 0.929427 0.363889 0.00677083 0.05 0.166802
0 0.742448 0.360185 0.0078125 0.05 0.16765
29 0.932552 0.406481 0.00989583 0.0203704 0.179802
0 0.6625 0.360648 0.009375 0.0435185 0.180822
0 0.63724 0.359259 0.0109375 0.0425926 0.187089
0 0.215104 0.327778 0.00520833 0.0240741 0.192336
0 0.413021 0.38287 0.00833333 0.0398148 0.245929
0 0.878906 0.374074 0.00677083 0.0277778 0.248863
0 0.372656 0.387037 0.00989583 0.0462963 0.250816
0 0.295833 0.390741 0.009375 0.0388889 0.264121
0 0.708854 0.361111 0.0125 0.0555556 0.281195
0 0.364062 0.386574 0.0114583 0.0490741 0.288365
0 0.334896 0.385185 0.00625 0.0333333 0.302116
0 0.766927 0.361574 0.0109375 0.0435185 0.332144
0 0.0864583 0.349074 0.00625 0.0277778 0.342919
0 0.676562 0.358333 0.0104167 0.05 0.403545
36 0.128906 0.542593 0.0255208 0.0111111 0.407358
0 0.240365 0.408796 0.0182292 0.0527778 0.411471
0 0.422656 0.376389 0.00989583 0.0416667 0.414624
0 0.403385 0.383333 0.0119792 0.0425926 0.428458
0 0.747917 0.358333 0.00833333 0.0537037 0.435953
0 0.544531 0.379167 0.00885417 0.0472222 0.438255
0 0.43776 0.374074 0.00885417 0.0462963 0.449199
0 0.689844 0.369907 0.00885417 0.0416667 0.453157
0 0.585677 0.3625 0.00989583 0.0416667 0.48707
0 0.978906 0.37037 0.0109375 0.0537037 0.504475
0 0.228385 0.415741 0.0119792 0.0444444 0.572928
0 0.0177083 0.462037 0.0125 0.0518519 0.62724
0 0.552865 0.386111 0.0119792 0.0518519 0.641159
0 0.903646 0.359259 0.0104167 0.0555556 0.6654
0 0.791406 0.376389 0.0119792 0.0287037 0.674207
0 0.18099 0.416667 0.0119792 0.0425926 0.700536
0 0.155208 0.427315 0.0145833 0.0490741 0.706125
0 0.695833 0.391204 0.0125 0.0509259 0.75163
0 0.605469 0.384259 0.0130208 0.0592593 0.779464
32 0.680208 0.438889 0.009375 0.0166667 0.791916
0 0.460938 0.393056 0.0145833 0.0953704 0.847475
0 0.573438 0.410648 0.028125 0.0824074 0.868379
0 0.12526 0.486111 0.0265625 0.12037 0.877673
0 0.236979 0.4625 0.0166667 0.0898148 0.88821
0 0.648958 0.413889 0.0364583 0.0722222 0.889013
0 0.946875 0.41713 0.0302083 0.20463 0.896033
0 0.71849 0.391204 0.0265625 0.0583333 0.917765
