0 0.585938 0.336111 0.00520833 0.0203704 0.110615
0 0.676042 0.35 0.0114583 0.0203704 0.123283
0 0.255469 0.403241 0.0078125 0.037963 0.133005
0 0.00338542 0.459259 0.00677083 0.0388889 0.134738
0 0.433333 0.381019 0.0114583 0.0453704 0.143866
0 0.78099 0.365278 0.0078125 0.0453704 0.14903
0 0.128125 0.344444 0.00625 0.0277778 0.160901
0 0.631771 0.378241 0.00625 0.0157407 0.166608
0 0.142969 0.427315 0.00677083 0.0287037 0.170257
0 0.77526 0.366667 0.0078125 0.0444444 0.178445
0 0.0315104 0.451852 0.0109375 0.0444444 0.19995
0 0.478906 0.376852 0.00885417 0.0407407 0.214616
0 0.254687 0.327315 0.00625 0.025 0.222078
0 0.27526 0.396296 0.0078125 0.0333333 0.22495
0 0.714583 0.354167 0.0104167 0.0342593 0.248796
0 0.0661458 0.447685 0.00833333 0.0527778 0.257044
0 0.689062 0.364815 0.009375 0.0425926 0.262526
0 0.29349 0.398148 0.00677083 0.0407407 0.274372
0 0.746875 0.362963 0.0114583 0.0537037 0.294894
0 0.466146 0.380093 0.00833333 0.0435185 0.311308
0 0.317448 0.391667 0.00885417 0.0333333 0.350777
0 0.0833333 0.450926 0.0114583 0.0481481 0.383348
0 0.0460938 0.446296 0.0078125 0.0462963 0.38366
0 0.0591146 0.44537 0.0078125 0.0388889 0.385813
0 0.805208 0.365741 0.00833333 0.0425926 0.399618
0 0.327344 0.397685 0.0109375 0.0509259 0.410722
0 0.78724 0.3625 0.00885417 0.0509259 0.428567
0 0.448438 0.379167 0.0114583 0.0453704 0.444941
0 0.702083 0.363426 0.0104167 0.0435185 0.448625
0 0.0710938 0.452315 0.00989583 0.0509259 0.459236
0 0.639844 0.364815 0.0078125 0.0407407 0.460443
0 0.723698 0.368981 0.00989583 0.0416667 0.469593
0 0.0182292 0.462963 0.0145833 0.0666667 0.551773
0 0.204948 0.419907 0.00885417 0.0564815 0.556007
0 0.196875 0.425463 0.009375 0.0453704 0.598905
0 0.83099 0.380093 0.0119792 0.0287037 0.662684
0 0.623177 0.363426 0.00885417 0.0435185 0.680969
36 0.415104 0.454167 0.0208333 0.0101852 0.697167
0 0.215885 0.421296 0.0109375 0.05 0.727198
0 0.945573 0.366667 0.0109375 0.062963 0.770686
0 0.520573 0.413426 0.0244792 0.0805556 0.811672
0 0.676042 0.390278 0.01875 0.0601852 0.83281
0 0.720052 0.393056 0.0213542 0.0546296 0.834807
0 0.546094 0.413889 0.0255208 0.0888889 0.853877
0 0.411719 0.40463 0.0255208 0.103704 0.869411
0 0.305729 0.443519 0.0135417 0.0851852 0.876386
0 0.497656 0.416667 0.0359375 0.0759259 0.889828
0 0.131771 0.494444 0.03125 0.124074 0.904326
0 0.982292 0.427778 0.0322917 0.218519 0.919963
