0 0.792969 0.365278 0.0078125 0.0453704 0.115664
0 0.664062 0.363889 0.00729167 0.037037 0.11579
0 0.786198 0.36713 0.0078125 0.0472222 0.127062
0 0.679167 0.361574 0.00729167 0.0416667 0.13556
0 0.021875 0.456944 0.0104167 0.0416667 0.172662
0 0.700781 0.362963 0.00885417 0.0425926 0.177717
0 0.642969 0.377315 0.00572917 0.0157407 0.180379
0 0.413542 0.379167 0.00729167 0.0324074 0.183235
0 0.311719 0.396759 0.00572917 0.0398148 0.183436
0 0.932552 0.377778 0.00677083 0.0277778 0.186207
0 0.472135 0.37963 0.00989583 0.0407407 0.211039
0 0.0354167 0.447222 0.009375 0.037037 0.213107
0 0.336458 0.387963 0.009375 0.0314815 0.21468
0 0.0286458 0.456019 0.0114583 0.0361111 0.219189
0 0.504167 0.368981 0.00625 0.0416667 0.221261
0 0.819271 0.364815 0.0125 0.0444444 0.225972
0 0.266146 0.325926 0.00625 0.0259259 0.227783
0 0.285677 0.40463 0.0109375 0.0518519 0.230059
36 0.458854 0.444907 0.0125 0.00833333 0.254772
0 0.601562 0.364352 0.00625 0.037963 0.265836
0 0.426302 0.378704 0.0109375 0.0462963 0.27486
0 0.214844 0.4125 0.00677083 0.0268519 0.276778
0 0.003125 0.486111 0.00625 0.0333333 0.2881
0 0.651563 0.363889 0.00833333 0.0407407 0.295285
0 0.315625 0.397222 0.0104167 0.0425926 0.302987
0 0.483073 0.377778 0.00989583 0.0407407 0.312626
0 0.798958 0.361574 0.009375 0.0546296 0.319368
0 0.440104 0.381944 0.0104167 0.0472222 0.329644
0 0.16849 0.339352 0.0078125 0.0361111 0.35072
0 0.140625 0.343056 0.00625 0.0268519 0.372987
0 0.273958 0.401852 0.00729167 0.0407407 0.395308
0 0.713281 0.3625 0.00885417 0.0435185 0.407119
0 0.726823 0.359259 0.00989583 0.0481481 0.452029
0 0.535937 0.404167 0.009375 0.0638889 0.452864
0 0.0546875 0.448148 0.0104167 0.0407407 0.459161
0 0.583854 0.381944 0.009375 0.0416667 0.46009
0 0.0135417 0.460185 0.0125 0.05 0.46823
32 0.53724 0.439352 0.00885417 0.0138889 0.553221
0 0.241146 0.418981 0.0125 0.0453704 0.564978
0 0.0898438 0.45 0.00989583 0.0462963 0.567406
0 0.0830729 0.450463 0.00885417 0.0490741 0.576516
0 0.634115 0.3625 0.00885417 0.0435185 0.586374
0 0.842969 0.37963 0.0130208 0.0296296 0.5881
0 0.255208 0.415278 0.0135417 0.0490741 0.695615
0 0.738281 0.37963 0.0119792 0.0592593 0.718631
0 0.959115 0.365278 0.0109375 0.0601852 0.771819
0 0.541667 0.40787 0.0177083 0.062037 0.77417
0 0.569531 0.393519 0.0151042 0.0740741 0.806266
0 0.688542 0.384259 0.0166667 0.0481481 0.81038
0 0.45625 0.397685 0.015625 0.0990741 0.813595
0 0.325521 0.438889 0.0166667 0.0759259 0.8577
0 0.145313 0.489352 0.0302083 0.119444 0.893026
0 0.989583 0.428704 0.0208333 0.22037 0.906751
