0 0.586458 0.361574 0.0125 0.037963 0.10428
0 0.54401 0.374074 0.0130208 0.0351852 0.106196
0 0.769531 0.363889 0.00885417 0.037037 0.106805
0 0.742448 0.361574 0.0078125 0.0472222 0.107402
0 0.652083 0.364352 0.00729167 0.0398148 0.108048
0 0.283594 0.393519 0.0078125 0.0351852 0.110012
0 0.698958 0.363426 0.0104167 0.0453704 0.123535
0 0.216667 0.412037 0.0104167 0.0462963 0.148227
0 0.628385 0.361111 0.00885417 0.0425926 0.159486
0 0.28776 0.393056 0.00677083 0.0305556 0.165293
0 0.614583 0.362963 0.00729167 0.0407407 0.17144
0 0.63776 0.360185 0.0109375 0.0425926 0.175822
0 0.735677 0.3625 0.00885417 0.0416667 0.187469
0 0.215365 0.328241 0.00572917 0.025 0.189687
35 0.534375 0.40787 0.00625 0.012037 0.191097
0 0.354167 0.386111 0.0104167 0.0462963 0.210377
0 0.344531 0.393056 0.0151042 0.0453704 0.241752
0 0.223177 0.426389 0.00677083 0.0268519 0.246971
0 0.222396 0.41713 0.00833333 0.0453704 0.248756
0 0.415885 0.381019 0.00885417 0.0416667 0.263667
0 0.234375 0.403704 0.00625 0.0351852 0.27131
0 0.766406 0.363889 0.00989583 0.0407407 0.279017
0 0.239583 0.401852 0.00833333 0.0388889 0.280044
0 0.376823 0.386111 0.0078125 0.0425926 0.284974
0 0.878906 0.374074 0.00572917 0.0277778 0.299041
0 0.663542 0.361111 0.009375 0.0425926 0.313085
0 0.21276 0.406019 0.00885417 0.0398148 0.320355
0 0.246875 0.40463 0.00833333 0.0425926 0.32897
0 0.480729 0.364815 0.00625 0.0259259 0.339139
0 0.934375 0.354167 0.00729167 0.0305556 0.343186
0 0.40599 0.382407 0.00989583 0.0407407 0.362155
0 0.690365 0.369907 0.00885417 0.0416667 0.365108
0 0.676823 0.35787 0.00989583 0.0490741 0.36661
0 0.370833 0.386574 0.0114583 0.0472222 0.372237
0 0.0867188 0.348611 0.00677083 0.0268519 0.374811
0 0.428646 0.375926 0.0104167 0.0444444 0.378049
0 0.986979 0.360185 0.009375 0.037037 0.427603
0 0.602344 0.3625 0.0078125 0.0416667 0.439229
0 0.747917 0.358796 0.00833333 0.0546296 0.441718
0 0.021875 0.462963 0.0135417 0.05 0.488759
0 0.979948 0.374537 0.0078125 0.0472222 0.504606
0 0.313281 0.391204 0.0130208 0.0490741 0.58095
0 0.53724 0.412037 0.0234375 0.0740741 0.599134
0 0.904167 0.362037 0.009375 0.0592593 0.599895
0 0.188021 0.414352 0.0104167 0.0435185 0.609034
0 0.791406 0.376852 0.0119792 0.0277778 0.651232
0 0.167708 0.420833 0.0114583 0.0472222 0.67343
0 0.590104 0.384722 0.01875 0.062037 0.723284
0 0.685677 0.387963 0.0130208 0.0518519 0.745516
0 0.710677 0.386111 0.0151042 0.062963 0.777353
0 0.45026 0.397685 0.0213542 0.0916667 0.813335
32 0.641667 0.446296 0.009375 0.0166667 0.875724
0 0.239844 0.455093 0.0192708 0.0953704 0.882311
0 0.946094 0.41713 0.0338542 0.202778 0.888787
0 0.115365 0.491667 0.0265625 0.125926 0.898665
0 0.620313 0.41713 0.0302083 0.087963 0.95219
