0 0.748438 0.370833 0.009375 0.0398148 0.10183
0 0.351302 0.323148 0.00572917 0.0259259 0.107276
0 0.203906 0.427778 0.00989583 0.0425926 0.110973
0 0.507812 0.377315 0.00833333 0.0324074 0.111993
0 0.497656 0.420833 0.0182292 0.0527778 0.114984
0 0.875521 0.376389 0.00729167 0.0490741 0.119537
0 0.88099 0.373148 0.0078125 0.0537037 0.123758
32 0.0705729 0.499074 0.0046875 0.0111111 0.124403
0 0.835677 0.374537 0.00989583 0.0490741 0.131866
0 0.280729 0.408796 0.00729167 0.037963 0.148878
0 0.763542 0.370833 0.00833333 0.0435185 0.15474
0 0.610677 0.376389 0.0078125 0.037963 0.157756
0 0.198958 0.433333 0.00729167 0.0462963 0.157782
0 0.56901 0.377315 0.0119792 0.0416667 0.159926
0 0.113802 0.441204 0.00885417 0.037963 0.175734
0 0.908073 0.376389 0.0119792 0.0472222 0.177729
0 0.370313 0.393519 0.00729167 0.0351852 0.178879
0 0.152865 0.430093 0.0078125 0.0398148 0.182443
0 0.241146 0.426389 0.0104167 0.0453704 0.19385
0 0.364844 0.393981 0.00989583 0.0398148 0.194161
0 0.0489583 0.45463 0.009375 0.0407407 0.194583
0 0.785417 0.372685 0.00729167 0.0453704 0.198974
0 0.0109375 0.468056 0.00833333 0.0435185 0.200569
0 0.846094 0.373148 0.0119792 0.0555556 0.204198
0 0.0932292 0.444907 0.0125 0.0453704 0.214526
0 0.585417 0.376389 0.009375 0.0361111 0.22101
0 0.735937 0.369444 0.009375 0.0388889 0.24794
0 0.773177 0.368519 0.0119792 0.0462963 0.253615
0 0.209115 0.420833 0.0078125 0.0435185 0.256581
0 0.194271 0.434722 0.009375 0.0472222 0.26291
0 0.523438 0.388426 0.0114583 0.0361111 0.263547
0 0.185937 0.436574 0.0114583 0.0472222 0.289419
0 0.603906 0.376852 0.0119792 0.0388889 0.317922
0 0.236458 0.428241 0.00729167 0.0416667 0.346776
0 0.263542 0.422222 0.0114583 0.05 0.361323
0 0.0158854 0.469444 0.0161458 0.0462963 0.36458
0 0.639844 0.365741 0.0078125 0.0314815 0.373499
0 0.134375 0.445833 0.009375 0.0435185 0.381754
0 0.392188 0.409722 0.0114583 0.0324074 0.387168
0 0.539062 0.377315 0.0114583 0.0361111 0.388599
0 0.799219 0.371759 0.00989583 0.0453704 0.390326
0 0.813021 0.37037 0.0114583 0.0537037 0.394815
0 0.513281 0.404167 0.00885417 0.0490741 0.399802
0 0.888021 0.373148 0.009375 0.0592593 0.401987
0 0.458854 0.386574 0.0125 0.0416667 0.441341
0 0.438802 0.388426 0.00989583 0.037963 0.444816
0 0.653646 0.368056 0.00729167 0.0398148 0.502429
0 0.296615 0.46713 0.0171875 0.0990741 0.510705
0 0.71849 0.369907 0.00885417 0.0435185 0.517861
0 0.820052 0.381944 0.0151042 0.0453704 0.53329
0 0.177083 0.437037 0.0166667 0.062963 0.596019
0 0.932813 0.394907 0.0135417 0.0305556 0.666213
32 0.519792 0.469907 0.009375 0.0157407 0.768639
0 0.75599 0.409722 0.0161458 0.0805556 0.820965
0 0.734896 0.411111 0.0177083 0.0777778 0.838918
0 0.282552 0.472222 0.0421875 0.107407 0.867576
0 0.501823 0.437963 0.0255208 0.087037 0.870182
0 0.427604 0.418519 0.028125 0.112963 0.877339
0 0.0609375 0.506944 0.0239583 0.110185 0.912471
0 0.577083 0.422685 0.0322917 0.0787037 0.927816
