0 0.0234375 0.45787 0.0104167 0.0453704 0.101134
0 0.757552 0.3625 0.0109375 0.0546296 0.101179
0 0.725521 0.348148 0.009375 0.0259259 0.111078
32 0.961719 0.47037 0.00989583 0.00925926 0.120927
0 0.699479 0.362963 0.009375 0.0425926 0.129111
0 0.473177 0.381481 0.00677083 0.0296296 0.130968
36 0.444792 0.446296 0.0166667 0.0111111 0.138401
0 0.0348958 0.449537 0.00833333 0.0472222 0.138658
0 0.167448 0.340741 0.00677083 0.0333333 0.13902
0 0.0585938 0.446296 0.0078125 0.037037 0.139701
0 0.791927 0.363889 0.0078125 0.0462963 0.142232
0 0.619271 0.362963 0.00833333 0.037037 0.145409
0 0.518229 0.370833 0.00833333 0.0435185 0.148713
0 0.513542 0.371296 0.00729167 0.0444444 0.15689
0 0.785677 0.366204 0.00677083 0.0453704 0.158412
0 0.333073 0.39537 0.0109375 0.0444444 0.165317
0 0.663021 0.363426 0.00833333 0.0416667 0.16686
0 0.71224 0.362037 0.00885417 0.0425926 0.176454
0 0.816406 0.365741 0.00885417 0.0407407 0.183693
24 0.142708 0.484259 0.0135417 0.0481481 0.190855
0 0.488542 0.377778 0.00833333 0.0407407 0.204764
0 0.93099 0.377315 0.00572917 0.0287037 0.22114
0 0.326042 0.394907 0.00729167 0.0416667 0.235577
0 0.264844 0.325926 0.00572917 0.0259259 0.240905
0 0.641667 0.376852 0.00520833 0.0148148 0.244459
0 0.00208333 0.457407 0.00416667 0.0425926 0.247369
0 0.31875 0.393519 0.00729167 0.0351852 0.251412
0 0.461198 0.379167 0.0078125 0.0435185 0.257364
0 0.28724 0.4 0.0109375 0.0388889 0.27048
0 0.479688 0.377778 0.00729167 0.0407407 0.271295
0 0.183854 0.418981 0.00729167 0.0287037 0.275224
0 0.00625 0.459722 0.00729167 0.0435185 0.275285
0 0.422656 0.377315 0.00677083 0.0324074 0.301814
0 0.725 0.361111 0.0104167 0.0537037 0.304933
0 0.245052 0.413426 0.00885417 0.0546296 0.317648
0 0.23724 0.418981 0.00989583 0.0453704 0.356703
0 0.365625 0.398148 0.009375 0.0462963 0.37102
0 0.797917 0.361574 0.00833333 0.0527778 0.388585
0 0.30651 0.4 0.00885417 0.0462963 0.43777
0 0.65 0.362963 0.00833333 0.0425926 0.484742
0 0.139323 0.343981 0.00572917 0.0268519 0.485986
0 0.0419271 0.451389 0.0109375 0.0509259 0.4977
0 0.632292 0.362037 0.0104167 0.0425926 0.504433
0 0.40026 0.384259 0.00989583 0.0351852 0.506834
0 0.732552 0.369907 0.0109375 0.0472222 0.545964
0 0.0807292 0.451852 0.009375 0.0481481 0.628181
0 0.22474 0.419444 0.0119792 0.0481481 0.640655
0 0.0161458 0.468981 0.0177083 0.062037 0.67755
0 0.841406 0.37963 0.0130208 0.0296296 0.682012
0 0.0924479 0.447222 0.00989583 0.0537037 0.706489
0 0.957812 0.364815 0.0104167 0.0592593 0.711563
0 0.578906 0.381481 0.0130208 0.0425926 0.716726
32 0.53099 0.438426 0.0078125 0.0138889 0.73162
0 0.714323 0.385648 0.0140625 0.0509259 0.772184
0 0.44375 0.400926 0.0177083 0.1 0.778367
0 0.683594 0.386574 0.0130208 0.0509259 0.809779
0 0.559635 0.405093 0.0223958 0.0638889 0.824229
0 0.316927 0.436111 0.0171875 0.0796296 0.864204
0 0.538542 0.403241 0.0270833 0.0694444 0.86941
0 0.148438 0.494444 0.025 0.114815 0.889987
0 0.989062 0.427315 0.021875 0.219444 0.9112
