0 0.742448 0.359259 0.0078125 0.0481481 0.109176
0 0.769531 0.3625 0.00885417 0.0398148 0.122424
0 0.286458 0.391204 0.00833333 0.0324074 0.148703
0 0.627604 0.360648 0.00833333 0.0398148 0.157082
0 0.928385 0.349074 0.00677083 0.0203704 0.179092
0 0.215365 0.327778 0.00572917 0.0240741 0.180303
0 0.928125 0.362037 0.00729167 0.05 0.192743
0 0.370052 0.3875 0.00677083 0.0435185 0.195663
0 0.63724 0.359259 0.0119792 0.0425926 0.204022
0 0.298958 0.393056 0.009375 0.037963 0.225057
0 0.709115 0.358796 0.0109375 0.0509259 0.227789
0 0.436719 0.369907 0.00885417 0.0342593 0.230845
0 0.411979 0.382407 0.0104167 0.0407407 0.243487
0 0.878646 0.374074 0.00625 0.0277778 0.24605
0 0.66276 0.359722 0.00885417 0.0416667 0.250722
0 0.364062 0.387963 0.0125 0.0462963 0.263663
0 0.676302 0.35787 0.00989583 0.0490741 0.273794
0 0.980208 0.371759 0.009375 0.0509259 0.306689
0 0.766667 0.360185 0.0104167 0.0462963 0.310695
0 0.421094 0.375463 0.00989583 0.0435185 0.315828
0 0.0864583 0.349537 0.00625 0.0268519 0.34068
0 0.347656 0.387963 0.0109375 0.0462963 0.369453
0 0.747656 0.358333 0.0078125 0.0537037 0.382615
0 0.332812 0.386111 0.009375 0.0333333 0.42293
0 0.400781 0.383333 0.00989583 0.0425926 0.434212
0 0.689844 0.370833 0.00885417 0.0435185 0.474872
0 0.148438 0.427315 0.0104167 0.0509259 0.475875
0 0.585156 0.360648 0.00989583 0.0398148 0.502465
0 0.544531 0.37963 0.00885417 0.0444444 0.536446
0 0.177344 0.41713 0.00885417 0.0435185 0.557764
0 0.791146 0.376389 0.0114583 0.0287037 0.637312
0 0.607813 0.381944 0.0114583 0.062037 0.669801
0 0.0169271 0.462963 0.0140625 0.0537037 0.71135
0 0.558594 0.3875 0.0182292 0.0472222 0.733089
0 0.903125 0.360185 0.0114583 0.0574074 0.741142
32 0.692969 0.4375 0.00885417 0.0157407 0.812721
0 0.701302 0.393981 0.0171875 0.0472222 0.824988
0 0.466406 0.392593 0.0182292 0.0962963 0.851478
0 0.721354 0.393056 0.025 0.0564815 0.8832
0 0.946615 0.41713 0.0307292 0.20463 0.892277
0 0.66849 0.406481 0.0255208 0.087037 0.896826
0 0.583333 0.408796 0.0322917 0.0842593 0.901597
0 0.235938 0.459259 0.0208333 0.103704 0.904092
0 0.127604 0.486574 0.0291667 0.121296 0.908819
