0 0.00755208 0.432407 0.00572917 0.0203704 0.118525
0 0.448698 0.386111 0.0078125 0.0314815 0.120635
0 0.913021 0.378241 0.00833333 0.0509259 0.120703
0 0.25651 0.423611 0.0130208 0.0453704 0.122987
0 0.120052 0.435648 0.0078125 0.0416667 0.126695
0 0.868229 0.377778 0.00833333 0.0481481 0.129627
0 0.00390625 0.455093 0.0078125 0.0212963 0.130477
0 0.0773437 0.443056 0.00885417 0.0342593 0.134209
0 0.258594 0.336111 0.00677083 0.0240741 0.137155
0 0.784896 0.373611 0.00729167 0.037963 0.138302
0 0.907031 0.37963 0.0078125 0.05 0.144465
0 0.645052 0.376852 0.00677083 0.0388889 0.150255
0 0.194531 0.426389 0.00989583 0.0361111 0.159817
0 0.411979 0.412963 0.0114583 0.0240741 0.163137
0 0.766927 0.369444 0.00885417 0.0333333 0.174452
0 0.495833 0.386111 0.00833333 0.0407407 0.178322
0 0.79375 0.373611 0.00833333 0.0453704 0.184781
0 0.748177 0.368981 0.00885417 0.0361111 0.184958
0 0.252604 0.40463 0.00729167 0.0240741 0.18771
0 0.814583 0.378241 0.009375 0.0398148 0.190168
0 0.940885 0.380556 0.0140625 0.0481481 0.205929
0 0.260938 0.425 0.009375 0.0425926 0.206947
0 0.120573 0.426389 0.00677083 0.0212963 0.215951
32 0.765885 0.452778 0.00989583 0.0111111 0.21827
0 0.829948 0.375 0.00885417 0.0462963 0.239779
0 0.180729 0.426389 0.00729167 0.037963 0.24841
0 0.641146 0.375926 0.009375 0.0407407 0.269083
0 0.691406 0.368519 0.00885417 0.0407407 0.273059
0 0.230208 0.430556 0.0114583 0.0518519 0.282162
0 0.674219 0.366204 0.00677083 0.0305556 0.282877
0 0.457031 0.387037 0.0078125 0.0333333 0.298643
0 0.15 0.435648 0.0104167 0.037963 0.316589
0 0.57474 0.380093 0.00885417 0.0324074 0.319164
0 0.0197917 0.477315 0.009375 0.0268519 0.337167
0 0.216146 0.431944 0.0135417 0.0564815 0.348158
0 0.919792 0.376389 0.009375 0.0583333 0.353996
0 0.878125 0.376389 0.0114583 0.0583333 0.356453
0 0.803646 0.371759 0.0125 0.0472222 0.360629
0 0.186719 0.426389 0.00885417 0.037963 0.397584
0 0.503906 0.415741 0.00989583 0.0592593 0.407629
0 0.84349 0.373148 0.0109375 0.0537037 0.416701
0 0.551042 0.38287 0.00729167 0.037963 0.438983
0 0.397396 0.4 0.009375 0.0555556 0.439804
0 0.283333 0.42037 0.0104167 0.0481481 0.487833
0 0.539844 0.388426 0.0119792 0.037963 0.500434
0 0.850781 0.383796 0.0151042 0.0490741 0.516474
0 0.965625 0.399074 0.0145833 0.0314815 0.536678
0 0.51276 0.405556 0.0119792 0.0444444 0.545699
0 0.476042 0.386111 0.0104167 0.037037 0.559911
0 0.133854 0.438426 0.0114583 0.0435185 0.568451
0 0.172396 0.438889 0.009375 0.0407407 0.589044
0 0.0947917 0.447222 0.0114583 0.0444444 0.621995
0 0.252865 0.473611 0.0286458 0.0935185 0.721854
0 0.236198 0.480093 0.0265625 0.0990741 0.770322
0 0.333854 0.406944 0.0145833 0.0453704 0.78821
0 0.763802 0.413889 0.0203125 0.0851852 0.837214
32 0.509635 0.479167 0.00989583 0.0175926 0.860846
0 0.607552 0.41713 0.0203125 0.0861111 0.86126
0 0.749219 0.416204 0.0192708 0.0805556 0.863678
0 0.491927 0.441204 0.0265625 0.100926 0.898108
0 0.434635 0.419907 0.0317708 0.112037 0.901247
0 0.0575521 0.506944 0.0213542 0.106481 0.938129
