0 0.434375 0.375463 0.00833333 0.0342593 0.108912
0 0.46901 0.37963 0.00885417 0.0425926 0.11562
0 0.775 0.36713 0.00833333 0.0453704 0.130032
0 0.653125 0.364815 0.00729167 0.037037 0.139932
0 0.528906 0.394444 0.00989583 0.0407407 0.155327
0 0.157031 0.34213 0.0078125 0.0361111 0.158256
0 0.738802 0.366204 0.00885417 0.0490741 0.161536
0 0.690625 0.365741 0.00833333 0.0388889 0.173126
0 0.332812 0.397222 0.009375 0.0481481 0.173771
0 0.327344 0.399074 0.00989583 0.05 0.176137
0 0.0239583 0.481944 0.0114583 0.0305556 0.178245
0 0.320052 0.391204 0.00885417 0.0342593 0.187153
0 0.00286458 0.469907 0.00572917 0.0398148 0.187408
0 0.25599 0.403704 0.0078125 0.037037 0.198966
0 0.782031 0.363426 0.0078125 0.0490741 0.204463
0 0.427083 0.377315 0.00625 0.0305556 0.210608
0 0.275521 0.397222 0.00833333 0.0333333 0.216104
0 0.747917 0.364352 0.0104167 0.0527778 0.219167
0 0.128646 0.344444 0.00625 0.0259259 0.220991
32 0.526042 0.446759 0.009375 0.0138889 0.234982
0 0.632292 0.378704 0.00625 0.0166667 0.26408
0 0.138542 0.428241 0.00625 0.0287037 0.291399
0 0.338542 0.401852 0.009375 0.0407407 0.295228
0 0.805208 0.366667 0.00833333 0.0425926 0.305491
0 0.715625 0.362037 0.0104167 0.05 0.356685
0 0.296875 0.397685 0.00833333 0.0398148 0.358504
0 0.0494792 0.444444 0.00729167 0.0462963 0.370972
0 0.451042 0.380093 0.0114583 0.0472222 0.407073
0 0.0820312 0.448148 0.0140625 0.0555556 0.409286
0 0.702344 0.363426 0.00885417 0.0435185 0.448078
0 0.0609375 0.443519 0.00833333 0.0407407 0.46475
0 0.78776 0.3625 0.0078125 0.0527778 0.485665
0 0.193229 0.425 0.009375 0.0481481 0.50585
0 0.540885 0.388426 0.0130208 0.0472222 0.52056
0 0.201302 0.422222 0.0130208 0.0537037 0.541208
0 0.0236979 0.463426 0.0130208 0.0694444 0.541218
0 0.640625 0.364815 0.00833333 0.0407407 0.548435
0 0.0729167 0.451852 0.00833333 0.0518519 0.56729
0 0.623958 0.364815 0.009375 0.0407407 0.610643
0 0.72526 0.390741 0.0182292 0.0611111 0.668788
0 0.213542 0.421759 0.0114583 0.0472222 0.681788
0 0.83125 0.380556 0.0125 0.0296296 0.731134
0 0.946615 0.366667 0.0109375 0.0648148 0.762639
0 0.678125 0.391667 0.0177083 0.0574074 0.854032
0 0.55625 0.418056 0.0260417 0.0805556 0.869577
0 0.522656 0.418056 0.0192708 0.0861111 0.871786
0 0.307031 0.441204 0.0140625 0.0898148 0.878256
0 0.411458 0.405093 0.015625 0.106481 0.883242
0 0.486979 0.421296 0.0302083 0.0833333 0.897747
0 0.982813 0.427778 0.0322917 0.218519 0.918619
0 0.132552 0.494907 0.0307292 0.123148 0.922993
