0 0.34375 0.402315 0.0104167 0.025 0.100293
0 0.617708 0.362037 0.00729167 0.037037 0.106155
0 0.876562 0.373148 0.00625 0.0259259 0.111923
35 0.128125 0.493519 0.00729167 0.0166667 0.113217
0 0.591406 0.375463 0.00677083 0.0157407 0.126645
0 0.575 0.362037 0.00729167 0.0388889 0.131876
0 0.823958 0.35787 0.009375 0.0453704 0.142343
0 0.208854 0.407407 0.00833333 0.037037 0.144853
0 0.660937 0.360185 0.00833333 0.0425926 0.145816
0 0.348958 0.390278 0.0104167 0.0453704 0.150939
0 0.33099 0.390278 0.00989583 0.0453704 0.153688
0 0.21276 0.328241 0.00572917 0.025 0.1577
0 0.915625 0.349074 0.00729167 0.0222222 0.179611
0 0.672917 0.356481 0.0125 0.0462963 0.183912
0 0.358594 0.390741 0.00989583 0.0425926 0.184628
0 0.611979 0.362037 0.00729167 0.0388889 0.207977
0 0.216927 0.40787 0.00885417 0.0398148 0.221895
0 0.417188 0.378241 0.00729167 0.0416667 0.229809
0 0.32474 0.386574 0.00677083 0.037963 0.23232
0 0.696615 0.367593 0.00885417 0.0425926 0.241463
0 0.245312 0.406944 0.0135417 0.0546296 0.242788
0 0.23125 0.406019 0.00833333 0.0398148 0.246655
0 0.403385 0.380556 0.0119792 0.0444444 0.24689
0 0.315365 0.388426 0.00885417 0.0342593 0.254245
0 0.635677 0.358796 0.0130208 0.0435185 0.259969
0 0.70625 0.360185 0.0114583 0.0518519 0.263413
0 0.380208 0.384722 0.00625 0.0435185 0.270688
0 0.282813 0.394444 0.00729167 0.037037 0.274178
0 0.3875 0.385185 0.009375 0.0425926 0.28665
0 0.986719 0.352315 0.00677083 0.0194444 0.296359
0 0.423698 0.376389 0.00885417 0.0435185 0.32595
0 0.257552 0.408333 0.00989583 0.0444444 0.387712
0 0.0841146 0.348611 0.00677083 0.0287037 0.401645
0 0.689844 0.368981 0.00885417 0.0398148 0.412965
0 0.745313 0.35787 0.00833333 0.0527778 0.414605
0 0.6 0.362963 0.00833333 0.0425926 0.446571
0 0.582552 0.361574 0.00989583 0.0416667 0.478035
0 0.541927 0.378704 0.0078125 0.0444444 0.513757
0 0.111458 0.436574 0.00833333 0.0546296 0.541676
0 0.788802 0.376389 0.0119792 0.0287037 0.584072
0 0.977865 0.375463 0.00885417 0.0416667 0.592887
0 0.900781 0.361111 0.0109375 0.0592593 0.653383
0 0.00911458 0.463426 0.0119792 0.0546296 0.667907
0 0.62526 0.378241 0.0119792 0.0583333 0.675789
0 0.567187 0.383333 0.009375 0.0462963 0.689381
0 0.157292 0.421759 0.0135417 0.0435185 0.727819
32 0.776042 0.40463 0.00625 0.0111111 0.745716
0 0.729427 0.397685 0.0234375 0.0842593 0.790623
0 0.76224 0.377315 0.0192708 0.075 0.801012
0 0.678646 0.396296 0.025 0.0777778 0.838285
0 0.132031 0.484722 0.0234375 0.123148 0.846017
0 0.271354 0.4625 0.01875 0.113889 0.862098
0 0.495313 0.386111 0.0145833 0.0944444 0.862175
0 0.944531 0.415741 0.0307292 0.203704 0.891717
