0 0.510417 0.366204 0.00625 0.0324074 0.105368
0 0.778385 0.363889 0.00885417 0.0388889 0.108953
0 0.634635 0.362963 0.0078125 0.0425926 0.112004
0 0.621094 0.3625 0.00677083 0.037963 0.119249
0 0.342187 0.39213 0.0104167 0.0527778 0.11945
0 0.285677 0.394907 0.00989583 0.0287037 0.128449
0 0.442708 0.371759 0.0114583 0.0416667 0.13001
0 0.293229 0.390741 0.009375 0.0314815 0.14282
0 0.670313 0.359722 0.009375 0.0398148 0.146076
0 0.741146 0.363426 0.00729167 0.0416667 0.156143
38 0.940885 0.408333 0.0130208 0.0222222 0.16313
0 0.533333 0.369444 0.00729167 0.0333333 0.169983
0 0.369531 0.385648 0.0119792 0.0453704 0.170566
0 0.353646 0.383796 0.00833333 0.0305556 0.173795
0 0.523177 0.391204 0.0109375 0.0435185 0.177843
0 0.658333 0.364352 0.009375 0.0416667 0.189314
0 0.427604 0.380093 0.009375 0.0453704 0.191799
0 0.45625 0.368519 0.00729167 0.0333333 0.221236
0 0.644271 0.360185 0.0125 0.0444444 0.22215
0 0.852865 0.361111 0.0119792 0.0462963 0.234968
0 0.885938 0.374537 0.00625 0.0287037 0.246582
0 0.417188 0.381481 0.0104167 0.0407407 0.254133
0 0.4875 0.37037 0.00833333 0.0388889 0.267834
0 0.328125 0.391204 0.009375 0.0398148 0.285485
0 0.772917 0.363889 0.009375 0.0407407 0.285578
0 0.25599 0.396759 0.00885417 0.0342593 0.292211
0 0.391927 0.385185 0.0078125 0.0425926 0.304745
0 0.271094 0.397222 0.00677083 0.0407407 0.33467
0 0.754427 0.358796 0.00885417 0.0527778 0.345235
0 0.608333 0.362963 0.0104167 0.0425926 0.346764
0 0.383854 0.386574 0.0114583 0.0453704 0.34714
0 0.564844 0.384259 0.0109375 0.0537037 0.357516
0 0.222396 0.328241 0.00520833 0.025 0.359403
0 0.0940104 0.347222 0.00572917 0.0277778 0.398095
0 0.683333 0.35787 0.0104167 0.0490741 0.518501
0 0.234635 0.413889 0.0119792 0.0481481 0.573072
0 0.0302083 0.459259 0.00833333 0.05 0.574605
0 0.21901 0.415741 0.00989583 0.05 0.581575
0 0.591667 0.3625 0.009375 0.0416667 0.59282
0 0.695833 0.372222 0.0104167 0.0444444 0.600225
0 0.797917 0.377315 0.0125 0.0287037 0.604904
0 0.9875 0.378704 0.009375 0.0444444 0.612428
0 0.0361979 0.458333 0.0119792 0.05 0.643622
0 0.548177 0.380556 0.00989583 0.0425926 0.655028
0 0.20651 0.410185 0.0119792 0.0425926 0.670706
0 0.195312 0.418981 0.0125 0.0509259 0.700057
0 0.910937 0.361111 0.0114583 0.0574074 0.757282
0 0.71224 0.385185 0.0151042 0.0574074 0.758584
0 0.675521 0.386111 0.015625 0.0425926 0.763896
0 0.441146 0.4 0.025 0.0925926 0.793753
0 0.51276 0.408333 0.0192708 0.0740741 0.838981
0 0.955469 0.420833 0.0286458 0.208333 0.872747
32 0.582552 0.452778 0.00885417 0.0166667 0.877196
0 0.257812 0.446296 0.0166667 0.0888889 0.881877
0 0.566406 0.418981 0.0255208 0.0990741 0.892446
0 0.101042 0.494444 0.0239583 0.124074 0.893955
