13 0.541927 0.356944 0.0442708 0.0212963 0.100019
0 0.332552 0.392593 0.00885417 0.0407407 0.10185
0 0.785937 0.366667 0.00833333 0.0481481 0.102335
0 0.336458 0.388426 0.009375 0.0324074 0.109251
0 0.792708 0.364352 0.00833333 0.0472222 0.118
0 0.68776 0.349074 0.0109375 0.0203704 0.134403
0 0.758854 0.363426 0.0125 0.0527778 0.139029
0 0.702083 0.364352 0.00833333 0.0398148 0.139273
0 0.664062 0.363426 0.00729167 0.037963 0.142636
0 0.0111979 0.448148 0.00677083 0.0259259 0.150929
0 0.16849 0.339352 0.0078125 0.0342593 0.160832
0 0.519792 0.368056 0.00833333 0.0361111 0.16775
0 0.817708 0.365741 0.009375 0.0407407 0.172453
0 0.00494792 0.454167 0.00885417 0.0342593 0.175287
0 0.265885 0.325926 0.00572917 0.0259259 0.183007
0 0.0242187 0.45787 0.0109375 0.0453704 0.218207
0 0.473437 0.381019 0.00729167 0.037963 0.222328
0 0.059375 0.44537 0.00729167 0.0388889 0.230965
0 0.514063 0.369444 0.00833333 0.0388889 0.241305
0 0.326302 0.394907 0.00677083 0.0398148 0.242349
0 0.713281 0.362037 0.00989583 0.0407407 0.255181
0 0.319271 0.393519 0.00729167 0.0351852 0.25817
0 0.642708 0.377315 0.00520833 0.0157407 0.268313
0 0.626823 0.359722 0.00572917 0.0305556 0.271164
0 0.286719 0.401389 0.00885417 0.0453704 0.288368
0 0.432031 0.378241 0.0078125 0.0453704 0.295486
0 0.932813 0.377315 0.00625 0.0268519 0.305909
0 0.489062 0.377315 0.009375 0.0398148 0.30615
0 0.617188 0.363889 0.009375 0.037037 0.307298
0 0.422135 0.377778 0.0078125 0.0314815 0.323579
0 0.479948 0.378704 0.00885417 0.0407407 0.331928
0 0.799479 0.361111 0.00833333 0.0537037 0.349613
0 0.726042 0.358796 0.0104167 0.0490741 0.381129
0 0.367448 0.397685 0.00989583 0.0435185 0.426871
0 0.461458 0.379167 0.00833333 0.0416667 0.430157
0 0.140104 0.343056 0.00625 0.0268519 0.432532
0 0.25026 0.405556 0.0078125 0.0407407 0.434657
0 0.0138021 0.468981 0.0161458 0.0601852 0.452642
0 0.651302 0.363426 0.00885417 0.0416667 0.45465
0 0.400781 0.384722 0.00989583 0.0361111 0.459757
0 0.305729 0.400463 0.0114583 0.0472222 0.520688
0 0.734635 0.369907 0.0119792 0.0472222 0.565778
0 0.634375 0.3625 0.00833333 0.0435185 0.577428
0 0.842969 0.37963 0.0130208 0.0296296 0.588929
0 0.241667 0.41713 0.0114583 0.0472222 0.608421
0 0.0395833 0.453241 0.0145833 0.0527778 0.634646
0 0.0820312 0.452315 0.00989583 0.0490741 0.671003
0 0.227865 0.419444 0.00989583 0.0481481 0.711172
0 0.0934896 0.447685 0.0109375 0.0509259 0.71296
32 0.532031 0.437963 0.0078125 0.012963 0.734311
0 0.717708 0.385648 0.015625 0.0509259 0.736012
0 0.58151 0.381481 0.0119792 0.0425926 0.750134
0 0.445573 0.400463 0.0192708 0.0990741 0.757189
0 0.959115 0.364815 0.0109375 0.0592593 0.769428
0 0.684115 0.383333 0.0151042 0.0518519 0.794798
0 0.320312 0.435185 0.0135417 0.0814815 0.842944
0 0.561198 0.406481 0.0234375 0.062963 0.845902
0 0.539583 0.403241 0.0208333 0.0694444 0.847805
0 0.15 0.493519 0.025 0.112963 0.897525
0 0.989583 0.428241 0.0208333 0.221296 0.905876
