0 0.669271 0.362963 0.00729167 0.0388889 0.101174
0 0.910156 0.365278 0.00989583 0.0453704 0.104105
0 0.267188 0.325463 0.00520833 0.025 0.113437
0 0.689583 0.350463 0.0104167 0.0212963 0.118968
0 0.508333 0.369907 0.009375 0.0398148 0.129668
0 0.596354 0.365278 0.00833333 0.0361111 0.144809
0 0.664583 0.362963 0.00729167 0.0388889 0.162384
0 0.0208333 0.456019 0.009375 0.0453704 0.167418
0 0.64349 0.377315 0.00572917 0.0157407 0.170264
0 0.514583 0.368981 0.00729167 0.0398148 0.173468
0 0.611198 0.360648 0.00885417 0.0287037 0.175876
0 0.33776 0.388426 0.00885417 0.0287037 0.181409
0 0.701563 0.363889 0.009375 0.0425926 0.18794
0 0.485677 0.377778 0.00885417 0.0407407 0.189356
0 0.319792 0.396759 0.00729167 0.0398148 0.190933
0 0.933594 0.378241 0.00677083 0.0287037 0.21997
0 0.169792 0.340741 0.00729167 0.0333333 0.221775
0 0.441406 0.381481 0.0109375 0.0462963 0.231124
0 0.73724 0.368981 0.00989583 0.0416667 0.242146
0 0.476823 0.378241 0.0078125 0.0416667 0.260376
36 0.45599 0.44537 0.0151042 0.00740741 0.273387
0 0.0369792 0.448148 0.00729167 0.0407407 0.284652
0 0.314844 0.394907 0.00677083 0.0361111 0.290421
0 0.372396 0.395833 0.00833333 0.0435185 0.301684
36 0.15026 0.541667 0.0265625 0.012963 0.307772
0 0.0255208 0.45787 0.0145833 0.0472222 0.310038
0 0.81849 0.365278 0.0109375 0.0435185 0.323005
0 0.727344 0.359722 0.0109375 0.0490741 0.330045
0 0.236979 0.417593 0.009375 0.0444444 0.33125
0 0.714323 0.362963 0.00989583 0.0444444 0.360231
0 0.207552 0.414352 0.0078125 0.0287037 0.362177
0 0.141406 0.342593 0.00572917 0.0277778 0.378772
0 0.394792 0.385185 0.009375 0.037037 0.383322
0 0.417188 0.378704 0.00625 0.0314815 0.396071
0 0.799479 0.361111 0.00833333 0.0555556 0.407608
0 0.0580729 0.446759 0.00989583 0.037963 0.439944
0 0.538542 0.403241 0.0125 0.0694444 0.454376
0 0.276823 0.401389 0.00677083 0.0398148 0.476331
0 0.0914062 0.450463 0.0109375 0.0472222 0.483338
0 0.267448 0.401852 0.0078125 0.0388889 0.505701
0 0.0841146 0.45 0.00885417 0.05 0.510562
0 0.652083 0.363889 0.00833333 0.0407407 0.511131
32 0.533073 0.438426 0.0078125 0.012037 0.525076
0 0.253385 0.415741 0.0109375 0.0481481 0.55013
0 0.84401 0.380556 0.0130208 0.0296296 0.579468
0 0.291146 0.405556 0.0177083 0.0537037 0.621472
0 0.635156 0.362963 0.00885417 0.0425926 0.642267
0 0.584375 0.383333 0.009375 0.0407407 0.653682
0 0.00729167 0.469907 0.0145833 0.0601852 0.697885
0 0.547656 0.403241 0.0213542 0.0675926 0.7168
0 0.733333 0.386111 0.021875 0.05 0.748774
0 0.686719 0.381481 0.0130208 0.05 0.761715
0 0.453125 0.397685 0.0135417 0.0953704 0.762632
0 0.959896 0.366667 0.0114583 0.062963 0.786307
0 0.329948 0.437037 0.0244792 0.0777778 0.825244
0 0.566406 0.396296 0.0192708 0.0703704 0.877816
0 0.147396 0.488426 0.025 0.115741 0.883587
0 0.990104 0.428241 0.0197917 0.219444 0.905313
