0 0.138021 0.343519 0.00625 0.0259259 0.111606
0 0.263802 0.326389 0.00572917 0.025 0.115217
0 0.284115 0.398148 0.0078125 0.0351852 0.132784
0 0.790365 0.36713 0.0078125 0.0472222 0.135148
0 0.685156 0.360648 0.0109375 0.037963 0.135153
0 0.676823 0.365278 0.00677083 0.0398148 0.138106
36 0.416927 0.455093 0.0151042 0.0101852 0.148636
0 0.75625 0.365278 0.0114583 0.0546296 0.152039
0 0.508854 0.373148 0.0114583 0.0444444 0.157552
0 0.266667 0.403241 0.009375 0.037963 0.191487
0 0.42526 0.381481 0.0078125 0.0351852 0.19183
0 0.526302 0.385648 0.0130208 0.037963 0.194731
0 0.485417 0.37963 0.0104167 0.0425926 0.196635
0 0.352083 0.394907 0.00833333 0.0435185 0.209696
0 0.640365 0.380093 0.00677083 0.0157407 0.21142
0 0.316927 0.39537 0.00677083 0.0407407 0.232504
0 0.536719 0.368056 0.0109375 0.0453704 0.241475
0 0.188542 0.428241 0.0114583 0.0472222 0.266625
0 0.784115 0.368981 0.0078125 0.0453704 0.269977
0 0.466667 0.379167 0.0104167 0.0453704 0.273815
0 0.814844 0.367593 0.00885417 0.0425926 0.278594
0 0.496875 0.376852 0.0104167 0.0407407 0.285175
0 0.710156 0.364815 0.00989583 0.0444444 0.32535
0 0.347917 0.394444 0.00729167 0.0425926 0.32835
0 0.928385 0.368981 0.00885417 0.0490741 0.332619
0 0.128385 0.431944 0.0078125 0.0324074 0.339065
0 0.185417 0.419907 0.009375 0.0416667 0.355481
0 0.0919271 0.449537 0.00989583 0.0490741 0.374126
0 0.365885 0.393981 0.0130208 0.0453704 0.380492
0 0.084375 0.45 0.0104167 0.05 0.383846
0 0.796094 0.365278 0.00885417 0.0546296 0.418244
0 0.648698 0.366204 0.0078125 0.0435185 0.426867
0 0.0708333 0.441667 0.0114583 0.0462963 0.428223
0 0.736458 0.375463 0.00833333 0.0416667 0.436437
0 0.335156 0.4 0.0109375 0.0518519 0.440085
0 0.11224 0.436574 0.0119792 0.0509259 0.483109
0 0.195573 0.430093 0.0140625 0.0435185 0.49636
32 0.534115 0.4625 0.00989583 0.0175926 0.510091
0 0.0466146 0.459259 0.0140625 0.0648148 0.552999
0 0.0177083 0.464352 0.0104167 0.0472222 0.589786
0 0.633333 0.365741 0.00833333 0.0407407 0.649957
0 0.210677 0.424074 0.0119792 0.05 0.691248
0 0.839844 0.38287 0.0119792 0.0287037 0.71343
0 0.728646 0.391667 0.0177083 0.0703704 0.787323
0 0.95599 0.368981 0.00989583 0.0638889 0.793638
0 0.457292 0.431944 0.0197917 0.0935185 0.815525
0 0.414062 0.407407 0.0197917 0.107407 0.847024
0 0.322396 0.44213 0.0197917 0.0861111 0.871251
0 0.536458 0.434259 0.0375 0.0833333 0.872653
0 0.685417 0.397222 0.0135417 0.0555556 0.874444
0 0.988281 0.431019 0.0234375 0.219444 0.887472
0 0.109375 0.496759 0.0291667 0.125 0.903152
0 0.590625 0.421296 0.0354167 0.0962963 0.939436
