0 0.584896 0.375926 0.00625 0.0148148 0.10481
0 0.345052 0.391204 0.00885417 0.0435185 0.105242
0 0.566667 0.350926 0.00520833 0.0259259 0.108666
0 0.975 0.35787 0.00729167 0.0342593 0.110257
36 0.496875 0.423148 0.00833333 0.0185185 0.110303
0 0.277604 0.3875 0.009375 0.0231481 0.116287
0 0.10651 0.344444 0.00677083 0.0388889 0.117791
0 0.340104 0.391204 0.009375 0.0472222 0.134716
0 0.61901 0.361111 0.00677083 0.0407407 0.147238
0 0.605729 0.362963 0.00833333 0.0407407 0.154858
0 0.26875 0.401852 0.00729167 0.0407407 0.183637
0 0.679688 0.363426 0.00833333 0.0453704 0.189331
0 0.75625 0.361574 0.0104167 0.0416667 0.191097
0 0.20625 0.329167 0.00625 0.025 0.214355
0 0.655469 0.360648 0.0109375 0.0453704 0.224167
0 0.333854 0.391667 0.0104167 0.05 0.233453
0 0.86901 0.362963 0.00885417 0.0481481 0.2486
0 0.685417 0.368981 0.00833333 0.0398148 0.28354
0 0.738021 0.358333 0.009375 0.0518519 0.318911
0 0.354688 0.389815 0.0114583 0.0444444 0.322473
0 0.903125 0.348611 0.00625 0.0175926 0.335385
0 0.222656 0.408796 0.00989583 0.0453704 0.362269
0 0.782292 0.375926 0.0125 0.0296296 0.385474
0 0.667708 0.358333 0.0104167 0.05 0.401414
0 0.4125 0.372222 0.00729167 0.0351852 0.418977
0 0.970312 0.374537 0.0104167 0.0453704 0.458749
0 0.37526 0.386111 0.00885417 0.0444444 0.504984
0 0.59375 0.362963 0.00833333 0.0444444 0.510419
0 0.303125 0.391204 0.00833333 0.0342593 0.516069
0 0.576302 0.3625 0.00885417 0.0416667 0.530527
0 0.00338542 0.462963 0.00677083 0.0574074 0.541899
0 0.392188 0.384722 0.0114583 0.0453704 0.546349
0 0.89375 0.361574 0.0104167 0.0601852 0.582459
0 0.0770833 0.349074 0.00625 0.0277778 0.60171
0 0.0898438 0.441667 0.0130208 0.0518519 0.611154
0 0.257552 0.407407 0.0109375 0.0481481 0.641065
0 0.203385 0.411574 0.0109375 0.0490741 0.651336
0 0.766667 0.381019 0.0166667 0.062037 0.66286
0 0.627865 0.378241 0.0140625 0.0546296 0.683307
0 0.244792 0.412037 0.0114583 0.0462963 0.693121
0 0.56224 0.384722 0.0119792 0.0435185 0.702863
0 0.539323 0.380556 0.0109375 0.0425926 0.703367
0 0.140885 0.423611 0.0119792 0.0435185 0.75277
0 0.728646 0.389352 0.0135417 0.0601852 0.754484
32 0.801302 0.399537 0.00572917 0.012037 0.782529
0 0.697396 0.393519 0.0145833 0.0722222 0.815567
0 0.500521 0.385648 0.0145833 0.0916667 0.838126
0 0.127083 0.485185 0.0239583 0.125926 0.863594
0 0.750521 0.401852 0.0260417 0.0685185 0.869737
0 0.938021 0.415741 0.0322917 0.201852 0.894426
0 0.285156 0.459259 0.0286458 0.12037 0.922246
