0 0.520052 0.366667 0.0078125 0.0388889 0.101204
0 0.254687 0.327315 0.00625 0.025 0.105983
0 0.738542 0.365741 0.00833333 0.0481481 0.106752
0 0.667969 0.363426 0.00677083 0.0416667 0.122334
0 0.33151 0.398148 0.0109375 0.0462963 0.126786
0 0.676302 0.358796 0.0119792 0.0398148 0.126959
0 0.542188 0.380093 0.0135417 0.0324074 0.136624
0 0.19375 0.424074 0.00833333 0.0462963 0.153416
0 0.467969 0.378704 0.0078125 0.0407407 0.153611
0 0.434375 0.378241 0.009375 0.0398148 0.159976
0 0.529167 0.39537 0.009375 0.0481481 0.176074
0 0.632031 0.378704 0.00572917 0.0166667 0.183012
0 0.327083 0.399074 0.009375 0.05 0.185523
0 0.00286458 0.47037 0.00572917 0.0407407 0.199699
0 0.319531 0.393056 0.00989583 0.0361111 0.200112
0 0.690104 0.365278 0.00833333 0.0398148 0.201616
0 0.275521 0.397222 0.00833333 0.0333333 0.20234
0 0.426562 0.377778 0.00625 0.0314815 0.205774
0 0.0223958 0.465741 0.0125 0.0648148 0.207118
0 0.747396 0.363889 0.0104167 0.0537037 0.226565
0 0.128646 0.343981 0.00625 0.0268519 0.238406
0 0.652865 0.364815 0.0078125 0.037037 0.24264
0 0.479948 0.375463 0.0109375 0.0453704 0.251771
0 0.0221354 0.482407 0.0119792 0.0314815 0.304541
0 0.715625 0.3625 0.0104167 0.0509259 0.338081
0 0.339063 0.400926 0.0114583 0.0444444 0.36321
0 0.805208 0.366204 0.009375 0.0435185 0.371951
0 0.296354 0.397685 0.00729167 0.0398148 0.386396
0 0.450781 0.380093 0.0109375 0.0472222 0.40557
0 0.0486979 0.442593 0.00677083 0.0407407 0.426876
0 0.702083 0.363889 0.009375 0.0444444 0.431976
0 0.0825521 0.450926 0.0109375 0.0481481 0.454181
0 0.7875 0.3625 0.00833333 0.0527778 0.479651
0 0.0604167 0.443519 0.00833333 0.0407407 0.480035
0 0.640625 0.364815 0.00833333 0.0407407 0.542483
0 0.0726563 0.451852 0.00885417 0.0518519 0.572384
0 0.623438 0.363889 0.009375 0.0425926 0.628528
0 0.2 0.421296 0.015625 0.0537037 0.67559
0 0.214062 0.421296 0.0125 0.0481481 0.686072
0 0.83151 0.380093 0.0119792 0.0287037 0.695343
0 0.724219 0.393056 0.0203125 0.0583333 0.763762
0 0.946094 0.366667 0.0109375 0.0648148 0.790819
0 0.548958 0.418056 0.0239583 0.0805556 0.80842
0 0.677604 0.39213 0.0166667 0.0583333 0.852421
0 0.522917 0.417593 0.01875 0.087037 0.867566
0 0.30651 0.441204 0.0140625 0.0898148 0.895806
0 0.410937 0.405093 0.0166667 0.106481 0.898066
0 0.48776 0.420833 0.0338542 0.0842593 0.910046
0 0.132031 0.495833 0.0307292 0.123148 0.913455
0 0.982292 0.427778 0.0322917 0.218519 0.920222
