0 0.00859375 0.420833 0.0078125 0.0138889 0.106936
0 0.345313 0.434259 0.0135417 0.0518519 0.107141
13 0.0182292 0.451852 0.0364583 0.0555556 0.11125
0 0.74401 0.371296 0.0078125 0.0407407 0.115676
0 0.722917 0.384259 0.00625 0.0166667 0.119257
0 0.546094 0.380556 0.0078125 0.0425926 0.126506
0 0.347396 0.323611 0.00520833 0.025 0.1318
0 0.225 0.337963 0.00625 0.0259259 0.14513
0 0.552604 0.378704 0.009375 0.0462963 0.153459
0 0.528385 0.381481 0.00989583 0.0333333 0.163638
14 0.994531 0.218981 0.0109375 0.0138889 0.167173
0 0.604948 0.376852 0.0078125 0.0388889 0.197826
0 0.102604 0.443056 0.0114583 0.0361111 0.201038
0 0.779948 0.371296 0.00989583 0.0481481 0.210578
0 0.579948 0.376852 0.00989583 0.0388889 0.212188
0 0.871615 0.376852 0.0078125 0.0462963 0.214929
0 0.421875 0.388889 0.009375 0.0351852 0.220734
0 0.76849 0.366204 0.0130208 0.0416667 0.229363
0 0.145833 0.430556 0.00729167 0.0351852 0.242852
0 0.173958 0.431944 0.009375 0.0435185 0.258422
0 0.832552 0.373611 0.0078125 0.0509259 0.263892
0 0.56276 0.379167 0.0109375 0.0453704 0.273739
0 0.903646 0.377315 0.0104167 0.0453704 0.291444
0 0.345313 0.45787 0.015625 0.0990741 0.299873
0 0.632812 0.366667 0.00729167 0.0314815 0.302615
0 0.795573 0.372222 0.00989583 0.0462963 0.325559
0 0.396094 0.404167 0.00885417 0.037963 0.338969
0 0.596875 0.375926 0.00833333 0.0407407 0.347008
0 0.815625 0.382407 0.0145833 0.0444444 0.349672
0 0.0809896 0.443981 0.0078125 0.0342593 0.357401
0 0.179167 0.436111 0.009375 0.0481481 0.373122
0 0.844271 0.372685 0.0104167 0.0564815 0.420212
0 0.809115 0.371296 0.0109375 0.0555556 0.425691
0 0.884115 0.372222 0.00885417 0.0574074 0.428133
0 0.127083 0.44537 0.00833333 0.0444444 0.443468
0 0.0375 0.460648 0.0104167 0.0527778 0.450238
0 0.186979 0.434722 0.009375 0.0472222 0.472348
0 0.495833 0.383796 0.0125 0.0435185 0.52572
0 0.213021 0.420833 0.0135417 0.0416667 0.530522
0 0.714583 0.369907 0.00833333 0.0435185 0.557525
0 0.244531 0.425463 0.0130208 0.0472222 0.563062
0 0.265625 0.419444 0.0125 0.05 0.576246
0 0.00651042 0.472685 0.0130208 0.0453704 0.584127
0 0.197135 0.423148 0.0109375 0.0425926 0.60468
0 0.646875 0.37037 0.0135417 0.0425926 0.607408
0 0.452344 0.388889 0.00885417 0.0388889 0.608489
0 0.165365 0.438426 0.0130208 0.062037 0.649089
0 0.928646 0.393981 0.0135417 0.0305556 0.68216
0 0.336198 0.466204 0.0317708 0.106481 0.82569
32 0.53776 0.464815 0.00885417 0.0166667 0.838028
0 0.523958 0.433796 0.01875 0.0787037 0.84579
0 0.731771 0.405093 0.0208333 0.0787037 0.852396
0 0.76276 0.407407 0.0182292 0.0796296 0.880793
0 0.435156 0.414815 0.0182292 0.109259 0.887295
0 0.0848958 0.50463 0.0177083 0.112963 0.888144
0 0.579948 0.420833 0.0359375 0.0842593 0.951355
