0 0.666667 0.363889 0.00625 0.0407407 0.100138
32 0.960938 0.47037 0.0104167 0.00925926 0.105338
0 0.472917 0.381481 0.00729167 0.0314815 0.105642
0 0.72474 0.363426 0.00989583 0.0546296 0.121357
0 0.757552 0.3625 0.0109375 0.0546296 0.12389
0 0.514844 0.368519 0.00989583 0.0407407 0.133814
0 0.264583 0.401852 0.00833333 0.0351852 0.137972
0 0.176042 0.34213 0.00729167 0.0287037 0.138822
0 0.00234375 0.45787 0.0046875 0.0435185 0.144514
0 0.661979 0.363889 0.00833333 0.0425926 0.146925
0 0.332812 0.394907 0.009375 0.0416667 0.149506
0 0.620833 0.363426 0.00833333 0.0361111 0.14976
0 0.0585938 0.446296 0.0078125 0.0388889 0.151675
0 0.785417 0.366204 0.00729167 0.0453704 0.177152
0 0.264323 0.325926 0.00572917 0.0259259 0.184594
0 0.00625 0.459722 0.00833333 0.0435185 0.194041
0 0.711198 0.360648 0.00989583 0.0416667 0.199992
0 0.0356771 0.450463 0.00989583 0.0472222 0.204654
0 0.326042 0.394907 0.00729167 0.0416667 0.213994
0 0.167187 0.340741 0.00729167 0.0333333 0.21824
0 0.479427 0.377778 0.0078125 0.0388889 0.218942
0 0.488802 0.377778 0.00885417 0.0407407 0.223492
0 0.460677 0.378704 0.0078125 0.0425926 0.224284
0 0.31901 0.394444 0.0078125 0.0351852 0.226215
0 0.307031 0.398148 0.00677083 0.0388889 0.257878
0 0.182552 0.419444 0.00677083 0.0277778 0.279555
0 0.930469 0.377315 0.00572917 0.0287037 0.283476
0 0.641406 0.377315 0.00572917 0.0157407 0.285357
0 0.286979 0.399537 0.0125 0.0398148 0.289196
0 0.816146 0.364815 0.0104167 0.0425926 0.307407
0 0.422917 0.377778 0.00625 0.0314815 0.316007
0 0.364062 0.395833 0.00833333 0.0453704 0.409501
0 0.797396 0.3625 0.00833333 0.0527778 0.445956
0 0.138542 0.343519 0.00625 0.0277778 0.451421
0 0.64974 0.363889 0.00885417 0.0425926 0.474913
0 0.40026 0.383796 0.00989583 0.0361111 0.494088
0 0.731771 0.369444 0.0104167 0.0481481 0.497314
0 0.0427083 0.451852 0.0114583 0.0518519 0.499191
0 0.632292 0.361574 0.009375 0.0435185 0.528385
0 0.236198 0.418981 0.0109375 0.0453704 0.537352
0 0.242708 0.414352 0.0114583 0.0546296 0.555595
0 0.223177 0.42037 0.00989583 0.0481481 0.632963
0 0.0921875 0.447222 0.0104167 0.0555556 0.636569
0 0.0799479 0.452315 0.00885417 0.0472222 0.640478
0 0.0166667 0.466667 0.0177083 0.0666667 0.68454
0 0.840885 0.37963 0.0119792 0.0296296 0.696784
32 0.530469 0.437963 0.0078125 0.012963 0.74829
0 0.956771 0.365278 0.0114583 0.0601852 0.749455
0 0.713802 0.385648 0.0140625 0.0509259 0.7629
0 0.683594 0.387963 0.0151042 0.05 0.781867
0 0.577865 0.382407 0.0119792 0.0425926 0.783843
0 0.538281 0.403704 0.0265625 0.0703704 0.833083
0 0.442969 0.401852 0.0192708 0.101852 0.845555
0 0.559375 0.406019 0.0229167 0.0601852 0.846869
0 0.315885 0.436111 0.0171875 0.0796296 0.849703
0 0.147396 0.493981 0.0239583 0.115741 0.898452
0 0.988802 0.427315 0.0223958 0.219444 0.91402
