0 0.642187 0.380093 0.00520833 0.0157407 0.108229
0 0.26875 0.402315 0.00833333 0.0398148 0.116188
0 0.1875 0.421759 0.0104167 0.0453704 0.129144
0 0.509115 0.375463 0.00885417 0.0398148 0.133336
0 0.514583 0.373148 0.0104167 0.0462963 0.143233
0 0.525 0.381481 0.0125 0.0333333 0.147621
0 0.792708 0.366667 0.00729167 0.05 0.154129
0 0.6875 0.360648 0.0114583 0.0361111 0.161663
0 0.286198 0.398611 0.00677083 0.0342593 0.163561
0 0.679427 0.364352 0.0078125 0.0398148 0.164746
0 0.726042 0.352315 0.009375 0.0287037 0.173038
0 0.526563 0.402778 0.0197917 0.0425926 0.185625
0 0.758594 0.366204 0.0109375 0.0546296 0.203623
0 0.140365 0.343519 0.00677083 0.0277778 0.213055
0 0.816927 0.368519 0.00885417 0.0425926 0.213771
0 0.0268229 0.456944 0.00989583 0.0361111 0.228021
0 0.7125 0.363889 0.009375 0.0462963 0.244917
0 0.355729 0.393519 0.00729167 0.0388889 0.246773
0 0.541667 0.36713 0.0114583 0.0398148 0.254139
0 0.0872396 0.447685 0.00885417 0.0527778 0.254659
0 0.488802 0.378704 0.00885417 0.0407407 0.255743
0 0.498958 0.376852 0.0104167 0.0407407 0.262597
0 0.351302 0.393519 0.0078125 0.0407407 0.266284
0 0.93125 0.368519 0.009375 0.05 0.287364
0 0.129167 0.432407 0.00625 0.0314815 0.294203
0 0.09375 0.44537 0.0114583 0.0537037 0.300127
0 0.786979 0.368981 0.00729167 0.0472222 0.300934
0 0.0770833 0.441204 0.0104167 0.0453704 0.315441
0 0.428646 0.381944 0.009375 0.0361111 0.329316
0 0.0710938 0.441667 0.0078125 0.0425926 0.332817
0 0.651042 0.366204 0.00833333 0.0416667 0.342947
0 0.469531 0.379167 0.0109375 0.0453704 0.369662
0 0.798437 0.365741 0.009375 0.0555556 0.369968
0 0.738281 0.375463 0.00989583 0.0416667 0.395091
0 0.183594 0.418519 0.00989583 0.0407407 0.446513
0 0.370573 0.393519 0.0130208 0.0425926 0.47501
0 0.193229 0.430093 0.015625 0.0472222 0.504464
0 0.116406 0.434259 0.00989583 0.0462963 0.508169
0 0.336719 0.400463 0.00989583 0.0527778 0.515012
0 0.636198 0.365278 0.00885417 0.0416667 0.586543
32 0.538021 0.4625 0.00833333 0.0175926 0.661458
0 0.0210938 0.463426 0.0109375 0.0472222 0.677951
0 0.842188 0.383333 0.0125 0.0296296 0.687098
0 0.211458 0.424074 0.0125 0.05 0.710489
0 0.0505208 0.458796 0.0177083 0.0675926 0.711212
0 0.958333 0.368519 0.0104167 0.062963 0.812152
0 0.32526 0.443056 0.0171875 0.0898148 0.825307
0 0.686719 0.395833 0.0161458 0.0601852 0.829475
0 0.413542 0.40787 0.0166667 0.106481 0.840506
0 0.728646 0.394907 0.0229167 0.0657407 0.862861
0 0.546094 0.433333 0.0380208 0.0851852 0.879933
0 0.105208 0.496296 0.0197917 0.125926 0.89946
0 0.989323 0.431019 0.0213542 0.219444 0.901647
0 0.454167 0.431944 0.0177083 0.0861111 0.903016
0 0.590885 0.425463 0.0390625 0.0935185 0.933264
