0 0.650521 0.3625 0.00625 0.037963 0.12355
0 0.767969 0.363889 0.0078125 0.0462963 0.132368
0 0.390885 0.383333 0.00989583 0.0407407 0.137008
0 0.319531 0.390278 0.00885417 0.0305556 0.141092
0 0.488542 0.368056 0.00833333 0.0324074 0.150968
0 0.626042 0.377315 0.00625 0.0157407 0.156312
0 0.416406 0.38287 0.00989583 0.0453704 0.160412
0 0.661458 0.362037 0.00833333 0.0425926 0.167083
0 0.402604 0.383333 0.009375 0.0444444 0.174169
0 0.15026 0.340741 0.0078125 0.0388889 0.192001
0 0.646354 0.363889 0.00729167 0.0388889 0.198125
0 0.460417 0.378704 0.009375 0.0425926 0.203016
0 0.478646 0.370833 0.00729167 0.0398148 0.224128
0 0.913281 0.377315 0.00677083 0.0268519 0.237247
0 0.741667 0.362963 0.0104167 0.0537037 0.237678
32 0.539583 0.450463 0.0104167 0.0138889 0.241587
0 0.670052 0.359722 0.0109375 0.0416667 0.250943
0 0.00390625 0.462037 0.0078125 0.0333333 0.263022
0 0.0122396 0.450926 0.00885417 0.0407407 0.268139
0 0.799479 0.364352 0.009375 0.0416667 0.274648
0 0.297656 0.39537 0.00677083 0.0314815 0.276394
0 0.121875 0.343981 0.00625 0.0268519 0.298733
0 0.427604 0.382407 0.0104167 0.0425926 0.303662
0 0.248698 0.326852 0.00572917 0.0259259 0.306285
0 0.0304688 0.451389 0.00989583 0.0416667 0.339475
0 0.567969 0.382407 0.00885417 0.0407407 0.354232
0 0.273438 0.398611 0.009375 0.037963 0.363765
0 0.780729 0.360648 0.00833333 0.0527778 0.374144
0 0.217448 0.410648 0.00677083 0.0268519 0.419393
0 0.634896 0.363426 0.009375 0.0435185 0.434471
0 0.0632813 0.455093 0.0109375 0.0490741 0.434654
0 0.708854 0.359722 0.0104167 0.0509259 0.439118
0 0.361458 0.396296 0.0104167 0.0462963 0.445127
36 0.448958 0.443981 0.0208333 0.0101852 0.446676
0 0.695833 0.3625 0.009375 0.0453704 0.448576
0 0.290625 0.397685 0.00833333 0.0416667 0.465021
0 0.528385 0.393056 0.0109375 0.0527778 0.470068
0 0.0682292 0.453704 0.009375 0.05 0.482005
0 0.248177 0.412037 0.0151042 0.0537037 0.489081
0 0.721354 0.372685 0.0104167 0.0416667 0.50774
0 0.616667 0.362963 0.009375 0.0407407 0.568697
32 0.543229 0.446759 0.00833333 0.012037 0.59251
0 0.233073 0.418519 0.0130208 0.0462963 0.655433
0 0.82474 0.379167 0.0119792 0.0287037 0.664387
0 0.73125 0.382407 0.0135417 0.0574074 0.718132
0 0.939323 0.364815 0.0119792 0.062963 0.741861
0 0.559896 0.393056 0.0135417 0.0694444 0.743173
0 0.538542 0.411111 0.0197917 0.0814815 0.772917
0 0.680469 0.38287 0.0140625 0.0472222 0.791404
0 0.447656 0.398148 0.0182292 0.0962963 0.820551
0 0.513542 0.407407 0.01875 0.0648148 0.824289
0 0.115625 0.491667 0.0177083 0.122222 0.88914
0 0.977344 0.424074 0.0348958 0.212963 0.894148
0 0.296875 0.44213 0.0291667 0.0787037 0.895254
