0 0.258594 0.326389 0.00572917 0.025 0.107716
0 0.782031 0.366667 0.0078125 0.05 0.1138
0 0.259896 0.402778 0.00729167 0.0388889 0.126074
0 0.278906 0.398148 0.0078125 0.0351852 0.139367
0 0.527865 0.358796 0.0078125 0.0268519 0.14113
0 0.672135 0.364352 0.00677083 0.0398148 0.15127
0 0.777865 0.368981 0.00885417 0.0453704 0.154041
0 0.132031 0.430093 0.0078125 0.0305556 0.158557
0 0.628125 0.366204 0.00833333 0.037963 0.169641
0 0.488542 0.376389 0.00833333 0.0416667 0.171809
0 0.476042 0.378241 0.00833333 0.0398148 0.186062
0 0.50026 0.374537 0.0109375 0.0472222 0.205495
0 0.441146 0.375926 0.00833333 0.0351852 0.206676
0 0.341146 0.397222 0.00833333 0.0481481 0.210056
0 0.327604 0.39213 0.00833333 0.0342593 0.232236
0 0.679948 0.359259 0.0109375 0.037037 0.235409
0 0.784896 0.364352 0.00833333 0.0490741 0.238677
0 0.705729 0.364352 0.00833333 0.0435185 0.247698
0 0.635156 0.379167 0.00572917 0.0157407 0.270093
0 0.435156 0.376852 0.00572917 0.0296296 0.280557
0 0.336198 0.401389 0.0119792 0.0490741 0.3101
0 0.751823 0.365278 0.0109375 0.0546296 0.31141
0 0.0867188 0.45 0.0109375 0.05 0.35204
0 0.809375 0.368056 0.009375 0.0416667 0.356682
0 0.458333 0.378704 0.0104167 0.0444444 0.361881
0 0.0783854 0.450926 0.00885417 0.0481481 0.385156
0 0.306771 0.397685 0.00625 0.0398148 0.395202
0 0.71901 0.362037 0.00989583 0.0481481 0.409052
0 0.0945313 0.441204 0.0109375 0.0546296 0.411236
0 0.189844 0.424074 0.00989583 0.0555556 0.440508
0 0.64375 0.365278 0.00833333 0.0416667 0.461731
0 0.196875 0.428241 0.0104167 0.0435185 0.464065
0 0.35 0.394907 0.0135417 0.0472222 0.471933
0 0.0632813 0.443981 0.0109375 0.0472222 0.489583
0 0.791406 0.363426 0.0078125 0.0564815 0.52889
0 0.00807292 0.467593 0.00989583 0.0462963 0.537054
0 0.534896 0.395833 0.015625 0.0583333 0.637286
0 0.211458 0.423611 0.0114583 0.0490741 0.684466
0 0.73099 0.393981 0.0161458 0.062037 0.740196
0 0.0346354 0.461111 0.0171875 0.0666667 0.752196
0 0.95026 0.368056 0.00989583 0.0638889 0.760661
0 0.834896 0.381481 0.0125 0.0296296 0.762598
0 0.679948 0.394907 0.0192708 0.0583333 0.865238
0 0.315625 0.439352 0.01875 0.0898148 0.865876
0 0.411979 0.406944 0.0177083 0.108333 0.868285
0 0.520052 0.429167 0.0296875 0.0916667 0.877601
0 0.127344 0.494907 0.0296875 0.126852 0.904584
0 0.985417 0.428704 0.0291667 0.218519 0.91724
0 0.579948 0.426852 0.0338542 0.0796296 0.921088
0 0.469531 0.431481 0.0317708 0.0925926 0.926934
