0 0.41875 0.379167 0.00729167 0.0398148 0.105345
0 0.929948 0.349537 0.00572917 0.0194444 0.108306
0 0.236458 0.396296 0.009375 0.0259259 0.110779
0 0.615885 0.361574 0.00885417 0.037963 0.132572
0 0.742708 0.359722 0.00729167 0.0490741 0.133706
0 0.286719 0.393056 0.0078125 0.0342593 0.138772
29 0.932552 0.406019 0.00989583 0.0212963 0.144426
0 0.736198 0.3625 0.00885417 0.0453704 0.156478
0 0.628125 0.360185 0.00833333 0.0407407 0.168348
0 0.215104 0.327778 0.00520833 0.0240741 0.168535
0 0.247396 0.410185 0.00625 0.0462963 0.173026
0 0.36901 0.386574 0.0119792 0.0472222 0.190223
0 0.349219 0.388426 0.00885417 0.0472222 0.208035
0 0.423177 0.376389 0.00885417 0.0398148 0.214255
0 0.4125 0.382407 0.00833333 0.0388889 0.222993
0 0.292969 0.393519 0.00677083 0.0351852 0.22359
0 0.63724 0.359259 0.0109375 0.0425926 0.228509
0 0.767187 0.362037 0.0114583 0.0425926 0.236689
0 0.305729 0.396759 0.009375 0.037963 0.278132
0 0.689844 0.368519 0.00885417 0.0407407 0.281586
0 0.373177 0.387963 0.00989583 0.0444444 0.28256
0 0.364844 0.386574 0.00989583 0.0472222 0.296354
0 0.438542 0.374074 0.00729167 0.0444444 0.300035
0 0.297656 0.39213 0.0078125 0.0398148 0.310533
0 0.709115 0.359722 0.0119792 0.0527778 0.327296
0 0.335156 0.386111 0.00572917 0.0333333 0.329715
0 0.663021 0.360648 0.009375 0.0435185 0.332421
36 0.128646 0.541204 0.025 0.012037 0.366217
0 0.676562 0.359259 0.0104167 0.05 0.389167
0 0.878646 0.374537 0.00625 0.0268519 0.391481
0 0.403385 0.38287 0.0119792 0.0416667 0.405585
0 0.747917 0.35787 0.00833333 0.0546296 0.42699
0 0.240885 0.409259 0.0161458 0.0518519 0.434309
0 0.0864583 0.349074 0.00625 0.0277778 0.466173
0 0.544792 0.37963 0.009375 0.0481481 0.466323
0 0.585677 0.3625 0.00989583 0.0416667 0.530918
0 0.979167 0.369907 0.0104167 0.0564815 0.592108
0 0.0179687 0.4625 0.0119792 0.0527778 0.601985
0 0.551823 0.3875 0.0109375 0.0509259 0.635384
0 0.15625 0.426852 0.015625 0.05 0.674231
0 0.791146 0.376389 0.0114583 0.0287037 0.680486
0 0.227344 0.416667 0.0130208 0.0444444 0.681014
0 0.903646 0.359722 0.0104167 0.0564815 0.685879
0 0.694531 0.390278 0.0130208 0.0546296 0.689441
0 0.18125 0.415741 0.0104167 0.0425926 0.706999
0 0.604688 0.382407 0.0145833 0.062963 0.763223
32 0.677083 0.438889 0.00833333 0.0166667 0.852218
0 0.56901 0.411574 0.0203125 0.0805556 0.864307
0 0.459375 0.393519 0.015625 0.0962963 0.876411
0 0.123958 0.485648 0.0239583 0.119444 0.880043
0 0.236458 0.462963 0.0166667 0.0888889 0.885026
0 0.71849 0.390278 0.0265625 0.0583333 0.891094
0 0.947135 0.41713 0.0307292 0.20463 0.897
0 0.646875 0.415278 0.0375 0.0805556 0.906988
