0 0.740104 0.359722 0.00729167 0.0490741 0.100029
0 0.323177 0.387037 0.0078125 0.0351852 0.117784
0 0.221094 0.409722 0.00989583 0.0435185 0.127858
0 0.635156 0.358333 0.0140625 0.0444444 0.140651
0 0.33099 0.388426 0.00989583 0.0453704 0.149353
0 0.349219 0.388889 0.0109375 0.05 0.179091
0 0.674479 0.349537 0.0104167 0.0342593 0.180842
0 0.766667 0.361111 0.0135417 0.0425926 0.18618
0 0.404167 0.376852 0.0114583 0.0462963 0.192125
0 0.824479 0.358333 0.009375 0.0481481 0.192844
0 0.916667 0.35463 0.00729167 0.0296296 0.198348
0 0.988021 0.351852 0.00729167 0.0203704 0.209236
0 0.661458 0.359722 0.00833333 0.0416667 0.211657
0 0.317187 0.388889 0.00833333 0.0351852 0.214758
0 0.388021 0.384259 0.0114583 0.0425926 0.218041
0 0.70651 0.360185 0.0109375 0.0518519 0.228307
0 0.61224 0.3625 0.0078125 0.0398148 0.230746
0 0.696615 0.366667 0.00989583 0.0462963 0.231813
0 0.213281 0.328241 0.00572917 0.025 0.233224
0 0.420312 0.375 0.00729167 0.0407407 0.236063
0 0.113802 0.341204 0.00885417 0.0453704 0.246455
0 0.425 0.371296 0.00729167 0.037037 0.25071
0 0.358333 0.388889 0.0104167 0.0462963 0.286059
0 0.255729 0.40463 0.0145833 0.0537037 0.287163
0 0.24375 0.413889 0.0114583 0.0425926 0.364024
0 0.0848958 0.348611 0.00625 0.0268519 0.370156
0 0.582292 0.360648 0.0114583 0.0435185 0.391583
0 0.600521 0.362963 0.00833333 0.0407407 0.411863
0 0.689844 0.369907 0.00989583 0.0416667 0.412658
0 0.745573 0.358796 0.00885417 0.0527778 0.443064
0 0.285156 0.397222 0.00885417 0.0407407 0.459799
0 0.978125 0.374537 0.00833333 0.0416667 0.519377
0 0.541927 0.378241 0.0078125 0.0453704 0.526096
32 0.76849 0.394444 0.00677083 0.00925926 0.567315
0 0.901563 0.359722 0.0104167 0.0583333 0.572772
0 0.789583 0.375926 0.0125 0.0296296 0.60483
0 0.113802 0.434722 0.00885417 0.0527778 0.612804
0 0.158333 0.421759 0.0135417 0.0416667 0.662565
0 0.567448 0.383796 0.00989583 0.0472222 0.678848
0 0.623438 0.37963 0.0125 0.0555556 0.711524
0 0.009375 0.464352 0.0125 0.0564815 0.71683
0 0.761198 0.381944 0.0223958 0.0675926 0.80205
0 0.725 0.396759 0.0333333 0.0842593 0.857647
0 0.491927 0.3875 0.0151042 0.0935185 0.860562
0 0.67474 0.393519 0.0276042 0.0703704 0.878128
0 0.132812 0.484722 0.025 0.123148 0.885893
0 0.945312 0.415741 0.0302083 0.203704 0.893954
0 0.26901 0.464815 0.0265625 0.112963 0.90008
