0 0.798698 0.375463 0.0078125 0.0435185 0.102834
0 0.895312 0.376389 0.00729167 0.0490741 0.114433
0 0.161719 0.428241 0.00677083 0.0361111 0.121042
0 0.749479 0.364352 0.00729167 0.025 0.125706
0 0.432552 0.385185 0.0078125 0.0314815 0.126746
0 0.00234375 0.481944 0.0046875 0.025 0.139472
0 0.922135 0.379167 0.0119792 0.0472222 0.151146
0 0.777604 0.372685 0.00729167 0.0435185 0.159144
0 0.693229 0.372222 0.00833333 0.0462963 0.16317
0 0.85 0.375926 0.009375 0.05 0.169388
0 0.202344 0.431019 0.00989583 0.0527778 0.173664
0 0.623698 0.375926 0.0078125 0.0388889 0.180969
0 0.526563 0.3875 0.00833333 0.0398148 0.186763
0 0.38125 0.4 0.009375 0.0574074 0.189157
0 0.629167 0.377778 0.00520833 0.037037 0.194321
0 0.65651 0.362037 0.00677083 0.0222222 0.198718
0 0.397917 0.412963 0.009375 0.0259259 0.218883
0 0.860156 0.374537 0.0119792 0.0564815 0.224414
0 0.233333 0.407407 0.00625 0.0259259 0.229822
0 0.440885 0.387963 0.00885417 0.0351852 0.251876
0 0.246094 0.421296 0.0078125 0.037037 0.262473
0 0.889063 0.378241 0.00833333 0.0472222 0.268148
0 0.786458 0.370833 0.0104167 0.0453704 0.269621
0 0.672135 0.367593 0.00677083 0.0388889 0.318453
0 0.557552 0.381019 0.00885417 0.0342593 0.345043
0 0.169271 0.428241 0.009375 0.0398148 0.364038
0 0.73151 0.369444 0.00885417 0.0407407 0.384255
0 0.533594 0.383333 0.0109375 0.0425926 0.392848
0 0.813021 0.373611 0.009375 0.0453704 0.399306
0 0.196094 0.43287 0.0140625 0.0583333 0.420803
0 0.826563 0.371759 0.0104167 0.0546296 0.425791
0 0.13125 0.437963 0.0125 0.0388889 0.433503
0 0.21276 0.431019 0.0119792 0.0490741 0.433537
0 0.102083 0.439352 0.00729167 0.0416667 0.436627
0 0.477604 0.386574 0.00833333 0.0398148 0.442634
0 0.114844 0.44213 0.0119792 0.0416667 0.449751
0 0.901823 0.375463 0.00885417 0.0564815 0.461663
0 0.248177 0.474537 0.0213542 0.0935185 0.466858
0 0.947396 0.396296 0.0135417 0.0314815 0.551578
0 0.833333 0.383796 0.0145833 0.0435185 0.559281
0 0.269531 0.422222 0.0119792 0.0462963 0.590598
0 0.154427 0.44213 0.0119792 0.0416667 0.605808
0 0.502083 0.405556 0.0135417 0.0518519 0.608173
0 0.0747396 0.450926 0.0119792 0.0444444 0.615159
0 0.459115 0.3875 0.0109375 0.0361111 0.640303
0 0.314063 0.409259 0.0135417 0.0462963 0.660993
0 0.236979 0.479167 0.0427083 0.10463 0.802726
32 0.502083 0.477315 0.0104167 0.0175926 0.858274
0 0.736458 0.416204 0.01875 0.075 0.862647
0 0.753646 0.413889 0.01875 0.0851852 0.875597
0 0.590625 0.418519 0.0229167 0.0833333 0.881644
0 0.483854 0.440278 0.0270833 0.100926 0.889876
0 0.420052 0.42037 0.0338542 0.112963 0.901349
0 0.0445312 0.508333 0.0203125 0.109259 0.92311
