0 0.688802 0.3625 0.00572917 0.0324074 0.101319
0 0.961979 0.361574 0.00729167 0.0305556 0.106904
0 0.179688 0.338889 0.00729167 0.0388889 0.112115
0 0.677344 0.366667 0.00677083 0.0351852 0.117228
0 0.723437 0.362963 0.0114583 0.0388889 0.118808
0 0.673958 0.36713 0.00625 0.0361111 0.124347
0 0.276823 0.325926 0.00572917 0.0259259 0.125964
0 0.0601562 0.435185 0.00677083 0.0240741 0.134282
0 0.00260417 0.461574 0.00520833 0.0305556 0.137664
0 0.469531 0.381019 0.0119792 0.0416667 0.138278
0 0.770052 0.36713 0.00989583 0.0527778 0.160146
0 0.759115 0.368519 0.00989583 0.0481481 0.171632
0 0.535937 0.360648 0.00625 0.0212963 0.172641
0 0.461719 0.376852 0.00572917 0.0296296 0.179176
32 0.545573 0.457407 0.00572917 0.00925926 0.185186
0 0.297656 0.396759 0.0078125 0.0324074 0.191063
0 0.697656 0.364352 0.0119792 0.0416667 0.192502
0 0.803385 0.367593 0.0078125 0.0481481 0.204072
0 0.797656 0.372222 0.00677083 0.0425926 0.216
0 0.556771 0.36713 0.00625 0.037963 0.235519
0 0.101042 0.445833 0.00833333 0.0472222 0.23798
0 0.369792 0.391204 0.009375 0.037963 0.251047
0 0.348177 0.397222 0.0078125 0.0481481 0.268594
0 0.551823 0.366667 0.00677083 0.0333333 0.278937
0 0.0106771 0.458333 0.00989583 0.0407407 0.280831
0 0.653125 0.381019 0.00625 0.0157407 0.287365
0 0.105469 0.44537 0.00989583 0.0481481 0.288721
0 0.0947917 0.426852 0.00729167 0.0259259 0.300451
0 0.502865 0.381019 0.0119792 0.0416667 0.329216
0 0.0408854 0.450463 0.00885417 0.0416667 0.335436
0 0.736719 0.3625 0.0109375 0.0472222 0.348257
0 0.513542 0.387037 0.009375 0.0518519 0.350729
36 0.0958333 0.556019 0.0229167 0.012037 0.374424
0 0.661458 0.36713 0.00833333 0.0435185 0.376467
0 0.520312 0.391667 0.0114583 0.0462963 0.389601
0 0.828125 0.369444 0.0104167 0.0425926 0.398091
0 0.151302 0.341667 0.00572917 0.0277778 0.409748
0 0.0833333 0.4375 0.009375 0.0342593 0.410233
0 0.482812 0.380093 0.0104167 0.0472222 0.450692
0 0.0346354 0.462037 0.00885417 0.0444444 0.478569
0 0.809635 0.366204 0.0078125 0.0527778 0.47962
0 0.366406 0.39213 0.0078125 0.0398148 0.483924
0 0.944531 0.37037 0.0109375 0.05 0.508884
0 0.391146 0.391667 0.0125 0.0462963 0.521203
0 0.184115 0.418519 0.00989583 0.037037 0.544257
0 0.994531 0.432407 0.0109375 0.211111 0.55029
0 0.746354 0.377778 0.0125 0.0425926 0.563665
0 0.53151 0.399074 0.0130208 0.0555556 0.640648
0 0.0677083 0.453704 0.0135417 0.062963 0.641843
0 0.645833 0.36713 0.00833333 0.0416667 0.652896
0 0.142188 0.431481 0.0135417 0.05 0.678061
0 0.853385 0.385185 0.0119792 0.0296296 0.682169
0 0.199479 0.427778 0.0145833 0.0481481 0.72599
0 0.970052 0.369444 0.0109375 0.0611111 0.731566
0 0.217708 0.422685 0.0114583 0.0509259 0.768892
32 0.558073 0.464352 0.0109375 0.0175926 0.828186
0 0.729427 0.39537 0.0140625 0.0648148 0.833916
0 0.688281 0.399537 0.0192708 0.062037 0.857026
0 0.432813 0.434722 0.0270833 0.100926 0.874823
0 0.559635 0.431944 0.0348958 0.087963 0.875384
0 0.414583 0.410648 0.0260417 0.106481 0.882527
0 0.0966146 0.501852 0.0234375 0.118519 0.921616
0 0.339063 0.440741 0.0322917 0.0944444 0.932629
0 0.590625 0.422222 0.0385417 0.0907407 0.933928
