0 0.2875 0.398148 0.00729167 0.0351852 0.101053
0 0.448958 0.376389 0.00729167 0.0305556 0.111522
0 0.533333 0.393519 0.0104167 0.0388889 0.115334
0 0.266927 0.326389 0.00572917 0.025 0.115524
0 0.64349 0.380093 0.00572917 0.0157407 0.118983
0 0.701042 0.365278 0.009375 0.0416667 0.121296
0 0.0945313 0.447685 0.00885417 0.0490741 0.121924
0 0.688281 0.358333 0.0109375 0.0333333 0.122039
36 0.416146 0.456944 0.0135417 0.00833333 0.126521
0 0.00260417 0.462037 0.00520833 0.0407407 0.1453
0 0.932031 0.368519 0.00989583 0.0481481 0.157395
26 0.0473958 0.464815 0.00833333 0.012963 0.168577
0 0.727344 0.35463 0.00989583 0.0351852 0.168852
0 0.79375 0.366204 0.00833333 0.0527778 0.195691
0 0.269792 0.402315 0.009375 0.0398148 0.212206
0 0.500781 0.376389 0.00989583 0.0416667 0.221136
0 0.357812 0.392593 0.00729167 0.0388889 0.222524
0 0.759375 0.365741 0.0104167 0.0537037 0.234048
0 0.129948 0.432407 0.00572917 0.0296296 0.2354
0 0.713802 0.365278 0.00989583 0.0453704 0.241241
0 0.490104 0.378704 0.009375 0.0407407 0.244668
0 0.141146 0.343056 0.00625 0.0287037 0.246716
0 0.818229 0.368056 0.009375 0.0435185 0.271853
0 0.352604 0.393519 0.00833333 0.0407407 0.275118
0 0.54375 0.368056 0.0114583 0.0398148 0.293521
0 0.788021 0.368981 0.00729167 0.0472222 0.301917
0 0.526823 0.39537 0.0244792 0.0555556 0.310672
0 0.79974 0.365278 0.0078125 0.0527778 0.328301
0 0.470833 0.379167 0.0114583 0.0453704 0.358197
0 0.11875 0.434259 0.00833333 0.0425926 0.360955
0 0.0890625 0.448611 0.009375 0.0509259 0.361078
0 0.429427 0.382407 0.00989583 0.0388889 0.388325
0 0.0796875 0.440741 0.00833333 0.0444444 0.400133
0 0.0723958 0.441204 0.00833333 0.0416667 0.413892
0 0.190365 0.428704 0.00989583 0.0462963 0.414502
0 0.739062 0.376852 0.009375 0.0425926 0.415192
0 0.183333 0.418056 0.00833333 0.037963 0.42547
0 0.651563 0.366667 0.00833333 0.0425926 0.436547
0 0.372396 0.393981 0.0125 0.0453704 0.441121
0 0.196615 0.429167 0.00885417 0.0435185 0.443198
0 0.3375 0.4 0.0104167 0.0518519 0.452148
0 0.636979 0.365741 0.00833333 0.0407407 0.57788
0 0.843229 0.383333 0.0125 0.0296296 0.634978
0 0.0226563 0.463426 0.0109375 0.0490741 0.68225
0 0.0526042 0.45787 0.0177083 0.0675926 0.726743
0 0.959896 0.368519 0.0104167 0.062963 0.752903
0 0.21276 0.424074 0.0130208 0.05 0.754435
0 0.413542 0.407407 0.015625 0.107407 0.828547
0 0.686458 0.394907 0.015625 0.0638889 0.839736
0 0.326302 0.44213 0.0171875 0.0898148 0.858779
0 0.728906 0.39537 0.0234375 0.0648148 0.865813
0 0.548437 0.434722 0.0385417 0.0805556 0.880171
0 0.104167 0.497685 0.01875 0.125 0.892136
0 0.454167 0.432407 0.0197917 0.0888889 0.896493
0 0.989844 0.431019 0.0203125 0.219444 0.897508
0 0.591146 0.427315 0.040625 0.0916667 0.944149
