0 0.770052 0.364352 0.00885417 0.0361111 0.103659
0 0.93125 0.349537 0.00729167 0.0194444 0.117335
0 0.615625 0.361574 0.00833333 0.037963 0.137083
0 0.215104 0.327778 0.00520833 0.0240741 0.165977
0 0.628125 0.360185 0.00833333 0.0407407 0.168275
0 0.742969 0.361111 0.0078125 0.0481481 0.17385
0 0.298698 0.390741 0.00885417 0.0407407 0.183261
0 0.41276 0.38287 0.00885417 0.037963 0.195398
0 0.288281 0.393056 0.0119792 0.0361111 0.203055
0 0.736198 0.362963 0.0078125 0.0444444 0.216341
0 0.765885 0.364815 0.00885417 0.037037 0.23471
0 0.349479 0.387963 0.00833333 0.0481481 0.237119
0 0.439583 0.373611 0.00833333 0.0435185 0.237895
0 0.63724 0.359722 0.0119792 0.0416667 0.25376
0 0.469531 0.375 0.0109375 0.0425926 0.25458
0 0.302865 0.392593 0.0161458 0.0462963 0.298625
0 0.373437 0.387963 0.009375 0.0444444 0.302764
0 0.365104 0.386111 0.0104167 0.0481481 0.304751
0 0.66276 0.360648 0.00885417 0.0435185 0.338929
0 0.236979 0.40787 0.0114583 0.0509259 0.345027
0 0.878646 0.374074 0.00625 0.0259259 0.373124
0 0.242708 0.408796 0.0114583 0.0509259 0.39946
0 0.403646 0.38287 0.0114583 0.0416667 0.412012
0 0.335417 0.386111 0.00625 0.0333333 0.418145
0 0.676302 0.359259 0.0109375 0.05 0.436854
0 0.747656 0.358796 0.0078125 0.0546296 0.460982
36 0.127865 0.541204 0.0234375 0.0138889 0.468094
0 0.584896 0.3625 0.00833333 0.0416667 0.471587
0 0.0864583 0.349074 0.00625 0.0277778 0.520815
0 0.544792 0.380093 0.009375 0.0490741 0.546737
0 0.550521 0.387963 0.009375 0.0518519 0.594783
0 0.0182292 0.461111 0.0135417 0.0537037 0.66772
0 0.157813 0.425926 0.015625 0.0518519 0.674266
0 0.181771 0.415278 0.009375 0.0435185 0.683537
0 0.791146 0.376389 0.0114583 0.0287037 0.692902
0 0.979688 0.369907 0.0104167 0.0564815 0.702975
0 0.227083 0.41713 0.0125 0.0472222 0.708721
0 0.903646 0.360185 0.0114583 0.0574074 0.735011
0 0.69375 0.388426 0.0135417 0.0546296 0.753009
0 0.603906 0.38287 0.0151042 0.0638889 0.755584
32 0.673698 0.440278 0.00989583 0.0175926 0.849041
0 0.236458 0.461111 0.0166667 0.0907407 0.854963
0 0.565365 0.410648 0.0182292 0.0824074 0.8623
0 0.717969 0.389352 0.0255208 0.0583333 0.879293
0 0.946094 0.41713 0.0328125 0.202778 0.895475
0 0.457552 0.394444 0.0182292 0.0962963 0.898748
0 0.122917 0.484722 0.0229167 0.119444 0.903314
0 0.644531 0.418056 0.0338542 0.075 0.909756
