0 0.217969 0.410185 0.00885417 0.037037 0.113549
0 0.280208 0.389352 0.00833333 0.0268519 0.120288
0 0.702344 0.360185 0.0130208 0.0518519 0.124396
0 0.978385 0.356944 0.0078125 0.0324074 0.143533
0 0.608333 0.363426 0.00729167 0.0361111 0.14894
0 0.658073 0.360185 0.00989583 0.0444444 0.151586
0 0.208594 0.329167 0.00572917 0.025 0.152349
0 0.202865 0.408796 0.00677083 0.0435185 0.174991
0 0.272917 0.401852 0.009375 0.0388889 0.180283
0 0.569531 0.358796 0.00572917 0.0361111 0.191096
0 0.228646 0.411111 0.0125 0.0555556 0.204792
0 0.322135 0.3875 0.00677083 0.0416667 0.204864
0 0.333854 0.390741 0.00833333 0.0481481 0.223854
0 0.906771 0.348611 0.00625 0.0157407 0.258372
0 0.872135 0.362963 0.00989583 0.0481481 0.262531
0 0.347396 0.391204 0.00833333 0.0453704 0.265849
0 0.670313 0.356944 0.009375 0.0472222 0.268061
0 0.340625 0.390278 0.009375 0.0490741 0.270049
0 0.0796875 0.349074 0.00625 0.0277778 0.27206
0 0.394531 0.383333 0.00885417 0.0481481 0.2901
0 0.759115 0.362037 0.00989583 0.0425926 0.336049
0 0.415625 0.371296 0.00625 0.0351852 0.342223
0 0.740365 0.358796 0.00989583 0.0527778 0.374122
0 0.0976562 0.441204 0.0130208 0.0527778 0.375574
0 0.30651 0.390278 0.00572917 0.0342593 0.407469
0 0.359375 0.388889 0.0104167 0.0444444 0.418215
0 0.595833 0.362963 0.00833333 0.0407407 0.42503
0 0.379427 0.386111 0.00989583 0.0444444 0.448782
0 0.784375 0.376389 0.0125 0.0287037 0.477328
0 0.245052 0.411111 0.00885417 0.0462963 0.485704
0 0.578906 0.3625 0.00885417 0.0416667 0.493633
0 0.258333 0.409722 0.0114583 0.0435185 0.51293
0 0.209375 0.4125 0.0104167 0.0472222 0.53394
0 0.973177 0.375463 0.00885417 0.0398148 0.626597
0 0.540625 0.380093 0.009375 0.0435185 0.641056
0 0.896615 0.360648 0.0109375 0.0583333 0.66457
0 0.145052 0.423148 0.00885417 0.0444444 0.679864
0 0.768229 0.383796 0.0135417 0.0564815 0.706315
0 0.729427 0.387963 0.0140625 0.062963 0.723826
0 0.628125 0.380093 0.0166667 0.0527778 0.726349
0 0.00494792 0.463426 0.00989583 0.0583333 0.734813
0 0.563802 0.384259 0.0109375 0.0444444 0.774031
32 0.797396 0.394444 0.00625 0.0111111 0.799775
0 0.746354 0.400463 0.0333333 0.0712963 0.822393
0 0.694792 0.394907 0.0177083 0.0712963 0.83171
0 0.128385 0.484722 0.0213542 0.126852 0.831829
0 0.50026 0.3875 0.0203125 0.0935185 0.859527
0 0.940365 0.415741 0.0317708 0.2 0.890252
0 0.283854 0.463426 0.0354167 0.119444 0.935695
