0 0.523177 0.377315 0.00989583 0.0416667 0.109937
0 0.213542 0.420833 0.0104167 0.0453704 0.116536
0 0.647656 0.337963 0.0046875 0.0222222 0.127106
0 0.154687 0.438426 0.0104167 0.0509259 0.145331
0 0.558073 0.378704 0.00989583 0.0388889 0.163647
0 0.85599 0.371296 0.0078125 0.0518519 0.174264
0 0.749219 0.36713 0.0119792 0.0453704 0.178561
0 0.5375 0.379167 0.0104167 0.0453704 0.182241
0 0.397396 0.389352 0.0104167 0.0361111 0.186614
0 0.616927 0.368056 0.00989583 0.0398148 0.188654
0 0.811198 0.372685 0.00989583 0.0472222 0.208659
0 0.119271 0.426852 0.00729167 0.0240741 0.214362
0 0.140104 0.440278 0.0125 0.0564815 0.2471
0 0.703646 0.383333 0.00729167 0.0166667 0.247556
0 0.501823 0.37963 0.0078125 0.0351852 0.268218
0 0.0752604 0.447222 0.0109375 0.0407407 0.293678
0 0.204427 0.339352 0.00572917 0.0268519 0.307564
0 0.711979 0.368519 0.00833333 0.0407407 0.314106
0 0.822135 0.370833 0.0119792 0.0564815 0.323655
0 0.788281 0.368519 0.00989583 0.0537037 0.356503
0 0.881771 0.374074 0.0104167 0.0462963 0.364316
0 0.178646 0.429167 0.00729167 0.0305556 0.366815
0 0.459115 0.389352 0.00885417 0.0472222 0.422193
0 0.77526 0.369907 0.00885417 0.0453704 0.422712
0 0.424219 0.388889 0.00989583 0.0425926 0.457263
0 0.541406 0.406019 0.0140625 0.0564815 0.48459
0 0.00416667 0.465741 0.00833333 0.0444444 0.495451
0 0.863021 0.370833 0.009375 0.0564815 0.497763
0 0.0505208 0.450463 0.0114583 0.0509259 0.497902
0 0.161979 0.434722 0.0104167 0.0583333 0.526837
0 0.795833 0.381019 0.0145833 0.0435185 0.532516
0 0.23724 0.425 0.00989583 0.0481481 0.550847
0 0.695052 0.369444 0.00885417 0.0444444 0.649164
0 0.134896 0.443056 0.015625 0.062037 0.649533
0 0.219271 0.422685 0.01875 0.0472222 0.661738
0 0.574479 0.427315 0.0302083 0.0842593 0.688863
0 0.257552 0.422222 0.0119792 0.05 0.734606
0 0.560156 0.426389 0.0203125 0.0861111 0.737812
0 0.907812 0.390741 0.0125 0.0314815 0.746532
32 0.579427 0.464815 0.00885417 0.0166667 0.772851
0 0.439844 0.4125 0.0213542 0.108333 0.830212
0 0.758333 0.401389 0.01875 0.0768519 0.863809
0 0.405469 0.444444 0.0223958 0.103704 0.865435
0 0.106771 0.499537 0.0197917 0.117593 0.890348
0 0.71849 0.404167 0.0265625 0.0675926 0.897249
0 0.382292 0.454167 0.025 0.0990741 0.898267
