0 0.58776 0.361574 0.00677083 0.0361111 0.112863
0 0.952604 0.352315 0.00416667 0.0175926 0.116441
0 0.595573 0.361111 0.00677083 0.0388889 0.117402
0 0.619531 0.361111 0.00885417 0.0407407 0.126228
0 0.279167 0.393519 0.00729167 0.0425926 0.149293
0 0.844271 0.372685 0.00625 0.0268519 0.150603
34 0.898177 0.403704 0.0109375 0.0222222 0.15756
0 0.553385 0.360185 0.00989583 0.0351852 0.163697
0 0.732552 0.361574 0.0078125 0.0398148 0.166753
0 0.254948 0.406944 0.0078125 0.0472222 0.172238
0 0.258073 0.405093 0.00885417 0.0509259 0.174155
0 0.31849 0.387037 0.00677083 0.0351852 0.197956
0 0.348437 0.386574 0.009375 0.0527778 0.199208
0 0.759375 0.373148 0.009375 0.0259259 0.203873
0 0.581771 0.362963 0.00833333 0.0388889 0.204874
0 0.340104 0.389352 0.0114583 0.0453704 0.261743
0 0.354167 0.386111 0.0125 0.0481481 0.262314
0 0.18151 0.330556 0.00572917 0.0259259 0.278751
0 0.605469 0.359722 0.0119792 0.0435185 0.279436
0 0.270312 0.402315 0.0125 0.0490741 0.325473
0 0.192969 0.407407 0.00989583 0.0333333 0.326007
0 0.676042 0.360648 0.0104167 0.0546296 0.346764
0 0.30026 0.395833 0.0140625 0.0472222 0.400904
0 0.570052 0.363889 0.0078125 0.0407407 0.432297
0 0.173958 0.416667 0.009375 0.037037 0.448958
0 0.236458 0.411111 0.0125 0.0444444 0.462616
0 0.149479 0.422685 0.0125 0.0509259 0.472955
0 0.249479 0.411111 0.0114583 0.0425926 0.479998
0 0.654688 0.361574 0.0104167 0.0490741 0.482602
0 0.977344 0.359722 0.00572917 0.0342593 0.49189
0 0.644271 0.358796 0.009375 0.0490741 0.494432
0 0.375521 0.375 0.009375 0.037037 0.496398
0 0.715104 0.357407 0.00833333 0.0518519 0.503233
0 0.0221354 0.456944 0.0119792 0.0546296 0.518124
0 0.944271 0.372685 0.00833333 0.0416667 0.581011
0 0.556771 0.38287 0.009375 0.0435185 0.581922
0 0.0510417 0.350926 0.00625 0.0296296 0.60356
0 0.224479 0.405556 0.0104167 0.0444444 0.606212
0 0.535417 0.376389 0.009375 0.0490741 0.607761
0 0.163021 0.419444 0.0114583 0.0462963 0.651905
0 0.867188 0.359722 0.0114583 0.0583333 0.65723
0 0.667448 0.368981 0.00989583 0.0435185 0.676131
0 0.766146 0.386111 0.0208333 0.0537037 0.695355
0 0.633854 0.375 0.0114583 0.0537037 0.729442
32 0.844271 0.4 0.00625 0.0111111 0.802679
0 0.514323 0.38287 0.0140625 0.0898148 0.809997
0 0.75 0.391667 0.01875 0.0777778 0.816712
0 0.911979 0.4125 0.034375 0.199074 0.826174
0 0.101042 0.491667 0.0260417 0.125926 0.869379
0 0.704167 0.388426 0.0197917 0.0638889 0.8705
0 0.320833 0.454167 0.0270833 0.126852 0.921737
