0 0.627865 0.3625 0.00677083 0.037963 0.101286
0 0.467448 0.380093 0.0078125 0.0416667 0.102265
0 0.785937 0.36713 0.00729167 0.0453704 0.118035
0 0.473437 0.382407 0.00729167 0.0333333 0.11894
0 0.932031 0.376852 0.00572917 0.0277778 0.125544
0 0.700781 0.363426 0.00885417 0.0416667 0.127257
0 0.7125 0.362037 0.0104167 0.0425926 0.129219
36 0.446354 0.443056 0.0135417 0.0138889 0.133084
0 0.168229 0.339352 0.00729167 0.0342593 0.139217
0 0.265365 0.402778 0.0078125 0.0351852 0.150323
0 0.286979 0.4 0.009375 0.0407407 0.152061
0 0.664583 0.363426 0.009375 0.0416667 0.155004
0 0.431771 0.378241 0.00833333 0.0453704 0.212159
0 0.265885 0.325926 0.00572917 0.0259259 0.214111
0 0.642187 0.377315 0.00520833 0.0157407 0.217982
0 0.0046875 0.455556 0.00833333 0.0407407 0.241753
0 0.817448 0.365741 0.00989583 0.0425926 0.243495
0 0.513281 0.369907 0.00677083 0.0416667 0.243801
0 0.326042 0.394907 0.00729167 0.0398148 0.251777
0 0.319271 0.394444 0.00729167 0.037037 0.261397
0 0.422135 0.377315 0.0078125 0.0305556 0.268338
0 0.51875 0.370833 0.00833333 0.0435185 0.280948
0 0.479948 0.377778 0.00885417 0.0407407 0.289661
0 0.489062 0.376852 0.00833333 0.0407407 0.295162
0 0.798958 0.361111 0.00833333 0.0537037 0.307327
0 0.552344 0.410185 0.0109375 0.0537037 0.308271
0 0.18724 0.418981 0.00677083 0.0287037 0.342884
0 0.0591146 0.445833 0.00677083 0.037963 0.352257
0 0.461458 0.379167 0.00833333 0.0435185 0.352654
0 0.650781 0.363426 0.00885417 0.0416667 0.371862
0 0.725781 0.359722 0.0109375 0.0509259 0.389386
0 0.618229 0.363889 0.0114583 0.0388889 0.394208
0 0.366927 0.397685 0.00989583 0.0435185 0.40011
0 0.24974 0.406944 0.0078125 0.0472222 0.443587
0 0.400781 0.384722 0.00989583 0.0361111 0.450868
0 0.733594 0.369444 0.0109375 0.0462963 0.502163
0 0.140104 0.343056 0.00625 0.0268519 0.510662
0 0.30651 0.400926 0.0119792 0.0481481 0.527839
0 0.633854 0.362963 0.00833333 0.0425926 0.53707
0 0.240365 0.417593 0.0109375 0.0481481 0.555799
0 0.842188 0.37963 0.0125 0.0296296 0.611857
0 0.0401042 0.453704 0.0135417 0.0518519 0.620898
0 0.015625 0.468519 0.0166667 0.062963 0.631208
0 0.227083 0.419444 0.0104167 0.0481481 0.651411
0 0.580469 0.381944 0.0130208 0.0435185 0.684441
32 0.53151 0.437963 0.0078125 0.012963 0.68656
0 0.0817708 0.452315 0.009375 0.0490741 0.697969
0 0.0932292 0.447222 0.0104167 0.0518519 0.7068
0 0.561458 0.40463 0.0208333 0.062963 0.756493
0 0.958333 0.364815 0.0104167 0.0592593 0.765924
0 0.715625 0.386111 0.015625 0.05 0.778478
0 0.444792 0.400463 0.0166667 0.0990741 0.803035
0 0.684115 0.384259 0.0151042 0.0537037 0.812689
0 0.31901 0.436111 0.0140625 0.0796296 0.828728
0 0.538281 0.403241 0.0213542 0.0694444 0.839929
0 0.14974 0.493981 0.0244792 0.113889 0.896944
0 0.989323 0.427778 0.0213542 0.22037 0.906957
