0 0.539062 0.365741 0.0114583 0.0351852 0.101674
0 0.308854 0.393056 0.009375 0.0268519 0.105261
13 0.590365 0.374537 0.0421875 0.025 0.10973
0 0.402865 0.383333 0.00989583 0.0444444 0.113964
0 0.648438 0.363889 0.00625 0.037037 0.121931
0 0.765104 0.3625 0.00833333 0.0453704 0.150971
0 0.457031 0.37963 0.00885417 0.0407407 0.15854
32 0.534635 0.45463 0.00677083 0.00740741 0.173924
0 0.622917 0.376852 0.00625 0.0148148 0.187727
0 0.64349 0.363889 0.0078125 0.0388889 0.19514
0 0.565625 0.383333 0.00833333 0.0444444 0.199555
0 0.316146 0.389815 0.009375 0.0314815 0.202592
0 0.00911458 0.449537 0.00885417 0.0361111 0.214447
0 0.147917 0.341667 0.00729167 0.037037 0.216051
0 0.658333 0.362963 0.00833333 0.0444444 0.229458
0 0.29375 0.396759 0.00729167 0.0324074 0.234833
0 0.247656 0.415278 0.00885417 0.0453704 0.240993
0 0.910417 0.377778 0.00625 0.0277778 0.264374
0 0.667448 0.360648 0.0119792 0.0435185 0.266202
0 0.413021 0.383333 0.009375 0.0462963 0.26881
0 0.398438 0.382407 0.009375 0.0407407 0.275744
0 0.422917 0.383796 0.00833333 0.0435185 0.297645
0 0.485156 0.368056 0.0078125 0.0324074 0.308489
38 0.965625 0.4125 0.0114583 0.0194444 0.328228
0 0.245833 0.326852 0.00625 0.0259259 0.347468
0 0.738802 0.362037 0.0109375 0.0537037 0.354876
0 0.217187 0.410648 0.00625 0.025 0.369587
0 0.286719 0.399074 0.00885417 0.0444444 0.382163
0 0.796615 0.364815 0.00989583 0.0425926 0.384867
0 0.273177 0.399074 0.00885417 0.0388889 0.385466
0 0.11875 0.344444 0.00625 0.0259259 0.39433
0 0.3875 0.383796 0.0104167 0.0453704 0.401499
0 0.0273438 0.452315 0.00885417 0.0398148 0.407261
0 0.692708 0.362963 0.009375 0.0444444 0.422973
0 0.359635 0.39537 0.00989583 0.0462963 0.423144
0 0.47526 0.37037 0.0078125 0.0407407 0.428601
0 0.71875 0.372685 0.009375 0.0416667 0.428757
0 0.63151 0.363426 0.0078125 0.0435185 0.447905
0 0.778125 0.361111 0.00833333 0.0518519 0.4584
0 0.70625 0.359722 0.0104167 0.0490741 0.547447
0 0.528125 0.393056 0.0125 0.0546296 0.548897
0 0.614062 0.3625 0.009375 0.0416667 0.619425
0 0.0585938 0.453704 0.0109375 0.0518519 0.633455
0 0.065625 0.45463 0.009375 0.0481481 0.649397
0 0.241667 0.410185 0.0104167 0.0555556 0.656013
0 0.936198 0.364352 0.0109375 0.0601852 0.665225
0 0.821615 0.379167 0.0119792 0.0287037 0.707907
0 0.23151 0.418519 0.0130208 0.0462963 0.71084
0 0.558854 0.392593 0.015625 0.0685185 0.766576
0 0.729948 0.382407 0.0151042 0.0592593 0.773062
0 0.679948 0.384259 0.0140625 0.0462963 0.783545
0 0.538021 0.414352 0.01875 0.0842593 0.807703
0 0.447396 0.398611 0.0239583 0.0972222 0.843568
0 0.511719 0.407407 0.0182292 0.0648148 0.847654
32 0.547917 0.448148 0.009375 0.0148148 0.885725
0 0.11276 0.491204 0.0182292 0.121296 0.904015
0 0.292448 0.442593 0.0296875 0.0814815 0.910049
0 0.975521 0.424074 0.0354167 0.212963 0.913257
