0 0.789062 0.359259 0.009375 0.0462963 0.123459
0 0.567448 0.376852 0.00572917 0.0148148 0.128824
0 0.73776 0.361574 0.0109375 0.0435185 0.136531
0 0.997396 0.367593 0.00520833 0.0333333 0.152971
0 0.588021 0.363426 0.00729167 0.0398148 0.161645
0 0.978385 0.37037 0.00677083 0.0592593 0.162554
0 0.290365 0.38287 0.00677083 0.0231481 0.170358
0 0.185156 0.415278 0.00885417 0.0435185 0.17247
0 0.246354 0.407407 0.00833333 0.0481481 0.185033
0 0.3375 0.38287 0.00625 0.0305556 0.196738
0 0.109635 0.429167 0.0109375 0.0453704 0.200555
0 0.611198 0.359722 0.0119792 0.0435185 0.201553
0 0.260938 0.394444 0.00729167 0.0314815 0.226359
0 0.274479 0.393981 0.00833333 0.0342593 0.249789
0 0.367448 0.387037 0.0078125 0.0425926 0.256008
0 0.681771 0.360185 0.0114583 0.0537037 0.258605
0 0.1875 0.330556 0.00625 0.0259259 0.264941
0 0.660937 0.361111 0.009375 0.0481481 0.274656
0 0.558073 0.35787 0.00989583 0.0342593 0.293404
0 0.333854 0.383796 0.00520833 0.0342593 0.296508
0 0.54401 0.360185 0.00572917 0.0259259 0.306851
0 0.348958 0.387963 0.009375 0.0444444 0.330083
0 0.85 0.372222 0.00625 0.0259259 0.347952
0 0.575521 0.363426 0.009375 0.0416667 0.350708
0 0.636979 0.360648 0.009375 0.0435185 0.355829
0 0.311979 0.393519 0.0114583 0.05 0.362052
0 0.386979 0.375463 0.009375 0.0342593 0.376344
0 0.720052 0.35787 0.00989583 0.0509259 0.389925
0 0.250521 0.406944 0.0125 0.0509259 0.433916
0 0.199219 0.406944 0.00885417 0.0324074 0.461945
0 0.764583 0.375463 0.0104167 0.0287037 0.475616
0 0.989844 0.362963 0.00572917 0.037037 0.478064
0 0.0578125 0.350926 0.00625 0.0296296 0.485525
0 0.753646 0.386574 0.0135417 0.0527778 0.495561
0 0.65026 0.358796 0.00989583 0.0509259 0.505872
0 0.669531 0.369444 0.00989583 0.0444444 0.508935
0 0.177865 0.417593 0.0140625 0.05 0.557389
0 0.0494792 0.45 0.0166667 0.0537037 0.567139
0 0.235156 0.411574 0.0119792 0.0472222 0.625686
0 0.711979 0.385648 0.0104167 0.0546296 0.626863
0 0.627604 0.376852 0.0104167 0.0555556 0.661652
0 0.948958 0.367593 0.009375 0.0537037 0.709677
0 0.69974 0.389352 0.0140625 0.0657407 0.732202
0 0.554688 0.38287 0.0135417 0.0453704 0.737716
0 0.740885 0.391667 0.0255208 0.0777778 0.770105
0 0.874219 0.360185 0.0109375 0.0592593 0.773033
0 0.532812 0.380556 0.009375 0.0444444 0.783901
32 0.824479 0.402778 0.00625 0.0111111 0.824553
0 0.504687 0.383796 0.0145833 0.0898148 0.850366
0 0.107552 0.489352 0.0265625 0.126852 0.866319
0 0.296875 0.458333 0.025 0.125926 0.896341
0 0.917969 0.412963 0.0359375 0.2 0.901276
