0 0.660417 0.360185 0.0104167 0.0425926 0.126036
0 0.609115 0.3625 0.0078125 0.0398148 0.127456
0 0.220833 0.40787 0.00729167 0.037963 0.13629
0 0.20651 0.409722 0.00885417 0.0435185 0.14708
37 0.135156 0.540741 0.0203125 0.012963 0.152358
0 0.911198 0.347685 0.00677083 0.0194444 0.166561
0 0.283073 0.390741 0.0078125 0.0314815 0.170032
0 0.633594 0.356944 0.0109375 0.0416667 0.184465
0 0.672396 0.357407 0.0104167 0.0462963 0.187486
0 0.910937 0.3625 0.00729167 0.0509259 0.197051
0 0.23724 0.391204 0.0078125 0.0268519 0.199859
0 0.227344 0.405093 0.00885417 0.0361111 0.209479
0 0.328906 0.390741 0.0119792 0.0481481 0.211364
0 0.345573 0.389815 0.0119792 0.0462963 0.218161
0 0.368229 0.385185 0.00729167 0.0407407 0.234575
0 0.357812 0.392593 0.009375 0.0425926 0.240741
0 0.408854 0.380093 0.0114583 0.0416667 0.241338
0 0.41875 0.375 0.0114583 0.0388889 0.250117
0 0.574219 0.363426 0.00677083 0.0361111 0.265733
0 0.276823 0.400463 0.0130208 0.0527778 0.275941
0 0.244792 0.412037 0.00833333 0.0444444 0.312201
0 0.398177 0.381019 0.0109375 0.0472222 0.325897
0 0.383333 0.385185 0.0104167 0.0444444 0.340472
0 0.21276 0.412037 0.0109375 0.0444444 0.360969
0 0.0820312 0.348611 0.00677083 0.0268519 0.362391
0 0.74349 0.35463 0.0078125 0.0444444 0.364248
0 0.703906 0.359722 0.0119792 0.0527778 0.368338
0 0.982552 0.357407 0.00572917 0.0314815 0.396832
0 0.598437 0.363426 0.00833333 0.0416667 0.420159
0 0.210677 0.328704 0.00572917 0.0259259 0.436448
29 0.285937 0.443519 0.0145833 0.00925926 0.464392
0 0.580729 0.361574 0.00833333 0.0416667 0.4837
0 0.786719 0.375926 0.0119792 0.0296296 0.489605
0 0.565365 0.382407 0.00989583 0.0462963 0.513443
0 0.541146 0.378704 0.00833333 0.0462963 0.515824
0 0.310937 0.389815 0.00729167 0.0351852 0.516739
0 0.15 0.422222 0.009375 0.0444444 0.556431
0 0.97526 0.374537 0.00885417 0.0435185 0.584588
0 0.259375 0.40787 0.0135417 0.0472222 0.605451
32 0.790104 0.39537 0.00625 0.0111111 0.642846
0 0.628125 0.378704 0.0114583 0.0518519 0.653937
0 0.729688 0.390278 0.0125 0.0564815 0.677224
0 0.898958 0.361111 0.009375 0.0592593 0.681129
0 0.76875 0.383796 0.0135417 0.0583333 0.696871
0 0.00572917 0.465278 0.0114583 0.0564815 0.715758
0 0.103646 0.440278 0.0125 0.0546296 0.737213
0 0.688542 0.394444 0.0177083 0.0796296 0.831743
0 0.500521 0.387037 0.0197917 0.0925926 0.852497
0 0.129427 0.484722 0.0182292 0.125 0.861388
0 0.942187 0.415278 0.0322917 0.202778 0.876063
0 0.739323 0.4 0.0296875 0.0759259 0.880045
0 0.28151 0.464815 0.0317708 0.116667 0.908581
