0 0.0723958 0.433796 0.00833333 0.025 0.104621
36 0.416146 0.4625 0.0104167 0.0194444 0.125903
0 0.698698 0.366204 0.0078125 0.0416667 0.126396
0 0.347396 0.385185 0.00625 0.0203704 0.135057
0 0.0221354 0.45787 0.00885417 0.037963 0.135947
0 0.813802 0.368519 0.0078125 0.0481481 0.137306
0 0.0807292 0.434259 0.009375 0.0277778 0.143152
0 0.161458 0.341667 0.00625 0.0259259 0.159621
0 0.0822917 0.446759 0.0104167 0.0546296 0.160672
0 0.563281 0.365278 0.0078125 0.0324074 0.167648
0 0.0536458 0.449074 0.009375 0.0425926 0.171901
0 0.0268229 0.456481 0.0109375 0.0407407 0.177095
0 0.707292 0.364352 0.0114583 0.0435185 0.220124
0 0.078125 0.462037 0.0114583 0.0407407 0.226854
0 0.381771 0.391204 0.00625 0.037963 0.231993
0 0.473177 0.376389 0.00677083 0.0305556 0.241222
0 0.807813 0.370833 0.00729167 0.0453704 0.243022
0 0.454688 0.384259 0.00833333 0.0407407 0.243766
0 0.6625 0.381019 0.00625 0.0157407 0.246736
0 0.769271 0.369907 0.009375 0.0490741 0.256508
0 0.779948 0.368056 0.0109375 0.0527778 0.286617
0 0.838542 0.370833 0.0104167 0.0416667 0.291696
0 0.747656 0.366667 0.0109375 0.0555556 0.328903
0 0.358073 0.389815 0.0078125 0.0333333 0.341073
0 0.754427 0.377778 0.0140625 0.0407407 0.353801
0 0.110937 0.443981 0.00833333 0.0527778 0.364875
0 0.377604 0.391667 0.00729167 0.0407407 0.378766
0 0.514583 0.381481 0.0104167 0.0425926 0.387244
0 0.671354 0.367593 0.00833333 0.0425926 0.417612
0 0.116927 0.444907 0.00989583 0.0490741 0.420771
0 0.493229 0.37963 0.0104167 0.0481481 0.428174
0 0.956771 0.371759 0.0104167 0.0509259 0.46867
0 0.819531 0.36713 0.00885417 0.0546296 0.472834
0 0.09375 0.437963 0.009375 0.0388889 0.493728
0 0.141667 0.431481 0.00729167 0.0296296 0.503302
0 0.0466146 0.458333 0.0078125 0.0444444 0.506351
0 0.403646 0.390741 0.0104167 0.0444444 0.511494
0 0.655208 0.366667 0.00833333 0.0407407 0.546144
0 0.521875 0.394444 0.0145833 0.0462963 0.623383
0 0.190365 0.42037 0.0078125 0.0407407 0.667516
0 0.532292 0.400463 0.0145833 0.0509259 0.678615
0 0.22526 0.423148 0.0119792 0.0481481 0.736718
0 0.20599 0.427778 0.0151042 0.0481481 0.740019
0 0.980729 0.371759 0.0114583 0.062037 0.741455
0 0.864323 0.386111 0.0130208 0.0296296 0.743733
32 0.573698 0.463426 0.00989583 0.0157407 0.74993
0 0.417448 0.409259 0.0130208 0.105556 0.773052
0 0.157552 0.430093 0.0130208 0.0490741 0.782928
0 0.428906 0.436574 0.0161458 0.0990741 0.785707
0 0.733333 0.396759 0.0177083 0.0712963 0.832057
0 0.564583 0.425463 0.0239583 0.0861111 0.8327
0 0.695312 0.399537 0.01875 0.0583333 0.851111
0 0.59349 0.42037 0.0359375 0.0888889 0.91081
0 0.353646 0.443981 0.0229167 0.0916667 0.914637
0 0.0973958 0.504167 0.0229167 0.112037 0.933674
