0 0.761198 0.361111 0.0130208 0.0296296 0.100729
0 0.0916667 0.44213 0.009375 0.0361111 0.106048
0 0.825781 0.374074 0.0078125 0.0481481 0.113566
13 0.0476562 0.457407 0.0338542 0.0277778 0.117115
0 0.121875 0.4375 0.00729167 0.037963 0.119246
0 0.521354 0.383796 0.0104167 0.0398148 0.119391
13 0.0434896 0.456944 0.0828125 0.0305556 0.125004
0 0.0213542 0.449074 0.0208333 0.0666667 0.125091
0 0.736979 0.370833 0.00729167 0.037963 0.129911
0 0.00234375 0.422222 0.0046875 0.012963 0.133908
0 0.541667 0.375463 0.0135417 0.0398148 0.137147
0 0.340365 0.323611 0.00572917 0.025 0.142341
0 0.870052 0.372685 0.0078125 0.0509259 0.151946
0 0.572396 0.379167 0.0114583 0.0398148 0.189467
0 0.864323 0.375 0.0078125 0.0481481 0.195868
0 0.191146 0.427778 0.00625 0.0333333 0.198714
0 0.0244792 0.461111 0.0145833 0.0425926 0.198868
0 0.392188 0.402315 0.00833333 0.0416667 0.208651
0 0.715885 0.383796 0.00677083 0.0175926 0.219942
0 0.725 0.368056 0.009375 0.037963 0.220323
0 0.595052 0.376852 0.0078125 0.0388889 0.224981
0 0.773177 0.372685 0.00989583 0.0453704 0.230687
0 0.586979 0.376389 0.009375 0.0416667 0.239278
0 0.135937 0.431019 0.00625 0.0342593 0.256982
0 0.633333 0.369444 0.00833333 0.0462963 0.257755
0 0.184896 0.423611 0.00729167 0.0453704 0.276356
0 0.533073 0.40787 0.0119792 0.0509259 0.282922
0 0.623698 0.366204 0.00572917 0.0305556 0.285554
0 0.416667 0.390278 0.0104167 0.0361111 0.299585
0 0.160156 0.433796 0.00989583 0.0472222 0.302303
0 0.170573 0.437963 0.00989583 0.0462963 0.304205
0 0.835156 0.372222 0.0119792 0.0555556 0.323835
0 0.554167 0.379167 0.0104167 0.0435185 0.350305
0 0.178646 0.437963 0.0104167 0.0462963 0.380794
0 0.896354 0.376389 0.0114583 0.0453704 0.395359
0 0.788281 0.370833 0.00989583 0.0453704 0.433114
0 0.0695312 0.45 0.0109375 0.0462963 0.444805
0 0.801302 0.368981 0.00989583 0.0527778 0.462627
0 0.876042 0.372222 0.009375 0.0574074 0.473553
0 0.242708 0.421296 0.0114583 0.0555556 0.496494
0 0.115625 0.448148 0.009375 0.0425926 0.498278
0 0.154948 0.440278 0.0161458 0.062037 0.523056
0 0.480208 0.385648 0.00833333 0.0435185 0.54721
0 0.921094 0.392593 0.0130208 0.0296296 0.597261
0 0.808594 0.381481 0.0151042 0.0462963 0.602058
0 0.264062 0.42037 0.0114583 0.0481481 0.622284
0 0.215885 0.419907 0.0109375 0.0416667 0.627622
0 0.707552 0.369907 0.00885417 0.0435185 0.648203
32 0.55599 0.463426 0.00885417 0.0157407 0.749843
0 0.378125 0.453704 0.034375 0.107407 0.757518
0 0.357552 0.455556 0.0265625 0.111111 0.778561
0 0.536979 0.430556 0.0260417 0.0833333 0.840679
0 0.763802 0.405093 0.0151042 0.0787037 0.852431
0 0.0955729 0.502778 0.0182292 0.114815 0.860458
0 0.727083 0.40787 0.0177083 0.0712963 0.875194
0 0.438802 0.414815 0.0307292 0.109259 0.900416
0 0.569271 0.424537 0.0322917 0.0787037 0.926741
