0 0.344271 0.394907 0.0104167 0.0453704 0.107688
0 0.424479 0.380556 0.0114583 0.0425926 0.110638
0 0.348437 0.384722 0.0114583 0.0305556 0.115893
38 0.564323 0.412037 0.00885417 0.0185185 0.117559
0 0.617969 0.362963 0.00677083 0.0388889 0.118262
0 0.632292 0.362963 0.00729167 0.0444444 0.132251
0 0.290885 0.390278 0.0078125 0.0305556 0.164283
0 0.386979 0.386574 0.00729167 0.0435185 0.16474
0 0.258854 0.401389 0.00833333 0.037963 0.170618
0 0.251563 0.395833 0.009375 0.0287037 0.178294
0 0.379948 0.384722 0.0119792 0.0472222 0.204352
0 0.333854 0.387963 0.00833333 0.0462963 0.206646
0 0.21901 0.328241 0.00572917 0.025 0.215515
0 0.738281 0.3625 0.0078125 0.0435185 0.220075
0 0.567969 0.385185 0.00885417 0.0481481 0.235925
0 0.846094 0.362037 0.0119792 0.0462963 0.236485
0 0.641406 0.360185 0.0119792 0.0444444 0.237061
0 0.323438 0.39213 0.00833333 0.037963 0.241028
0 0.48099 0.371759 0.0130208 0.0398148 0.250391
0 0.415365 0.381481 0.00989583 0.0407407 0.26133
0 0.882552 0.373611 0.00677083 0.0268519 0.264763
0 0.605469 0.363426 0.00885417 0.0435185 0.267141
0 0.770312 0.362963 0.0104167 0.0444444 0.269754
0 0.0260417 0.459722 0.00833333 0.0509259 0.296195
0 0.451823 0.368519 0.0078125 0.0314815 0.297384
0 0.666667 0.360648 0.009375 0.0416667 0.30732
38 0.9375 0.407407 0.0135417 0.0222222 0.357762
36 0.104167 0.55 0.0104167 0.0111111 0.374404
0 0.680729 0.358333 0.0104167 0.05 0.389706
0 0.271354 0.395833 0.00729167 0.0361111 0.400134
0 0.0908854 0.347685 0.00572917 0.0268519 0.411646
0 0.693229 0.370833 0.009375 0.0435185 0.480412
0 0.201562 0.412037 0.0104167 0.0444444 0.522062
0 0.996875 0.361574 0.00625 0.0398148 0.535801
0 0.588802 0.3625 0.00885417 0.0416667 0.540347
0 0.523698 0.392593 0.0078125 0.05 0.541502
0 0.751562 0.358796 0.00833333 0.0527778 0.547523
0 0.232552 0.415278 0.0119792 0.0490741 0.548426
0 0.794792 0.377315 0.0125 0.0287037 0.55832
0 0.218229 0.416204 0.009375 0.0490741 0.558667
0 0.546354 0.381481 0.009375 0.0407407 0.594011
0 0.984115 0.377778 0.00885417 0.0407407 0.643254
0 0.0322917 0.459259 0.0114583 0.0518519 0.65942
0 0.190104 0.419907 0.0145833 0.0527778 0.735536
0 0.710677 0.384722 0.0140625 0.0583333 0.757205
0 0.908073 0.3625 0.0109375 0.0601852 0.78581
0 0.674219 0.384722 0.0161458 0.0490741 0.807441
0 0.438021 0.397685 0.0291667 0.0990741 0.81404
0 0.515104 0.406481 0.021875 0.0796296 0.82948
0 0.576042 0.413889 0.0260417 0.101852 0.841958
0 0.952604 0.420833 0.028125 0.208333 0.862788
32 0.588542 0.453704 0.009375 0.0166667 0.863272
0 0.1 0.49213 0.01875 0.121296 0.882271
0 0.252344 0.44537 0.0151042 0.0907407 0.891275
