0 0.0692708 0.451389 0.00729167 0.0268519 0.1042
0 0.541667 0.367593 0.0104167 0.0203704 0.106853
13 0.603646 0.381944 0.0458333 0.0287037 0.111902
0 0.574219 0.376389 0.0078125 0.0398148 0.113586
0 0.351302 0.393519 0.0078125 0.0333333 0.129346
0 0.611458 0.359722 0.00625 0.0194444 0.136255
0 0.561198 0.377315 0.00989583 0.037963 0.139219
0 0.859896 0.372222 0.00833333 0.0518519 0.14144
0 0.338021 0.397222 0.00729167 0.037037 0.146878
0 0.207813 0.338889 0.00625 0.0259259 0.149577
29 0.110417 0.493056 0.00729167 0.0101852 0.158963
0 0.70651 0.383333 0.00677083 0.0166667 0.165859
0 0.621094 0.369444 0.0109375 0.0388889 0.17084
0 0.584635 0.378704 0.00989583 0.037037 0.196205
0 0.0773437 0.446759 0.0078125 0.0398148 0.199488
0 0.505208 0.37963 0.00833333 0.0351852 0.210893
0 0.751823 0.367593 0.0119792 0.0444444 0.218443
0 0.853646 0.375 0.00833333 0.0481481 0.224581
13 0.0317708 0.458796 0.04375 0.0305556 0.249895
0 0.815365 0.373148 0.00989583 0.05 0.253885
0 0.0822917 0.446296 0.0104167 0.0407407 0.255545
0 0.181771 0.428704 0.00729167 0.0314815 0.255889
0 0.715104 0.367593 0.00833333 0.0388889 0.257523
0 0.533854 0.397685 0.0125 0.0416667 0.288995
0 0.778385 0.371759 0.00885417 0.0453704 0.301716
0 0.885156 0.375463 0.00989583 0.0453704 0.30834
0 0.145833 0.434259 0.0125 0.0462963 0.315352
0 0.166927 0.436574 0.00885417 0.0509259 0.319694
0 0.866667 0.370833 0.00833333 0.0564815 0.333686
0 0.825521 0.371759 0.0114583 0.0546296 0.339053
0 0.798958 0.381481 0.015625 0.0444444 0.366618
0 0.427865 0.389352 0.0078125 0.0416667 0.367151
0 0.123438 0.426389 0.00729167 0.0231481 0.380059
0 0.791667 0.369444 0.0104167 0.0537037 0.389125
0 0.160417 0.438889 0.009375 0.0481481 0.39251
0 0.1375 0.443056 0.0145833 0.062037 0.430507
0 0.465104 0.387963 0.0125 0.0444444 0.441137
0 0.698177 0.369907 0.00885417 0.0416667 0.486318
0 0.540104 0.406944 0.0177083 0.0527778 0.495578
0 0.216406 0.42037 0.0119792 0.0407407 0.532175
0 0.226562 0.421759 0.0135417 0.0453704 0.532923
0 0.238281 0.425463 0.00989583 0.0472222 0.546104
0 0.0546875 0.450926 0.0104167 0.0481481 0.546379
32 0.575781 0.462963 0.00989583 0.0148148 0.580624
0 0.259896 0.421296 0.0114583 0.0481481 0.63008
0 0.910937 0.391204 0.0125 0.0305556 0.689779
0 0.576823 0.425926 0.0390625 0.0777778 0.715219
0 0.55599 0.431944 0.0171875 0.075 0.719484
0 0.00625 0.463889 0.0125 0.0462963 0.7451
0 0.438281 0.412037 0.0213542 0.109259 0.832681
0 0.398177 0.446296 0.0213542 0.1 0.846671
0 0.719792 0.402778 0.021875 0.0685185 0.86297
0 0.379427 0.45463 0.0338542 0.0962963 0.876942
0 0.759896 0.40463 0.0177083 0.0740741 0.885823
0 0.10625 0.496296 0.01875 0.124074 0.896527
