0 0.663021 0.362037 0.00625 0.0388889 0.102027
0 0.659375 0.362037 0.00625 0.0388889 0.104028
0 0.679948 0.35 0.0109375 0.0222222 0.10456
0 0.63724 0.362037 0.00677083 0.0407407 0.108711
0 0.0294271 0.455093 0.00989583 0.0435185 0.110574
0 0.70599 0.362037 0.00989583 0.0425926 0.120571
0 0.0494792 0.45 0.009375 0.0481481 0.130908
0 0.692187 0.362963 0.0114583 0.0444444 0.148805
0 0.329948 0.394444 0.0078125 0.0425926 0.156067
0 0.810156 0.364815 0.00989583 0.0407407 0.158386
0 0.655729 0.3625 0.00729167 0.0416667 0.160036
0 0.71901 0.347222 0.00989583 0.0259259 0.160733
0 0.003125 0.45787 0.00625 0.0435185 0.166623
0 0.132292 0.343981 0.00625 0.0268519 0.169997
0 0.534375 0.406481 0.009375 0.0648148 0.173734
0 0.779167 0.363889 0.00833333 0.0462963 0.181585
0 0.325 0.39537 0.009375 0.0444444 0.184659
0 0.785417 0.361574 0.00833333 0.0490741 0.189593
0 0.316146 0.397685 0.009375 0.0453704 0.192719
0 0.514844 0.365741 0.00885417 0.0407407 0.215469
0 0.488021 0.376389 0.0104167 0.0416667 0.220739
0 0.477865 0.375926 0.00885417 0.0425926 0.224741
0 0.71875 0.362037 0.0104167 0.0574074 0.238613
0 0.28724 0.398611 0.00677083 0.0398148 0.242896
36 0.430469 0.45 0.0130208 0.00740741 0.302341
0 0.0484375 0.439815 0.00729167 0.0277778 0.307128
0 0.644271 0.363426 0.00833333 0.0435185 0.342615
0 0.0572917 0.444907 0.00729167 0.0398148 0.347209
0 0.461979 0.375926 0.0104167 0.05 0.355052
0 0.40026 0.383796 0.0078125 0.0342593 0.377581
0 0.211979 0.421759 0.0114583 0.0472222 0.393905
0 0.446354 0.37963 0.0104167 0.0462963 0.396847
0 0.0382813 0.450463 0.00885417 0.0416667 0.401242
0 0.352604 0.398611 0.0114583 0.0453704 0.438236
0 0.222656 0.422222 0.00885417 0.0444444 0.45684
0 0.72526 0.369907 0.00989583 0.0472222 0.469482
0 0.0125 0.472685 0.015625 0.0564815 0.47243
0 0.791927 0.360185 0.0078125 0.0537037 0.514975
0 0.539844 0.406944 0.0119792 0.0657407 0.527637
0 0.549479 0.398148 0.0177083 0.0703704 0.554921
0 0.627083 0.361574 0.00833333 0.0416667 0.564584
0 0.567708 0.38287 0.0104167 0.0453704 0.618076
0 0.0734375 0.452315 0.009375 0.0490741 0.676166
0 0.230729 0.416667 0.0135417 0.0537037 0.68382
0 0.0869792 0.449537 0.0104167 0.0509259 0.708367
32 0.526042 0.437037 0.00833333 0.0111111 0.714794
0 0.95 0.364815 0.0114583 0.0611111 0.763329
0 0.520052 0.404167 0.0223958 0.0675926 0.76507
0 0.835417 0.378704 0.0125 0.0296296 0.767154
0 0.708854 0.38287 0.0125 0.0638889 0.77014
0 0.680469 0.386111 0.0161458 0.0592593 0.792393
0 0.429948 0.400463 0.0161458 0.102778 0.801167
0 0.309115 0.438889 0.0140625 0.0833333 0.873072
0 0.139583 0.493519 0.0229167 0.12037 0.895506
0 0.985417 0.425463 0.0291667 0.217593 0.921693
