0 0.528906 0.387963 0.00885417 0.0425926 0.101366
0 0.232552 0.413426 0.0109375 0.0490741 0.125085
36 0.435677 0.432407 0.0140625 0.0259259 0.130476
0 0.584896 0.363889 0.009375 0.0407407 0.141005
0 0.628125 0.362963 0.00833333 0.0444444 0.153983
0 0.651823 0.364352 0.0078125 0.0398148 0.157126
0 0.734896 0.362037 0.00833333 0.0462963 0.162339
0 0.323698 0.37963 0.00677083 0.0240741 0.164395
0 0.286198 0.39213 0.0078125 0.0305556 0.177249
0 0.417969 0.381019 0.00989583 0.0416667 0.187532
0 0.841146 0.362037 0.0104167 0.0462963 0.190852
35 0.102604 0.502315 0.00625 0.0138889 0.194618
0 0.878906 0.375 0.00677083 0.0277778 0.20168
0 0.381771 0.386111 0.009375 0.0444444 0.221577
0 0.373437 0.384259 0.0104167 0.0444444 0.225679
0 0.49375 0.370833 0.00833333 0.0398148 0.231396
0 0.6375 0.360185 0.0114583 0.0444444 0.248463
0 0.253646 0.402315 0.009375 0.037963 0.2565
0 0.357292 0.384259 0.00729167 0.0425926 0.261269
0 0.936458 0.353241 0.00625 0.0231481 0.267048
0 0.273177 0.39537 0.00677083 0.037037 0.268038
36 0.432813 0.436111 0.00833333 0.0185185 0.272588
0 0.602083 0.363426 0.00833333 0.0416667 0.27998
0 0.468229 0.374074 0.00729167 0.0388889 0.301406
0 0.676823 0.351389 0.00989583 0.0361111 0.302595
0 0.663281 0.362963 0.00885417 0.0444444 0.317885
0 0.766667 0.364352 0.0104167 0.0416667 0.322788
0 0.409115 0.381481 0.0119792 0.0425926 0.32806
0 0.245312 0.401852 0.00833333 0.0388889 0.347891
0 0.215365 0.328241 0.00572917 0.025 0.357978
36 0.439063 0.439352 0.0197917 0.012037 0.365087
0 0.342969 0.393056 0.00885417 0.0453704 0.373636
0 0.0864583 0.348148 0.00625 0.0277778 0.393464
0 0.747917 0.359259 0.00833333 0.0537037 0.41578
0 0.192969 0.411574 0.00677083 0.0416667 0.458353
0 0.992188 0.361574 0.0114583 0.037963 0.475285
0 0.689323 0.370833 0.00885417 0.0435185 0.547285
32 0.60026 0.454167 0.00989583 0.0175926 0.582117
0 0.544271 0.380556 0.009375 0.0407407 0.592358
0 0.316667 0.391204 0.009375 0.0398148 0.595042
0 0.0255208 0.461111 0.015625 0.05 0.607731
0 0.979948 0.377315 0.0078125 0.0416667 0.614191
0 0.791406 0.377315 0.0119792 0.0287037 0.622905
0 0.217448 0.41713 0.0119792 0.0472222 0.650258
0 0.571354 0.389352 0.0177083 0.0583333 0.698481
0 0.178385 0.422222 0.0109375 0.0518519 0.699232
0 0.675521 0.384259 0.0125 0.0518519 0.712197
0 0.903646 0.3625 0.0104167 0.0601852 0.765986
0 0.708073 0.385185 0.0119792 0.0611111 0.800514
0 0.438281 0.396759 0.0171875 0.0953704 0.823202
0 0.590104 0.415741 0.0302083 0.0981481 0.873294
0 0.517187 0.408796 0.0270833 0.0842593 0.884557
0 0.10599 0.493519 0.0276042 0.125926 0.888005
0 0.245833 0.455093 0.0197917 0.087963 0.892931
0 0.945312 0.42037 0.0333333 0.207407 0.901025
