0 0.742448 0.361111 0.0078125 0.0481481 0.113245
36 0.125781 0.543981 0.0171875 0.0101852 0.115192
0 0.932031 0.35 0.00677083 0.0185185 0.124409
0 0.698698 0.363426 0.00989583 0.0472222 0.128735
0 0.627865 0.360185 0.0078125 0.0388889 0.134679
0 0.23724 0.396759 0.0078125 0.0231481 0.135446
0 0.602865 0.361111 0.0078125 0.0388889 0.137669
0 0.878385 0.373611 0.00572917 0.0268519 0.152617
0 0.472135 0.366667 0.0078125 0.0296296 0.156368
0 0.614844 0.362963 0.0078125 0.037037 0.17559
0 0.336979 0.388426 0.00729167 0.0361111 0.176675
0 0.413802 0.381481 0.00885417 0.0407407 0.183444
0 0.63724 0.358796 0.0119792 0.0416667 0.187707
0 0.735937 0.362963 0.00833333 0.0444444 0.187921
0 0.215104 0.327778 0.00520833 0.0240741 0.202063
0 0.375 0.386574 0.00833333 0.0435185 0.227651
0 0.367188 0.387037 0.0114583 0.0481481 0.281167
0 0.766927 0.362963 0.0119792 0.0407407 0.286885
0 0.66276 0.360648 0.00885417 0.0435185 0.294419
0 0.441667 0.375 0.009375 0.0425926 0.303881
0 0.349479 0.388889 0.00833333 0.05 0.321031
0 0.286979 0.392593 0.009375 0.0351852 0.345192
0 0.676302 0.35787 0.0109375 0.0490741 0.360626
0 0.2375 0.407407 0.009375 0.0444444 0.368082
0 0.585417 0.3625 0.009375 0.0416667 0.391867
0 0.0864583 0.348611 0.00625 0.0268519 0.408062
0 0.404167 0.38287 0.0114583 0.0416667 0.412195
0 0.747917 0.358796 0.00833333 0.0546296 0.459757
0 0.245312 0.410185 0.0114583 0.05 0.502391
0 0.305469 0.394444 0.0119792 0.0481481 0.554392
0 0.544792 0.3875 0.0125 0.0490741 0.5994
0 0.903385 0.359722 0.0109375 0.0564815 0.618069
0 0.183333 0.414815 0.00729167 0.0425926 0.645521
0 0.0203125 0.462037 0.0125 0.0537037 0.680529
0 0.791146 0.376389 0.0125 0.0287037 0.684468
0 0.98099 0.371296 0.00989583 0.0537037 0.688601
0 0.225521 0.41713 0.0114583 0.0472222 0.721896
0 0.689583 0.386111 0.0145833 0.0555556 0.741422
0 0.160938 0.425463 0.0135417 0.0527778 0.745376
0 0.597917 0.385185 0.015625 0.0592593 0.751129
0 0.716667 0.385185 0.0208333 0.0648148 0.850347
0 0.554167 0.40787 0.0239583 0.0861111 0.868934
32 0.664062 0.441667 0.009375 0.0166667 0.868965
0 0.2375 0.460648 0.0166667 0.0916667 0.882313
0 0.946615 0.417593 0.0328125 0.203704 0.897725
0 0.454427 0.394907 0.0265625 0.0972222 0.905468
0 0.121875 0.486574 0.025 0.123148 0.911275
0 0.635677 0.4125 0.0213542 0.0861111 0.921426
