0 0.688802 0.364352 0.0078125 0.0453704 0.100906
0 0.752865 0.360185 0.00989583 0.037037 0.113412
0 0.202344 0.329167 0.00572917 0.0231481 0.12875
0 0.207552 0.411111 0.00885417 0.037037 0.15073
0 0.602344 0.362963 0.0078125 0.037037 0.156961
0 0.638021 0.362037 0.009375 0.0407407 0.159628
0 0.898177 0.349074 0.00677083 0.0166667 0.182019
0 0.341146 0.391667 0.00833333 0.0444444 0.206846
0 0.651302 0.360648 0.00989583 0.0416667 0.220881
0 0.102344 0.343056 0.0078125 0.0435185 0.225672
0 0.370313 0.3875 0.00833333 0.0416667 0.255823
0 0.264062 0.402315 0.00729167 0.0361111 0.258436
0 0.313542 0.390278 0.00729167 0.0416667 0.270909
0 0.676042 0.361111 0.00833333 0.0462963 0.273226
0 0.353906 0.392593 0.00989583 0.0407407 0.309246
0 0.332552 0.391667 0.0109375 0.0481481 0.322135
0 0.733854 0.359259 0.0114583 0.0555556 0.372353
0 0.778385 0.376389 0.0119792 0.0287037 0.403066
0 0.0820312 0.44213 0.0109375 0.0509259 0.409171
0 0.407813 0.372222 0.009375 0.0333333 0.412367
0 0.216667 0.40787 0.0104167 0.0472222 0.414835
0 0.681771 0.370833 0.00833333 0.0435185 0.424094
0 0.664323 0.359259 0.00989583 0.05 0.426861
0 0.297917 0.391667 0.00833333 0.0351852 0.429049
0 0.0726563 0.349537 0.00677083 0.0287037 0.434219
0 0.590104 0.363426 0.00833333 0.0416667 0.437207
0 0.386719 0.381944 0.0119792 0.0490741 0.450014
0 0.255208 0.408796 0.0104167 0.0453704 0.48092
0 0.572917 0.3625 0.009375 0.0416667 0.516684
0 0.890104 0.360648 0.009375 0.0583333 0.51902
0 0.198177 0.412037 0.00989583 0.0481481 0.548888
0 0.53724 0.381481 0.00989583 0.0425926 0.569318
0 0.241927 0.412037 0.0109375 0.0462963 0.602417
0 0.627865 0.377315 0.0119792 0.0527778 0.612591
0 0.966927 0.373611 0.0109375 0.0472222 0.622001
0 0.766667 0.382407 0.0166667 0.0611111 0.684538
0 0.559375 0.383796 0.0114583 0.0453704 0.720176
0 0.725521 0.387963 0.0125 0.0592593 0.727415
0 0.135156 0.424074 0.0119792 0.0444444 0.744231
0 0.697396 0.391667 0.0135417 0.0777778 0.767497
32 0.804167 0.406019 0.00625 0.012037 0.797294
0 0.501302 0.386111 0.0151042 0.0925926 0.827978
0 0.747917 0.4 0.0177083 0.0722222 0.836395
0 0.121615 0.486111 0.0213542 0.125926 0.869654
0 0.933594 0.415278 0.0338542 0.200926 0.886402
0 0.285417 0.458796 0.0197917 0.123148 0.899854
