0 0.534375 0.369444 0.00729167 0.037037 0.105346
0 0.607552 0.377778 0.0046875 0.012963 0.106746
0 0.13151 0.346296 0.00677083 0.0314815 0.111573
0 0.364583 0.387963 0.009375 0.0407407 0.115641
0 0.527604 0.365278 0.00729167 0.0342593 0.11677
0 0.301042 0.390741 0.009375 0.0314815 0.134132
36 0.4375 0.440278 0.0166667 0.012037 0.138224
0 0.628646 0.362963 0.00729167 0.0388889 0.144999
0 0.642969 0.3625 0.0078125 0.0435185 0.150686
0 0.559635 0.391667 0.0078125 0.0574074 0.164951
0 0.358854 0.387037 0.009375 0.05 0.165937
0 0.454948 0.371759 0.0078125 0.0361111 0.166067
0 0.554427 0.382407 0.0109375 0.0481481 0.174576
0 0.677083 0.35787 0.009375 0.0361111 0.180243
0 0.229948 0.327315 0.00572917 0.025 0.180458
0 0.50651 0.365741 0.00677083 0.0296296 0.191545
0 0.377344 0.381019 0.0078125 0.0398148 0.208778
0 0.427083 0.381019 0.009375 0.0416667 0.210007
35 0.100521 0.502778 0.00833333 0.0148148 0.222803
0 0.89375 0.375 0.00729167 0.0259259 0.233151
0 0.339063 0.388889 0.00729167 0.0388889 0.243971
34 0.948698 0.409259 0.0130208 0.0222222 0.244607
0 0.78099 0.363889 0.00989583 0.0407407 0.284985
0 0.266406 0.398611 0.0119792 0.0398148 0.299717
0 0.347396 0.397222 0.0125 0.0444444 0.317064
0 0.651823 0.359722 0.0119792 0.0435185 0.324522
38 0.948958 0.409259 0.0125 0.0222222 0.344122
0 0.466406 0.368056 0.00885417 0.0324074 0.345383
0 0.861458 0.3625 0.0125 0.0472222 0.347827
0 0.76224 0.359259 0.00885417 0.0555556 0.357427
0 0.0388021 0.458333 0.00885417 0.0481481 0.358077
0 0.39375 0.385185 0.0114583 0.0481481 0.36174
0 0.691667 0.358796 0.0104167 0.0490741 0.382566
0 0.403906 0.385185 0.00989583 0.0444444 0.386444
0 0.00729167 0.452778 0.009375 0.0425926 0.412009
36 0.105208 0.548148 0.028125 0.012963 0.443798
0 0.210677 0.416667 0.00677083 0.0518519 0.459128
0 0.616146 0.362963 0.00833333 0.0425926 0.475185
0 0.221875 0.418056 0.0114583 0.0472222 0.481704
0 0.703906 0.370833 0.00989583 0.0435185 0.499083
0 0.995833 0.378704 0.00833333 0.0407407 0.554777
0 0.520573 0.394444 0.0109375 0.0462963 0.587366
0 0.805729 0.377778 0.0125 0.0296296 0.588946
0 0.102083 0.347685 0.00625 0.0268519 0.602538
0 0.599219 0.362963 0.00885417 0.0425926 0.616445
0 0.0458333 0.456944 0.0135417 0.0490741 0.632646
0 0.238021 0.415278 0.0104167 0.0453704 0.643109
0 0.919271 0.360648 0.0104167 0.0564815 0.655673
0 0.718229 0.384722 0.0125 0.0546296 0.733848
0 0.674219 0.381944 0.0130208 0.0509259 0.7543
0 0.436979 0.397685 0.015625 0.0972222 0.792696
0 0.509375 0.405556 0.015625 0.0685185 0.796609
0 0.546875 0.419444 0.0229167 0.0851852 0.818777
32 0.565625 0.450926 0.00833333 0.0166667 0.846131
0 0.270833 0.449074 0.0166667 0.0814815 0.865448
0 0.963021 0.422222 0.0333333 0.209259 0.891139
0 0.104948 0.492593 0.0286458 0.12037 0.901077
