0 0.873958 0.376389 0.00729167 0.0472222 0.105037
0 0.139844 0.437037 0.00989583 0.0333333 0.106008
13 0.388281 0.402778 0.0609375 0.0481481 0.116527
0 0.734375 0.366204 0.00833333 0.0361111 0.127396
0 0.152344 0.431944 0.00989583 0.037963 0.131285
0 0.882292 0.373148 0.009375 0.0555556 0.13695
0 0.60651 0.376389 0.00885417 0.0398148 0.138805
0 0.532292 0.37963 0.00729167 0.0333333 0.141863
0 0.227083 0.337963 0.00625 0.0259259 0.151778
0 0.655729 0.365741 0.00625 0.0314815 0.156931
0 0.554948 0.379167 0.00885417 0.0472222 0.158082
0 0.523177 0.397222 0.0119792 0.0296296 0.172459
29 0.0838542 0.501389 0.00416667 0.0101852 0.172519
0 0.104687 0.44213 0.00729167 0.0361111 0.174016
0 0.601823 0.376389 0.0130208 0.0398148 0.187338
0 0.835156 0.375 0.00989583 0.05 0.19537
0 0.783073 0.372222 0.00989583 0.0462963 0.198897
0 0.906771 0.376852 0.0125 0.0462963 0.227212
0 0.636719 0.366204 0.0109375 0.0305556 0.231344
0 0.566667 0.37963 0.0104167 0.0444444 0.235312
0 0.771094 0.368519 0.0130208 0.0444444 0.244935
0 0.583073 0.378241 0.00989583 0.0416667 0.245857
0 0.846615 0.373148 0.0119792 0.0574074 0.247896
0 0.190885 0.435185 0.00989583 0.0462963 0.260517
0 0.797396 0.372222 0.0104167 0.0444444 0.291227
0 0.211719 0.418981 0.00885417 0.0361111 0.319323
0 0.182812 0.437037 0.009375 0.0444444 0.322927
0 0.0867188 0.446296 0.0109375 0.0444444 0.327459
0 0.246875 0.425463 0.009375 0.0472222 0.329241
0 0.203646 0.422222 0.009375 0.0444444 0.329936
0 0.500521 0.385185 0.00729167 0.0425926 0.362509
0 0.0046875 0.466204 0.00833333 0.037963 0.390395
0 0.886719 0.372685 0.00989583 0.0583333 0.39674
0 0.648958 0.36713 0.00833333 0.0398148 0.409208
0 0.0432292 0.459259 0.0114583 0.05 0.429954
0 0.811979 0.369907 0.0104167 0.0509259 0.435
0 0.0114583 0.472685 0.00833333 0.0435185 0.437976
0 0.240104 0.429167 0.0114583 0.0435185 0.442112
0 0.717188 0.37037 0.00833333 0.0425926 0.47743
0 0.818229 0.38287 0.015625 0.0435185 0.479102
0 0.455469 0.387963 0.0109375 0.0388889 0.491403
0 0.13125 0.445833 0.0104167 0.0435185 0.493551
0 0.16875 0.436574 0.0104167 0.062037 0.546703
0 0.267708 0.418056 0.0145833 0.0564815 0.565751
0 0.931771 0.393519 0.0135417 0.0314815 0.652491
0 0.332812 0.458796 0.0229167 0.102778 0.728863
0 0.519271 0.437963 0.0270833 0.087037 0.845685
0 0.763281 0.406481 0.0203125 0.0851852 0.850766
32 0.532552 0.466667 0.00885417 0.0166667 0.860246
0 0.316406 0.465741 0.0348958 0.103704 0.878286
0 0.43099 0.415278 0.0203125 0.108333 0.890308
0 0.733073 0.408796 0.0244792 0.0768519 0.904351
0 0.0776042 0.50463 0.0229167 0.114815 0.910194
0 0.578385 0.423611 0.0296875 0.0768519 0.94099
