0 0.559115 0.361574 0.00989583 0.0361111 0.111409
0 0.602083 0.361574 0.00729167 0.0398148 0.112027
0 0.293229 0.387963 0.00729167 0.0351852 0.112891
0 0.588802 0.362963 0.00677083 0.037037 0.130585
0 0.545573 0.359722 0.00572917 0.025 0.13363
0 0.851042 0.372222 0.00625 0.0259259 0.140955
0 0.790885 0.359259 0.00989583 0.0462963 0.152918
0 0.260938 0.393519 0.00833333 0.0314815 0.167059
0 0.24375 0.406944 0.00833333 0.0435185 0.16795
0 0.345573 0.390741 0.00677083 0.0407407 0.175174
0 0.276563 0.394907 0.00729167 0.0342593 0.202362
0 0.315365 0.392593 0.0161458 0.05 0.230881
0 0.33151 0.384722 0.00572917 0.0342593 0.23408
0 0.98125 0.361111 0.00625 0.0407407 0.300038
0 0.248958 0.408333 0.0104167 0.0462963 0.303077
0 0.661719 0.361574 0.00885417 0.0472222 0.304193
0 0.335417 0.384722 0.00625 0.0342593 0.309883
0 0.367448 0.387037 0.00989583 0.0407407 0.316026
0 0.611719 0.359259 0.0119792 0.0444444 0.330163
0 0.576302 0.363426 0.00885417 0.0398148 0.334841
0 0.350781 0.389815 0.0119792 0.0425926 0.347218
0 0.188542 0.330556 0.00520833 0.0259259 0.353421
0 0.636719 0.361111 0.00989583 0.0425926 0.38043
0 0.682813 0.360185 0.0114583 0.0518519 0.382048
0 0.189063 0.416667 0.0114583 0.0462963 0.394774
0 0.721094 0.358333 0.00885417 0.0518519 0.415434
0 0.765365 0.375463 0.0109375 0.0287037 0.457929
0 0.388281 0.375 0.00885417 0.0351852 0.466309
0 0.0583333 0.350926 0.00625 0.0277778 0.505536
0 0.992188 0.3625 0.00520833 0.0342593 0.531786
0 0.651042 0.359259 0.0104167 0.05 0.533006
0 0.669792 0.369907 0.0104167 0.0453704 0.554538
0 0.179167 0.413889 0.0104167 0.0518519 0.565799
0 0.20026 0.406019 0.00885417 0.0342593 0.571599
0 0.235417 0.411574 0.0125 0.0472222 0.597355
0 0.625 0.376389 0.0114583 0.0546296 0.614749
0 0.95026 0.368519 0.00885417 0.0537037 0.670214
0 0.753385 0.38287 0.0161458 0.0583333 0.685457
0 0.11224 0.428241 0.0119792 0.0416667 0.692371
0 0.0523437 0.449074 0.0140625 0.0555556 0.698003
0 0.87526 0.359722 0.0109375 0.0583333 0.709892
0 0.713542 0.385648 0.0114583 0.0583333 0.716838
32 0.819531 0.401389 0.00677083 0.0138889 0.764634
0 0.554427 0.383333 0.0151042 0.0444444 0.770649
0 0.53099 0.380093 0.0140625 0.0472222 0.803186
0 0.738542 0.388889 0.0197917 0.087037 0.803446
0 0.697396 0.389815 0.015625 0.0703704 0.819172
0 0.5 0.385185 0.0166667 0.0907407 0.840803
0 0.107292 0.488889 0.0239583 0.125926 0.865878
0 0.91875 0.413889 0.034375 0.2 0.892557
0 0.292969 0.458333 0.0234375 0.124074 0.904156
