0 0.345573 0.399074 0.00885417 0.0444444 0.100801
0 0.657031 0.363426 0.00677083 0.0398148 0.102845
0 0.255729 0.326389 0.00625 0.025 0.10324
0 0.690104 0.363426 0.0104167 0.0416667 0.11324
0 0.738542 0.366204 0.009375 0.0453704 0.116329
0 0.653385 0.363889 0.0078125 0.0407407 0.130877
32 0.525 0.439815 0.009375 0.0148148 0.138482
0 0.747917 0.3625 0.0104167 0.0546296 0.155457
0 0.317187 0.397685 0.00729167 0.0435185 0.160098
0 0.0317708 0.452778 0.0125 0.0407407 0.164774
0 0.275781 0.397222 0.00677083 0.0351852 0.165242
0 0.775781 0.366667 0.0078125 0.0462963 0.167827
0 0.470313 0.376389 0.00833333 0.0453704 0.170005
0 0.040625 0.450926 0.00833333 0.0407407 0.17241
0 0.331771 0.39537 0.00625 0.0407407 0.177917
0 0.782552 0.363426 0.0078125 0.0490741 0.183252
0 0.327604 0.397685 0.0104167 0.0509259 0.187025
0 0.321875 0.398611 0.0135417 0.0490741 0.19218
0 0.48776 0.375926 0.0078125 0.0388889 0.206201
0 0.346094 0.408796 0.00677083 0.0212963 0.211293
0 0.632292 0.377778 0.00625 0.0166667 0.215797
0 0.00364583 0.458796 0.00729167 0.0416667 0.218125
0 0.477604 0.375926 0.00729167 0.0407407 0.239625
0 0.463021 0.378241 0.00729167 0.0453704 0.247711
0 0.25599 0.402315 0.00677083 0.037963 0.262322
0 0.129167 0.344444 0.00625 0.0277778 0.308707
0 0.702604 0.362037 0.009375 0.0425926 0.339184
0 0.290625 0.397685 0.00833333 0.0398148 0.343928
0 0.807292 0.365278 0.009375 0.0416667 0.345559
0 0.715885 0.352315 0.00989583 0.0342593 0.348396
0 0.401823 0.38287 0.00572917 0.0361111 0.402352
0 0.21276 0.419444 0.00989583 0.05 0.427608
0 0.723698 0.370833 0.00989583 0.0435185 0.47401
0 0.641406 0.364352 0.00885417 0.0416667 0.475418
0 0.788281 0.362037 0.00885417 0.0555556 0.499622
0 0.448177 0.380093 0.0119792 0.0453704 0.537535
0 0.0848958 0.451389 0.0125 0.0490741 0.562851
0 0.0710938 0.453704 0.0109375 0.05 0.565986
0 0.221354 0.420833 0.0104167 0.0472222 0.621751
0 0.201562 0.425 0.0114583 0.0462963 0.64871
0 0.832031 0.37963 0.0130208 0.0296296 0.669512
0 0.623958 0.3625 0.00833333 0.0435185 0.670125
0 0.0596354 0.449074 0.0109375 0.0518519 0.694103
0 0.713021 0.387963 0.0125 0.0611111 0.707689
0 0.52474 0.408796 0.0171875 0.0768519 0.735199
0 0.947135 0.365741 0.0109375 0.062963 0.737104
0 0.555729 0.380556 0.0104167 0.05 0.738898
0 0.0174479 0.46713 0.0182292 0.0675926 0.758444
0 0.678906 0.387963 0.0140625 0.0592593 0.786773
0 0.540104 0.408333 0.0166667 0.0814815 0.819246
0 0.507812 0.411574 0.025 0.0787037 0.855867
0 0.303906 0.441204 0.0161458 0.0861111 0.87576
0 0.420312 0.405556 0.0270833 0.105556 0.894019
0 0.135156 0.49213 0.0234375 0.121296 0.902271
0 0.983333 0.425926 0.0322917 0.218519 0.920234
