0 0.751823 0.368056 0.00885417 0.0472222 0.115144
0 0.760938 0.366667 0.0114583 0.0518519 0.11578
0 0.728906 0.360648 0.0109375 0.0435185 0.117403
13 0.152344 0.444444 0.0536458 0.0407407 0.141583
0 0.665885 0.367593 0.00885417 0.0388889 0.146152
0 0.690104 0.359259 0.0104167 0.0351852 0.148657
0 0.795313 0.366667 0.00729167 0.05 0.17793
0 0.090625 0.449074 0.00833333 0.0481481 0.223631
0 0.934115 0.37037 0.00989583 0.05 0.238418
0 0.789323 0.368519 0.0078125 0.0462963 0.25398
0 0.360677 0.39213 0.00885417 0.037963 0.260288
0 0.491667 0.378704 0.009375 0.0407407 0.27028
0 0.819792 0.368981 0.009375 0.0416667 0.271494
0 0.502344 0.376389 0.00885417 0.0416667 0.284198
36 0.414844 0.45463 0.0192708 0.012963 0.292757
0 0.715104 0.365278 0.009375 0.0435185 0.307764
0 0.355469 0.393056 0.00885417 0.0416667 0.316483
0 0.0830729 0.439352 0.0078125 0.0453704 0.318686
0 0.473177 0.37963 0.0109375 0.0462963 0.319489
0 0.43151 0.383333 0.00989583 0.037037 0.329676
0 0.183594 0.420833 0.00885417 0.037963 0.350438
0 0.545313 0.367593 0.0114583 0.0407407 0.360283
0 0.645052 0.380556 0.00677083 0.0166667 0.375942
0 0.190625 0.428241 0.0104167 0.0472222 0.39835
0 0.00338542 0.460185 0.00677083 0.0425926 0.403658
0 0.374479 0.393519 0.009375 0.0481481 0.409875
0 0.142969 0.343056 0.00572917 0.0268519 0.415656
0 0.740365 0.376852 0.00989583 0.0425926 0.476935
0 0.801042 0.364815 0.009375 0.0555556 0.485257
0 0.125521 0.436574 0.0135417 0.0472222 0.491125
0 0.338542 0.4 0.0125 0.0518519 0.535637
0 0.195312 0.428241 0.0114583 0.0453704 0.536706
0 0.653646 0.366204 0.00833333 0.0435185 0.571996
0 0.0747396 0.442593 0.00989583 0.0407407 0.587387
0 0.638542 0.365278 0.00833333 0.0416667 0.63282
0 0.532552 0.399537 0.0151042 0.0509259 0.653445
0 0.521615 0.392593 0.0140625 0.0444444 0.66525
0 0.844792 0.383796 0.0135417 0.0287037 0.669275
0 0.0242187 0.463426 0.00989583 0.0453704 0.682433
0 0.0557292 0.456944 0.0177083 0.0657407 0.749673
0 0.961198 0.369444 0.0109375 0.062963 0.763171
0 0.450521 0.434259 0.0291667 0.087037 0.789352
0 0.213021 0.424074 0.0125 0.05 0.796935
0 0.0994792 0.5 0.0229167 0.12037 0.79726
0 0.414062 0.408333 0.0166667 0.103704 0.843592
0 0.686458 0.393981 0.015625 0.0638889 0.849511
0 0.729427 0.396296 0.0244792 0.062963 0.852901
0 0.553385 0.436111 0.0328125 0.0796296 0.885432
0 0.990885 0.431481 0.0182292 0.22037 0.89361
0 0.327083 0.443519 0.0208333 0.0888889 0.941908
0 0.592448 0.428704 0.0411458 0.0888889 0.944939
