0 0.65651 0.363889 0.00677083 0.0407407 0.105547
0 0.653125 0.363889 0.00729167 0.0407407 0.108103
0 0.516406 0.366204 0.0078125 0.0398148 0.112573
0 0.345052 0.40787 0.00677083 0.0194444 0.125858
0 0.470833 0.375 0.009375 0.0444444 0.129465
0 0.690104 0.365278 0.009375 0.0416667 0.130671
0 0.775781 0.366204 0.0078125 0.0435185 0.131428
0 0.785156 0.363426 0.0078125 0.0509259 0.133729
0 0.157031 0.337963 0.0078125 0.0425926 0.144707
0 0.276042 0.397685 0.00625 0.0342593 0.146266
0 0.738021 0.364352 0.009375 0.0472222 0.149405
0 0.632292 0.377778 0.00625 0.0166667 0.162869
0 0.4875 0.375926 0.00833333 0.0388889 0.17344
0 0.03125 0.452778 0.0125 0.0407407 0.18279
0 0.747656 0.362963 0.0109375 0.0518519 0.183874
0 0.477344 0.375463 0.0078125 0.0416667 0.187426
0 0.003125 0.458796 0.00625 0.0398148 0.191832
0 0.325781 0.397685 0.00885417 0.0509259 0.192961
0 0.25599 0.402315 0.00677083 0.037963 0.194223
0 0.128646 0.344444 0.00625 0.0277778 0.196345
0 0.782031 0.363426 0.0078125 0.0490741 0.207273
0 0.463281 0.379167 0.0078125 0.0435185 0.229816
0 0.332031 0.398148 0.00677083 0.0462963 0.237117
0 0.0414063 0.451852 0.00885417 0.0407407 0.240743
0 0.320573 0.398148 0.0119792 0.05 0.253998
0 0.715365 0.351852 0.00989583 0.0333333 0.260687
0 0.702604 0.363426 0.009375 0.0453704 0.352175
0 0.291146 0.398148 0.00833333 0.0407407 0.383277
0 0.641146 0.364815 0.00833333 0.0407407 0.387328
0 0.402344 0.383333 0.00677083 0.0351852 0.400713
0 0.80625 0.364815 0.0104167 0.0444444 0.462739
0 0.723698 0.37037 0.00989583 0.0444444 0.4804
0 0.211979 0.424074 0.0114583 0.0462963 0.480575
0 0.788021 0.361574 0.00833333 0.0546296 0.506134
0 0.447656 0.37963 0.0119792 0.0444444 0.526356
0 0.0705729 0.453241 0.0119792 0.0490741 0.554246
32 0.52474 0.439815 0.00885417 0.0148148 0.585858
0 0.0848958 0.451389 0.0135417 0.0490741 0.59295
0 0.0601562 0.447685 0.0109375 0.0509259 0.628927
0 0.623438 0.362963 0.009375 0.0425926 0.629715
0 0.831771 0.379167 0.0125 0.0305556 0.644468
0 0.220833 0.420833 0.0114583 0.0472222 0.645924
0 0.554688 0.380556 0.0104167 0.05 0.699108
0 0.711979 0.388889 0.015625 0.0592593 0.701248
0 0.201042 0.425463 0.0125 0.0453704 0.701475
0 0.523438 0.409722 0.0177083 0.075 0.704255
0 0.946875 0.365278 0.0104167 0.062037 0.715035
0 0.0177083 0.46713 0.0177083 0.0657407 0.777666
0 0.678646 0.3875 0.0145833 0.0583333 0.778076
0 0.539323 0.408333 0.0171875 0.0814815 0.836119
0 0.506771 0.413889 0.0229167 0.0814815 0.84248
0 0.420312 0.405556 0.0260417 0.103704 0.876617
0 0.303385 0.441667 0.0161458 0.0851852 0.877929
0 0.134635 0.493056 0.0244792 0.121296 0.909706
0 0.983073 0.425926 0.0328125 0.218519 0.9187
