37 0.315625 0.474537 0.0114583 0.00833333 0.112994
0 0.5 0.365278 0.00729167 0.0305556 0.12147
0 0.0153646 0.461111 0.0151042 0.0333333 0.129311
0 0.438021 0.381944 0.00833333 0.0416667 0.143029
0 0.310156 0.395833 0.00885417 0.0324074 0.144428
0 0.579948 0.360185 0.00677083 0.0314815 0.149012
0 0.328385 0.388889 0.00885417 0.0314815 0.163062
0 0.4625 0.378704 0.00833333 0.0425926 0.166076
0 0.0046875 0.459259 0.009375 0.0425926 0.16656
0 0.401302 0.380556 0.00989583 0.0314815 0.179246
0 0.923698 0.378241 0.00572917 0.0287037 0.192048
0 0.670573 0.3625 0.0078125 0.0453704 0.199969
0 0.750781 0.362037 0.0119792 0.0555556 0.2064
0 0.64349 0.363889 0.0078125 0.0407407 0.209404
0 0.428125 0.38287 0.0104167 0.0472222 0.216849
0 0.634896 0.377315 0.00625 0.0157407 0.219532
0 0.410417 0.381944 0.0125 0.0490741 0.23035
0 0.778385 0.363426 0.0078125 0.0472222 0.232666
0 0.470573 0.378704 0.00989583 0.0407407 0.252934
0 0.160677 0.342593 0.00677083 0.0351852 0.27348
0 0.258073 0.325926 0.00572917 0.0259259 0.279794
0 0.679688 0.361111 0.0104167 0.0444444 0.308254
0 0.534635 0.402315 0.0109375 0.062037 0.321335
0 0.277604 0.399537 0.009375 0.0398148 0.329165
0 0.377604 0.387963 0.00833333 0.037037 0.344275
0 0.302344 0.396759 0.00885417 0.0416667 0.356049
0 0.790625 0.361574 0.00833333 0.0527778 0.356153
0 0.704687 0.363426 0.009375 0.0453704 0.356567
0 0.809375 0.364815 0.0104167 0.0425926 0.362316
0 0.491667 0.370833 0.0104167 0.0398148 0.373431
0 0.219531 0.411574 0.00572917 0.0287037 0.398494
0 0.576563 0.382407 0.0104167 0.0407407 0.408637
0 0.238021 0.417593 0.009375 0.0462963 0.413041
0 0.131771 0.343519 0.00625 0.0277778 0.444368
0 0.0226563 0.45 0.00989583 0.0407407 0.487276
0 0.718229 0.359722 0.0104167 0.0490741 0.489836
0 0.728646 0.370833 0.009375 0.0416667 0.494077
0 0.0796875 0.451852 0.009375 0.0462963 0.514552
0 0.261198 0.409259 0.0119792 0.05 0.546931
0 0.0427083 0.449537 0.0104167 0.037963 0.559427
0 0.626302 0.3625 0.00885417 0.0416667 0.602202
0 0.253385 0.411574 0.0109375 0.0527778 0.606995
0 0.0744792 0.452315 0.0114583 0.0490741 0.644051
32 0.542448 0.444444 0.00885417 0.0148148 0.664814
0 0.834375 0.379167 0.0125 0.0287037 0.679045
0 0.523698 0.407407 0.0161458 0.062963 0.703249
0 0.73776 0.383796 0.0151042 0.0546296 0.739322
0 0.685677 0.382407 0.0130208 0.05 0.751864
0 0.94974 0.366204 0.0109375 0.062037 0.766732
0 0.566406 0.394907 0.0109375 0.0657407 0.782793
0 0.544531 0.410648 0.0255208 0.075 0.806934
0 0.452083 0.398148 0.015625 0.1 0.81167
0 0.311458 0.438889 0.0166667 0.0796296 0.862128
0 0.126823 0.490278 0.0213542 0.121296 0.902711
0 0.985677 0.425 0.0286458 0.214815 0.921331
