0 0.668229 0.358796 0.00625 0.0212963 0.116911
0 0.0122396 0.467593 0.0078125 0.0425926 0.122706
0 0.570052 0.375926 0.00989583 0.0407407 0.124607
0 0.14401 0.434259 0.0078125 0.0351852 0.131053
0 0.560417 0.379167 0.0104167 0.0453704 0.131678
0 0.764323 0.371296 0.0078125 0.0444444 0.132599
0 0.229167 0.337963 0.00625 0.0259259 0.139131
0 0.190625 0.435648 0.00729167 0.0453704 0.148738
0 0.785156 0.372222 0.00885417 0.0444444 0.149578
0 0.365885 0.397222 0.00885417 0.0462963 0.150945
0 0.370833 0.395833 0.00729167 0.0398148 0.151357
0 0.585156 0.383796 0.00885417 0.0472222 0.160534
0 0.881771 0.373148 0.00833333 0.0518519 0.167196
0 0.427865 0.387963 0.0078125 0.0351852 0.171299
0 0.846875 0.373148 0.0125 0.0555556 0.176913
0 0.111458 0.441667 0.0104167 0.037037 0.186979
0 0.0846354 0.442593 0.00677083 0.0407407 0.187781
0 0.284115 0.406481 0.00677083 0.0351852 0.206575
0 0.908073 0.376852 0.0109375 0.0462963 0.209279
0 0.875781 0.376852 0.0078125 0.0481481 0.211892
0 0.611979 0.375926 0.00833333 0.0388889 0.215875
0 0.773698 0.368981 0.0109375 0.0453704 0.217243
0 0.153906 0.430093 0.0078125 0.037963 0.265917
0 0.0940104 0.444907 0.00989583 0.0453704 0.26697
0 0.736458 0.370833 0.009375 0.0435185 0.272397
0 0.203125 0.426852 0.0114583 0.0444444 0.290456
0 0.392188 0.40787 0.0114583 0.0361111 0.290756
0 0.604427 0.376389 0.00989583 0.0398148 0.295761
0 0.0505208 0.452315 0.00729167 0.037963 0.302879
0 0.211198 0.419907 0.0078125 0.0416667 0.312978
0 0.19401 0.434259 0.00885417 0.0462963 0.315535
0 0.186198 0.435648 0.0109375 0.0490741 0.323009
0 0.640885 0.364815 0.0078125 0.0296296 0.333042
0 0.523177 0.388426 0.00989583 0.0361111 0.335644
0 0.261979 0.421759 0.0104167 0.0490741 0.34516
0 0.241667 0.426389 0.0104167 0.0453704 0.347653
0 0.28776 0.466667 0.0151042 0.0944444 0.354839
0 0.234896 0.42963 0.00833333 0.0425926 0.40567
0 0.813021 0.369907 0.0104167 0.0527778 0.423679
0 0.460156 0.386111 0.0109375 0.0407407 0.424018
0 0.539844 0.377778 0.00989583 0.0351852 0.425661
0 0.8 0.372222 0.009375 0.0444444 0.431513
0 0.135417 0.444907 0.00833333 0.0435185 0.484195
0 0.888021 0.372685 0.009375 0.0583333 0.518914
0 0.510938 0.4 0.0114583 0.0611111 0.519215
0 0.439583 0.387963 0.009375 0.037037 0.542234
0 0.71875 0.370833 0.00833333 0.0435185 0.548089
0 0.655729 0.368056 0.00833333 0.037963 0.556358
0 0.178385 0.437037 0.0171875 0.062963 0.570884
0 0.0177083 0.468519 0.0166667 0.0462963 0.583934
0 0.933333 0.394444 0.0125 0.0296296 0.595163
0 0.820312 0.38287 0.015625 0.0453704 0.60282
0 0.753906 0.40787 0.0171875 0.0861111 0.806254
0 0.42474 0.418519 0.0244792 0.112963 0.818311
0 0.734115 0.410648 0.0182292 0.0787037 0.832188
32 0.515885 0.47037 0.00989583 0.0166667 0.849808
0 0.498437 0.435648 0.0208333 0.0898148 0.856068
0 0.271094 0.471759 0.0421875 0.108333 0.877701
0 0.576823 0.420833 0.0223958 0.0842593 0.899191
0 0.05625 0.508796 0.0291667 0.108333 0.914509
