0 0.324219 0.396296 0.00989583 0.0407407 0.10416
0 0.0432292 0.438889 0.00729167 0.0259259 0.124567
0 0.166146 0.341667 0.00625 0.0314815 0.12536
0 0.684375 0.349537 0.0114583 0.0231481 0.133062
0 0.783333 0.365278 0.00729167 0.0453704 0.138911
0 0.75625 0.362963 0.0104167 0.0537037 0.139524
0 0.789844 0.363426 0.0078125 0.0472222 0.145547
0 0.709375 0.358333 0.009375 0.037037 0.1485
0 0.332552 0.393981 0.0109375 0.0435185 0.153234
0 0.676042 0.358796 0.00625 0.037963 0.158376
0 0.639323 0.377315 0.00677083 0.0157407 0.162478
0 0.0604167 0.44537 0.0104167 0.0388889 0.167729
0 0.447917 0.381019 0.0104167 0.0435185 0.169574
0 0.308594 0.395833 0.00677083 0.0361111 0.173033
0 0.51875 0.369907 0.009375 0.0435185 0.173803
0 0.003125 0.464352 0.00625 0.0583333 0.174493
0 0.511458 0.375 0.00833333 0.037037 0.201033
0 0.46224 0.378704 0.00989583 0.0425926 0.204093
0 0.660417 0.362963 0.00833333 0.0407407 0.207353
36 0.15 0.542593 0.0166667 0.0148148 0.214429
0 0.00625 0.460648 0.0104167 0.0472222 0.226889
0 0.263021 0.325463 0.00625 0.0268519 0.231415
0 0.623698 0.363426 0.0078125 0.037963 0.235112
0 0.286198 0.399074 0.0109375 0.0388889 0.236835
0 0.477344 0.377778 0.00989583 0.0388889 0.244041
0 0.928646 0.376852 0.00625 0.0277778 0.24513
0 0.488802 0.376389 0.00885417 0.0398148 0.246113
0 0.0440104 0.450926 0.00989583 0.05 0.310109
0 0.360677 0.396759 0.00677083 0.0435185 0.310668
0 0.0359375 0.45 0.009375 0.0462963 0.312015
0 0.422396 0.377778 0.00625 0.0314815 0.329134
0 0.814844 0.364815 0.0109375 0.0425926 0.331635
0 0.545573 0.404167 0.0171875 0.0694444 0.357706
0 0.648438 0.362963 0.00833333 0.0425926 0.407386
0 0.400521 0.383796 0.00833333 0.0361111 0.436127
0 0.795833 0.361574 0.00833333 0.0546296 0.45808
0 0.730208 0.37037 0.0104167 0.0444444 0.461303
0 0.136979 0.343981 0.00625 0.0268519 0.476876
0 0.232292 0.42037 0.009375 0.0425926 0.477498
0 0.63125 0.362037 0.00833333 0.0425926 0.530643
0 0.078125 0.451389 0.009375 0.0490741 0.571047
0 0.239063 0.413889 0.0114583 0.0537037 0.577612
0 0.0153646 0.469444 0.0171875 0.0611111 0.614013
0 0.220573 0.421759 0.0109375 0.0472222 0.621323
0 0.575 0.378704 0.009375 0.0481481 0.658477
0 0.0911458 0.447685 0.0104167 0.0527778 0.694502
0 0.954948 0.364815 0.0109375 0.0611111 0.737276
0 0.839583 0.379167 0.0125 0.0287037 0.739183
0 0.555469 0.401852 0.0276042 0.0703704 0.739623
0 0.533594 0.403704 0.0161458 0.0685185 0.769727
0 0.71276 0.385648 0.0161458 0.0527778 0.801781
32 0.529167 0.437963 0.00833333 0.012963 0.827144
0 0.683073 0.387037 0.0161458 0.0537037 0.849008
0 0.439844 0.400926 0.0213542 0.101852 0.852716
0 0.314063 0.434722 0.0145833 0.0824074 0.858734
0 0.145573 0.493056 0.0244792 0.117593 0.890106
0 0.98776 0.427315 0.0244792 0.219444 0.908045
