0 0.442448 0.38287 0.0078125 0.0435185 0.102143
0 0.260677 0.410185 0.0078125 0.0518519 0.114378
0 0.0213542 0.459722 0.0135417 0.0324074 0.118607
0 0.33125 0.3875 0.0104167 0.0305556 0.121468
0 0.63776 0.377778 0.00572917 0.0148148 0.12215
0 0.371615 0.394907 0.00885417 0.0435185 0.127331
0 0.781771 0.364815 0.00729167 0.0481481 0.136518
0 0.503385 0.365741 0.00677083 0.0333333 0.137391
0 0.659115 0.362963 0.0078125 0.0388889 0.151398
0 0.695312 0.362963 0.00833333 0.0388889 0.156856
0 0.47474 0.379167 0.0078125 0.0398148 0.158333
0 0.314063 0.39537 0.009375 0.0314815 0.159188
0 0.754687 0.3625 0.0104167 0.0527778 0.180782
0 0.00364583 0.450926 0.00729167 0.0203704 0.184353
0 0.682552 0.359259 0.0109375 0.0407407 0.198888
0 0.261198 0.325926 0.00572917 0.0259259 0.20121
0 0.220052 0.411111 0.00677083 0.0296296 0.214103
0 0.585938 0.36713 0.00729167 0.0453704 0.216483
0 0.415104 0.381019 0.009375 0.0453704 0.223807
0 0.381771 0.387037 0.009375 0.037037 0.230429
0 0.00442708 0.461574 0.00885417 0.0435185 0.242906
0 0.673437 0.3625 0.00833333 0.0435185 0.243084
36 0.454427 0.443056 0.0109375 0.0101852 0.25251
0 0.466667 0.379167 0.00833333 0.0398148 0.254078
0 0.81224 0.365278 0.00885417 0.0435185 0.256962
0 0.278906 0.398148 0.00885417 0.037037 0.278866
0 0.164062 0.338426 0.00729167 0.0435185 0.286666
0 0.646615 0.363889 0.00885417 0.0407407 0.299685
0 0.721094 0.359722 0.0109375 0.0490741 0.331289
0 0.404948 0.380093 0.0078125 0.0305556 0.331484
0 0.79375 0.361111 0.00833333 0.0537037 0.334074
0 0.306771 0.397685 0.009375 0.0435185 0.335181
0 0.432031 0.38287 0.0109375 0.0490741 0.347168
0 0.239844 0.41713 0.0078125 0.0453704 0.351066
0 0.495573 0.37037 0.0109375 0.0388889 0.354802
0 0.134896 0.342593 0.00625 0.0277778 0.358777
0 0.73151 0.371296 0.00885417 0.0462963 0.364344
0 0.708333 0.3625 0.009375 0.0453704 0.39127
36 0.135156 0.543519 0.0223958 0.012963 0.409602
0 0.0265625 0.45 0.009375 0.0425926 0.480532
0 0.578906 0.38287 0.00885417 0.0398148 0.485899
0 0.26849 0.408333 0.0119792 0.0481481 0.48862
0 0.0765625 0.452315 0.009375 0.0490741 0.548462
0 0.0833333 0.451852 0.0104167 0.0481481 0.588404
32 0.54349 0.443519 0.00885417 0.0148148 0.590293
0 0.254948 0.414815 0.0119792 0.0481481 0.591505
0 0.0463542 0.449537 0.0104167 0.037963 0.595042
0 0.838021 0.37963 0.0125 0.0296296 0.61286
0 0.629167 0.362963 0.009375 0.0425926 0.627383
0 0.740104 0.387037 0.015625 0.05 0.705866
0 0.953385 0.365278 0.0109375 0.0601852 0.722235
0 0.686719 0.383333 0.0140625 0.05 0.733155
0 0.527344 0.408333 0.0161458 0.0666667 0.75573
0 0.454167 0.397685 0.0145833 0.0990741 0.790866
0 0.544271 0.406019 0.0260417 0.0694444 0.7936
0 0.56849 0.393056 0.0119792 0.0731481 0.798935
0 0.317187 0.4375 0.0166667 0.0805556 0.85683
0 0.131771 0.488889 0.021875 0.12037 0.898508
0 0.986979 0.426389 0.0260417 0.215741 0.913416
