0 0.109115 0.441667 0.0109375 0.037037 0.101684
0 0.363542 0.39537 0.0114583 0.0388889 0.112151
0 0.0869792 0.436574 0.00625 0.0231481 0.1143
0 0.882812 0.374074 0.009375 0.0555556 0.120067
0 0.210938 0.42037 0.009375 0.0388889 0.128257
0 0.835156 0.374537 0.00989583 0.0490741 0.1341
0 0.104948 0.44213 0.00677083 0.0361111 0.134621
0 0.874219 0.377315 0.0078125 0.0472222 0.14431
0 0.204427 0.422222 0.00885417 0.0444444 0.149794
13 0.388021 0.400926 0.0604167 0.05 0.161184
0 0.845312 0.372685 0.0104167 0.0546296 0.173925
0 0.227604 0.337963 0.00625 0.0259259 0.17396
0 0.266667 0.418056 0.0114583 0.0527778 0.178415
0 0.636979 0.366204 0.0104167 0.0287037 0.190152
0 0.656771 0.363426 0.00729167 0.0287037 0.190724
0 0.151823 0.430556 0.00885417 0.0388889 0.195107
0 0.90651 0.376852 0.0119792 0.0462963 0.203057
0 0.554948 0.379167 0.00989583 0.0472222 0.222385
0 0.783333 0.372685 0.0104167 0.0472222 0.227381
0 0.191406 0.435185 0.00885417 0.0462963 0.233522
0 0.602083 0.376389 0.0125 0.0398148 0.244775
0 0.566667 0.378704 0.0104167 0.0444444 0.257672
0 0.771875 0.369444 0.0125 0.0462963 0.259575
0 0.582812 0.378241 0.00833333 0.0416667 0.26666
0 0.183594 0.436111 0.00989583 0.0444444 0.268217
0 0.797656 0.372685 0.00989583 0.0453704 0.273691
0 0.246354 0.425463 0.009375 0.0472222 0.292592
0 0.65 0.367593 0.00729167 0.0388889 0.335413
0 0.0046875 0.465278 0.00833333 0.0361111 0.349763
0 0.271094 0.414815 0.00989583 0.0537037 0.365539
0 0.886719 0.373148 0.00885417 0.0574074 0.367776
0 0.240104 0.428704 0.0114583 0.0425926 0.368742
0 0.811979 0.369907 0.009375 0.0509259 0.375002
0 0.0111979 0.471296 0.00885417 0.0444444 0.406663
0 0.132031 0.44537 0.0109375 0.0425926 0.428175
0 0.501823 0.385185 0.0078125 0.0444444 0.433096
0 0.522917 0.406481 0.0135417 0.05 0.4715
0 0.717448 0.37037 0.00885417 0.0425926 0.473701
0 0.818229 0.38287 0.015625 0.0435185 0.521722
0 0.455469 0.387963 0.0130208 0.0407407 0.53008
0 0.329167 0.457407 0.0239583 0.0981481 0.540774
0 0.170052 0.436574 0.0109375 0.062037 0.557604
0 0.0447917 0.460185 0.0125 0.0555556 0.592422
0 0.932031 0.393981 0.0130208 0.0305556 0.657099
0 0.514583 0.438426 0.0177083 0.0842593 0.789826
32 0.530729 0.467593 0.009375 0.0166667 0.822122
0 0.76276 0.40787 0.0192708 0.0824074 0.852049
0 0.311979 0.46713 0.0427083 0.106481 0.87694
0 0.733854 0.409259 0.0239583 0.0777778 0.904848
0 0.0765625 0.505093 0.0260417 0.112037 0.908234
0 0.430729 0.416667 0.0229167 0.109259 0.910944
0 0.577604 0.423611 0.028125 0.0768519 0.920605
