26 0.0929687 0.497685 0.0078125 0.025 0.109618
0 0.298438 0.390741 0.009375 0.0314815 0.128668
0 0.67526 0.352778 0.00885417 0.0259259 0.13044
0 0.605208 0.376852 0.00520833 0.0148148 0.142757
0 0.626823 0.363426 0.00677083 0.037963 0.149345
35 0.0997396 0.503241 0.00885417 0.0157407 0.153757
0 0.129167 0.344907 0.00625 0.0342593 0.15414
0 0.423958 0.382407 0.00833333 0.0388889 0.167441
0 0.551823 0.372685 0.00885417 0.0287037 0.169745
0 0.351823 0.389815 0.0109375 0.0537037 0.177415
0 0.227865 0.327778 0.00572917 0.0240741 0.185278
0 0.563802 0.389352 0.0151042 0.0564815 0.192055
0 0.640625 0.362963 0.00833333 0.0444444 0.19509
0 0.214844 0.407407 0.00677083 0.037037 0.214209
0 0.994271 0.377778 0.0104167 0.0444444 0.215409
0 0.360677 0.389352 0.00989583 0.0435185 0.219902
0 0.523698 0.363426 0.00677083 0.0305556 0.22082
0 0.534375 0.368056 0.00729167 0.0342593 0.222618
0 0.501302 0.367593 0.00677083 0.0277778 0.253467
38 0.946094 0.409722 0.0119792 0.0212963 0.258193
0 0.0046875 0.454167 0.009375 0.0416667 0.259113
0 0.463802 0.368519 0.0078125 0.0314815 0.259856
36 0.104948 0.550926 0.0265625 0.00925926 0.263227
0 0.261979 0.398148 0.0104167 0.0407407 0.269882
0 0.374219 0.383333 0.00885417 0.0425926 0.273021
0 0.450781 0.371296 0.00677083 0.0407407 0.282302
0 0.779167 0.364815 0.009375 0.0407407 0.286035
0 0.891667 0.375463 0.00625 0.0268519 0.287341
0 0.649479 0.361111 0.0114583 0.0462963 0.306041
0 0.859375 0.3625 0.0104167 0.0472222 0.319739
0 0.0361979 0.459259 0.0078125 0.0481481 0.325681
0 0.347656 0.394444 0.0109375 0.0481481 0.35313
0 0.760156 0.359259 0.0078125 0.0537037 0.356373
0 0.270573 0.398611 0.00989583 0.0398148 0.363191
0 0.401042 0.385648 0.0114583 0.0435185 0.365402
0 0.390885 0.384722 0.0119792 0.0472222 0.390493
0 0.613542 0.3625 0.009375 0.0435185 0.423096
0 0.688802 0.358333 0.00989583 0.0481481 0.469252
0 0.701823 0.371296 0.00989583 0.0444444 0.492817
0 0.521094 0.394444 0.00989583 0.0481481 0.50958
0 0.20625 0.41713 0.00833333 0.0509259 0.529612
0 0.335677 0.390278 0.00885417 0.0398148 0.552704
0 0.596875 0.3625 0.009375 0.0416667 0.568117
0 0.0997396 0.347222 0.00572917 0.0277778 0.590354
0 0.0419271 0.45787 0.0140625 0.0509259 0.641012
0 0.236979 0.415278 0.0104167 0.0453704 0.64233
0 0.221354 0.419444 0.0125 0.0462963 0.66245
0 0.803906 0.377778 0.0119792 0.0277778 0.685164
0 0.716927 0.384259 0.0109375 0.0574074 0.688891
0 0.917188 0.361574 0.0114583 0.0583333 0.758312
0 0.674219 0.380556 0.0140625 0.0481481 0.761596
32 0.569531 0.451389 0.00885417 0.0157407 0.795063
0 0.4375 0.397685 0.0135417 0.0972222 0.811151
0 0.509115 0.406019 0.0171875 0.0694444 0.817227
0 0.55026 0.415278 0.0276042 0.0935185 0.841524
0 0.26875 0.45 0.01875 0.0796296 0.854599
0 0.103906 0.494444 0.0286458 0.122222 0.89479
0 0.961979 0.421759 0.0291667 0.210185 0.898642
