0 0.678125 0.366667 0.00729167 0.0388889 0.100927
0 0.448438 0.385185 0.00729167 0.0407407 0.103849
0 0.302083 0.397222 0.00729167 0.0333333 0.12465
0 0.0661458 0.433796 0.00729167 0.025 0.135212
0 0.54401 0.37037 0.0119792 0.0425926 0.137882
0 0.808073 0.36713 0.0078125 0.0490741 0.175795
0 0.015625 0.457407 0.00833333 0.0388889 0.17954
0 0.516667 0.375926 0.00833333 0.0407407 0.185234
0 0.0197917 0.45787 0.0125 0.0416667 0.191199
0 0.557552 0.365741 0.00677083 0.0333333 0.193779
0 0.1 0.426852 0.00729167 0.0259259 0.199224
0 0.802083 0.371759 0.00729167 0.0416667 0.218993
0 0.0466146 0.456481 0.00885417 0.0518519 0.226897
0 0.741927 0.362963 0.00989583 0.0481481 0.234144
0 0.352865 0.390278 0.0078125 0.0324074 0.243032
0 0.111458 0.44537 0.009375 0.0481481 0.249285
0 0.475 0.381944 0.0125 0.0435185 0.25272
0 0.467448 0.377315 0.00677083 0.0324074 0.256239
0 0.105729 0.44537 0.00833333 0.05 0.260263
0 0.0882813 0.437963 0.00989583 0.037037 0.267893
0 0.508854 0.380093 0.0114583 0.0416667 0.277138
0 0.657552 0.381944 0.00677083 0.0157407 0.281451
0 0.702083 0.364352 0.0114583 0.0435185 0.288924
0 0.833333 0.37037 0.0104167 0.0425926 0.295581
0 0.77474 0.368056 0.00989583 0.0527778 0.304511
0 0.764323 0.368981 0.00885417 0.0490741 0.321148
0 0.375521 0.391667 0.00729167 0.0388889 0.332742
0 0.1375 0.432407 0.00729167 0.0296296 0.356722
0 0.372396 0.39213 0.00833333 0.0398148 0.360809
0 0.0403646 0.460648 0.0078125 0.0453704 0.364434
0 0.0742188 0.451852 0.0109375 0.062963 0.378371
0 0.666146 0.36713 0.00833333 0.0435185 0.447962
0 0.4875 0.379167 0.0104167 0.0472222 0.449715
0 0.949479 0.371759 0.0104167 0.0509259 0.453555
0 0.75 0.377315 0.0145833 0.0435185 0.462399
0 0.814323 0.366204 0.00885417 0.0546296 0.462991
0 0.521615 0.399074 0.0192708 0.05 0.477048
0 0.397135 0.389815 0.0119792 0.0462963 0.529917
0 0.65026 0.366667 0.0078125 0.0425926 0.596998
0 0.532031 0.401852 0.0109375 0.05 0.610055
0 0.186719 0.419444 0.00885417 0.0407407 0.621697
0 0.148438 0.431019 0.0104167 0.0490741 0.656742
0 0.975 0.370833 0.0114583 0.062037 0.697943
0 0.203385 0.427315 0.0151042 0.0472222 0.716648
0 0.858594 0.385185 0.0119792 0.0296296 0.720635
0 0.221615 0.422222 0.0119792 0.0481481 0.724529
32 0.565885 0.464815 0.00989583 0.0166667 0.726709
0 0.431771 0.435648 0.01875 0.0990741 0.837104
0 0.731771 0.394907 0.015625 0.0712963 0.837142
0 0.416667 0.410185 0.021875 0.107407 0.843085
0 0.692187 0.4 0.01875 0.0592593 0.878105
0 0.0979167 0.502315 0.0229167 0.119444 0.896308
0 0.346354 0.441204 0.0270833 0.0935185 0.911167
0 0.56276 0.425926 0.0255208 0.0851852 0.911771
0 0.590365 0.421759 0.0359375 0.087963 0.919695
