0 0.149479 0.34213 0.009375 0.0324074 0.101452
0 0.747135 0.364815 0.00677083 0.0296296 0.103434
0 0.216406 0.409259 0.00572917 0.0222222 0.108481
0 0.285677 0.393981 0.0078125 0.0268519 0.116406
0 0.672656 0.360185 0.00885417 0.0388889 0.120103
0 0.279167 0.397222 0.00625 0.0351852 0.13748
0 0.546354 0.360185 0.00729167 0.0296296 0.149765
0 0.310156 0.389815 0.00989583 0.0314815 0.157336
0 0.638542 0.364352 0.00729167 0.0398148 0.164563
0 0.652604 0.362963 0.00833333 0.0444444 0.221652
0 0.661198 0.361111 0.0119792 0.0444444 0.254088
0 0.616927 0.377315 0.00572917 0.0157407 0.256478
0 0.791146 0.364352 0.0114583 0.0416667 0.260398
0 0.477865 0.36713 0.00677083 0.0324074 0.266201
0 0.404948 0.383333 0.00989583 0.0462963 0.272487
0 0.414844 0.384259 0.00885417 0.0425926 0.279373
0 0.271875 0.396759 0.00833333 0.0398148 0.283532
0 0.732813 0.361111 0.0114583 0.0537037 0.285662
0 0.141146 0.343519 0.00729167 0.0333333 0.286657
0 0.239844 0.327315 0.00572917 0.025 0.314987
0 0.00286458 0.447222 0.00572917 0.0259259 0.33508
0 0.771875 0.360648 0.00833333 0.0527778 0.336081
38 0.958854 0.411111 0.0125 0.0222222 0.371275
0 0.0192708 0.452315 0.0104167 0.0416667 0.404525
0 0.378646 0.385185 0.0135417 0.0481481 0.408663
36 0.111458 0.546759 0.0197917 0.0101852 0.418363
0 0.903906 0.377778 0.00677083 0.0277778 0.425286
0 0.686458 0.3625 0.009375 0.0453704 0.429798
0 0.467187 0.370833 0.0114583 0.0416667 0.47086
0 0.62526 0.362963 0.00885417 0.0425926 0.481863
0 0.70026 0.359722 0.00989583 0.0490741 0.491186
0 0.713281 0.372222 0.00989583 0.0425926 0.526562
0 0.0515625 0.456019 0.0104167 0.0472222 0.529166
0 0.11224 0.344907 0.00572917 0.0268519 0.567762
0 0.354948 0.394444 0.0119792 0.0462963 0.578909
0 0.0580729 0.455093 0.0109375 0.0490741 0.59848
0 0.242708 0.416204 0.0114583 0.0472222 0.625983
0 0.525521 0.392593 0.015625 0.0555556 0.650155
0 0.608333 0.362963 0.00833333 0.0425926 0.676172
0 0.229167 0.416667 0.0125 0.0481481 0.676911
0 0.815365 0.378241 0.0130208 0.0287037 0.689771
0 0.929688 0.363426 0.0114583 0.0601852 0.74618
0 0.725 0.38287 0.0145833 0.0583333 0.759668
0 0.557292 0.393519 0.0208333 0.0648148 0.790174
0 0.676042 0.383796 0.0166667 0.0472222 0.801434
0 0.509896 0.406019 0.0166667 0.0675926 0.848541
32 0.554167 0.448611 0.009375 0.0157407 0.853313
0 0.538281 0.412963 0.0244792 0.0907407 0.8677
0 0.442187 0.398148 0.025 0.0981481 0.892536
0 0.109115 0.490741 0.0223958 0.12037 0.896201
0 0.284115 0.44213 0.0213542 0.0824074 0.907445
0 0.969531 0.423148 0.0380208 0.211111 0.92401
