0 0.794792 0.35787 0.00833333 0.0472222 0.111128
0 0.549219 0.364352 0.00572917 0.0324074 0.116922
0 0.264062 0.393056 0.00833333 0.0324074 0.126571
0 0.591927 0.363426 0.00677083 0.0361111 0.129221
29 0.908333 0.404167 0.0114583 0.0231481 0.146015
0 0.990885 0.354167 0.00677083 0.0175926 0.179798
0 0.191927 0.329167 0.00572917 0.0231481 0.184057
0 0.334635 0.384259 0.00677083 0.0333333 0.204304
38 0.908594 0.404167 0.0119792 0.0231481 0.210825
0 0.371875 0.384722 0.009375 0.0416667 0.213767
0 0.615625 0.359722 0.0125 0.0453704 0.252641
0 0.665625 0.364352 0.009375 0.0472222 0.25832
0 0.685938 0.360185 0.0125 0.0518519 0.297465
0 0.319271 0.39213 0.0114583 0.0490741 0.302054
0 0.640625 0.361111 0.009375 0.0407407 0.319662
0 0.191927 0.414352 0.0109375 0.0453704 0.321306
36 0.115625 0.543981 0.0197917 0.0138889 0.325912
0 0.579948 0.363426 0.00885417 0.0416667 0.33865
0 0.997396 0.371296 0.00520833 0.0537037 0.34633
0 0.358594 0.387963 0.0109375 0.0444444 0.37405
0 0.723958 0.358796 0.009375 0.0546296 0.397994
0 0.0614583 0.350463 0.00625 0.0268519 0.40069
0 0.392708 0.374537 0.00625 0.0342593 0.409866
0 0.654167 0.358796 0.0104167 0.0490741 0.423646
0 0.5625 0.364352 0.00833333 0.037963 0.450632
0 0.24974 0.409722 0.0109375 0.0435185 0.455127
0 0.767969 0.375463 0.00989583 0.0287037 0.468804
0 0.672396 0.369907 0.009375 0.0435185 0.468897
0 0.347135 0.393519 0.0109375 0.0425926 0.524062
0 0.203906 0.405556 0.00885417 0.0333333 0.560588
0 0.235156 0.410648 0.00989583 0.0453704 0.605917
0 0.0606771 0.447222 0.0130208 0.0518519 0.620137
0 0.879167 0.359259 0.0104167 0.0555556 0.629973
0 0.185156 0.414815 0.0130208 0.0481481 0.667379
0 0.954167 0.367593 0.00833333 0.0555556 0.675346
0 0.116667 0.426389 0.009375 0.0453704 0.69978
0 0.554688 0.383333 0.0114583 0.0444444 0.709912
0 0.532812 0.380093 0.0145833 0.0453704 0.725897
0 0.623438 0.378704 0.0166667 0.0537037 0.763404
0 0.715365 0.386574 0.0130208 0.0601852 0.776402
0 0.757552 0.381019 0.0151042 0.062037 0.782319
0 0.696875 0.391204 0.015625 0.0712963 0.7878
0 0.738281 0.393981 0.0171875 0.0787037 0.80487
32 0.814062 0.404167 0.00625 0.012037 0.807363
0 0.110417 0.4875 0.0229167 0.126852 0.854697
0 0.499479 0.387037 0.0239583 0.0907407 0.863128
0 0.922396 0.413426 0.034375 0.200926 0.890595
0 0.290104 0.459722 0.0322917 0.123148 0.925139
