0 0.569271 0.376389 0.00729167 0.0175926 0.10004
0 0.633854 0.361574 0.00729167 0.0398148 0.1102
0 0.601823 0.361111 0.00885417 0.0425926 0.112702
0 0.589323 0.362963 0.00677083 0.037037 0.113548
0 0.0893229 0.352778 0.00677083 0.0277778 0.124841
0 0.278125 0.39537 0.00833333 0.037037 0.159385
0 0.852344 0.371759 0.00572917 0.025 0.1625
0 0.330729 0.384722 0.00520833 0.0342593 0.181166
0 0.546094 0.361574 0.00572917 0.0305556 0.192315
0 0.251042 0.406481 0.009375 0.0481481 0.216837
0 0.316927 0.393056 0.0151042 0.0490741 0.234102
0 0.983333 0.360185 0.00520833 0.0259259 0.237672
0 0.6625 0.362037 0.009375 0.0462963 0.275495
0 0.6125 0.359722 0.0125 0.0453704 0.286107
0 0.246094 0.40787 0.00989583 0.0472222 0.292511
0 0.189323 0.330556 0.00572917 0.0259259 0.304089
0 0.335156 0.384259 0.00572917 0.0333333 0.307888
0 0.765885 0.375463 0.0109375 0.0287037 0.333192
0 0.560156 0.361574 0.00885417 0.0398148 0.333272
0 0.346354 0.391204 0.00833333 0.0398148 0.334881
0 0.36849 0.387037 0.00989583 0.0407407 0.344697
0 0.63776 0.361574 0.00989583 0.0416667 0.347359
0 0.294792 0.389815 0.00625 0.0407407 0.356111
0 0.683333 0.360185 0.0114583 0.0537037 0.356615
0 0.353385 0.387963 0.00885417 0.0462963 0.36822
0 0.992969 0.3625 0.00572917 0.0342593 0.378835
0 0.577083 0.363889 0.009375 0.0425926 0.400405
0 0.721875 0.358796 0.00833333 0.0527778 0.410572
0 0.190625 0.416204 0.0104167 0.0472222 0.443291
0 0.180729 0.413426 0.0104167 0.0509259 0.457757
0 0.389323 0.375 0.0078125 0.0351852 0.461833
0 0.651823 0.359259 0.00989583 0.05 0.470959
0 0.670313 0.369907 0.009375 0.0435185 0.519025
0 0.201042 0.406019 0.009375 0.0342593 0.551331
0 0.235156 0.411574 0.0119792 0.0453704 0.578393
0 0.0588542 0.350926 0.00625 0.0277778 0.611513
0 0.0539063 0.448611 0.0130208 0.0527778 0.668961
0 0.113021 0.427315 0.0114583 0.0435185 0.680724
0 0.624219 0.376852 0.0130208 0.0537037 0.68302
0 0.951042 0.368519 0.009375 0.0537037 0.703119
0 0.754167 0.381481 0.015625 0.0611111 0.715511
0 0.876042 0.359722 0.0104167 0.0583333 0.715947
0 0.713802 0.384722 0.0109375 0.0583333 0.730071
0 0.554948 0.383796 0.0151042 0.0453704 0.750911
32 0.818229 0.402315 0.00625 0.012037 0.759832
0 0.738021 0.3875 0.01875 0.0898148 0.794192
0 0.53151 0.380093 0.0151042 0.0472222 0.804725
0 0.697135 0.388889 0.0161458 0.0740741 0.81748
0 0.498958 0.385648 0.0197917 0.0916667 0.850558
0 0.107552 0.489352 0.0234375 0.125 0.873035
0 0.919531 0.413889 0.0348958 0.2 0.895805
0 0.292448 0.458796 0.0255208 0.123148 0.905155
