0 0.342448 0.388889 0.0078125 0.05 0.101556
0 0.238802 0.395833 0.00677083 0.0212963 0.10312
0 0.249479 0.409722 0.0125 0.0472222 0.113988
0 0.247396 0.394444 0.00729167 0.0203704 0.116045
0 0.651302 0.362037 0.00885417 0.0425926 0.121007
0 0.996094 0.357407 0.0078125 0.0296296 0.15189
0 0.277344 0.387037 0.00677083 0.0240741 0.170636
0 0.820052 0.373148 0.0109375 0.0203704 0.171797
0 0.63776 0.359722 0.0119792 0.0435185 0.173077
26 0.123698 0.486574 0.0119792 0.0342593 0.178479
0 0.234375 0.413889 0.009375 0.0462963 0.180802
0 0.263802 0.4 0.00677083 0.0259259 0.186774
0 0.215365 0.327778 0.00572917 0.0240741 0.187537
0 0.925521 0.348611 0.00729167 0.0231481 0.198478
0 0.366667 0.388889 0.0104167 0.0444444 0.202945
0 0.766406 0.362037 0.0109375 0.0407407 0.225026
0 0.663021 0.361111 0.009375 0.0425926 0.229787
0 0.559635 0.365741 0.0078125 0.0314815 0.236927
0 0.878646 0.373611 0.00625 0.0287037 0.238029
0 0.676302 0.35787 0.00989583 0.0490741 0.24887
0 0.359635 0.3875 0.0109375 0.0490741 0.264645
0 0.286458 0.391204 0.009375 0.0324074 0.282063
0 0.409375 0.381019 0.0104167 0.0453704 0.29423
0 0.416146 0.374537 0.0104167 0.0416667 0.299565
0 0.228646 0.40787 0.00729167 0.0472222 0.301199
0 0.689844 0.368519 0.0078125 0.0407407 0.329813
0 0.446875 0.374074 0.00729167 0.0407407 0.332988
0 0.433333 0.37037 0.00729167 0.0333333 0.374188
0 0.308854 0.388889 0.00833333 0.037037 0.378711
0 0.602083 0.362963 0.00833333 0.0425926 0.381523
0 0.747656 0.35787 0.00885417 0.0527778 0.387372
0 0.396875 0.383333 0.009375 0.0425926 0.398187
0 0.327604 0.3875 0.00625 0.0324074 0.411319
0 0.296615 0.39537 0.00989583 0.0407407 0.413754
0 0.0864583 0.349074 0.00625 0.0277778 0.415699
0 0.585156 0.362037 0.00885417 0.0407407 0.452859
0 0.791146 0.375463 0.0114583 0.0287037 0.544547
0 0.54375 0.378241 0.00833333 0.0453704 0.555452
0 0.615365 0.381481 0.0119792 0.0555556 0.560791
32 0.719271 0.42037 0.009375 0.0148148 0.571694
0 0.980208 0.375926 0.00833333 0.0407407 0.586908
0 0.714583 0.390278 0.0197917 0.0564815 0.613608
0 0.903385 0.360185 0.0109375 0.0574074 0.656938
0 0.136458 0.431019 0.009375 0.0490741 0.684861
0 0.567448 0.385648 0.00989583 0.0435185 0.693279
0 0.170573 0.417593 0.00989583 0.0444444 0.727927
0 0.0145833 0.463889 0.015625 0.0537037 0.760178
0 0.70026 0.408333 0.0276042 0.0648148 0.815897
0 0.622656 0.4125 0.0223958 0.0657407 0.826604
0 0.739583 0.388889 0.01875 0.0611111 0.836592
0 0.130469 0.485185 0.0255208 0.122222 0.86232
0 0.47474 0.389815 0.0161458 0.0944444 0.875814
0 0.24401 0.460648 0.0192708 0.110185 0.88383
0 0.946875 0.415741 0.0302083 0.203704 0.898768
