0 0.66901 0.3625 0.0078125 0.0398148 0.103961
0 0.679167 0.3625 0.00833333 0.0435185 0.107084
0 0.786979 0.366667 0.00833333 0.0481481 0.118213
0 0.664323 0.363426 0.00677083 0.037963 0.122716
0 0.688542 0.35 0.0104167 0.0222222 0.126995
0 0.0307292 0.455093 0.00729167 0.0342593 0.136396
0 0.933073 0.379167 0.00677083 0.0287037 0.14084
0 0.75026 0.365741 0.00989583 0.0462963 0.14524
0 0.336979 0.3875 0.009375 0.0305556 0.147269
36 0.146615 0.541667 0.0307292 0.012963 0.157647
0 0.909115 0.362963 0.00989583 0.05 0.166289
0 0.759375 0.362963 0.0114583 0.0537037 0.168937
0 0.643229 0.377778 0.00520833 0.0148148 0.183499
0 0.391667 0.386574 0.00729167 0.0361111 0.18616
0 0.701042 0.363889 0.009375 0.0425926 0.202898
0 0.21276 0.413426 0.00572917 0.0268519 0.206839
0 0.415104 0.380093 0.00729167 0.0324074 0.213418
0 0.483333 0.378704 0.0104167 0.0388889 0.246968
0 0.16901 0.340741 0.0078125 0.0333333 0.248113
0 0.0239583 0.456481 0.0104167 0.0425926 0.256248
0 0.505469 0.369907 0.00677083 0.0416667 0.27499
0 0.0361979 0.449537 0.0078125 0.0398148 0.276486
0 0.00442708 0.483796 0.00885417 0.0324074 0.29083
0 0.604948 0.362963 0.00677083 0.0333333 0.294803
0 0.428385 0.379167 0.0119792 0.0453704 0.307215
0 0.817708 0.365741 0.009375 0.0425926 0.308548
0 0.441406 0.381481 0.00989583 0.0462963 0.312155
0 0.651823 0.363889 0.0078125 0.0407407 0.378433
0 0.536198 0.407407 0.0119792 0.0685185 0.393817
0 0.799479 0.361574 0.00833333 0.0546296 0.408245
0 0.272917 0.401852 0.009375 0.0407407 0.410658
32 0.534896 0.437963 0.00729167 0.0111111 0.427145
0 0.713802 0.362963 0.00989583 0.0444444 0.431474
0 0.315885 0.396296 0.0119792 0.0444444 0.446702
0 0.727083 0.359722 0.009375 0.0490741 0.447843
0 0.140885 0.342593 0.00572917 0.0277778 0.447883
0 0.0557292 0.446759 0.0104167 0.0398148 0.449073
0 0.0158854 0.460185 0.00885417 0.05 0.490193
0 0.286198 0.405556 0.00989583 0.0537037 0.514742
0 0.634896 0.3625 0.00833333 0.0435185 0.543054
0 0.240625 0.418519 0.0114583 0.0462963 0.562107
0 0.84349 0.380093 0.0130208 0.0305556 0.570783
0 0.254948 0.414815 0.0119792 0.0481481 0.584568
0 0.584115 0.38287 0.00885417 0.0416667 0.610877
0 0.090625 0.45 0.009375 0.0462963 0.619416
0 0.0830729 0.45 0.00885417 0.05 0.620942
0 0.688542 0.383333 0.0135417 0.05 0.709485
0 0.54401 0.409722 0.0223958 0.062037 0.768508
0 0.959635 0.365741 0.0109375 0.0611111 0.770801
0 0.7375 0.378241 0.0135417 0.0638889 0.777102
0 0.329167 0.438889 0.021875 0.0759259 0.814362
0 0.45599 0.399537 0.0151042 0.0990741 0.817622
0 0.568229 0.395833 0.0177083 0.0694444 0.878931
0 0.146094 0.488889 0.0307292 0.118519 0.886504
0 0.989844 0.428704 0.0203125 0.22037 0.903272
