0 0.216406 0.412963 0.0078125 0.0481481 0.104528
0 0.130208 0.346296 0.00625 0.0296296 0.108406
0 0.632292 0.361574 0.00625 0.037963 0.113908
0 0.56276 0.389815 0.0140625 0.0574074 0.126627
0 0.525521 0.365741 0.00729167 0.0333333 0.130457
0 0.722135 0.360185 0.0119792 0.0518519 0.135786
0 0.228906 0.327778 0.00572917 0.0259259 0.138729
0 0.26901 0.398611 0.00989583 0.0398148 0.142559
0 0.251563 0.396296 0.00625 0.0314815 0.144537
0 0.675781 0.359259 0.0109375 0.037037 0.148699
0 0.29974 0.390741 0.00885417 0.0314815 0.152369
0 0.627604 0.362963 0.00729167 0.0388889 0.154878
0 0.642448 0.362037 0.0078125 0.0425926 0.162378
0 0.552344 0.372685 0.00885417 0.0287037 0.171472
0 0.36224 0.3875 0.00989583 0.0435185 0.172722
0 0.747656 0.361574 0.00885417 0.0453704 0.174023
0 0.503906 0.368056 0.0078125 0.0324074 0.17832
0 0.375781 0.382407 0.0078125 0.0407407 0.188817
0 0.00546875 0.45463 0.00989583 0.0425926 0.18968
0 0.427344 0.380093 0.0078125 0.0416667 0.191251
35 0.1 0.503704 0.00833333 0.0148148 0.240627
0 0.534115 0.369444 0.00885417 0.037037 0.245762
0 0.272656 0.399074 0.00885417 0.0407407 0.272712
0 0.779948 0.364352 0.00989583 0.0416667 0.282776
0 0.215625 0.402778 0.00625 0.0296296 0.287029
0 0.392188 0.384722 0.0114583 0.0472222 0.290977
0 0.995052 0.378704 0.00989583 0.0425926 0.295309
0 0.651042 0.360185 0.0114583 0.0444444 0.29631
0 0.0372396 0.459722 0.0078125 0.0472222 0.310794
38 0.947656 0.409259 0.0130208 0.0222222 0.320935
0 0.761458 0.358796 0.00833333 0.0546296 0.326383
0 0.264323 0.398148 0.00989583 0.0407407 0.330477
0 0.402083 0.385648 0.0104167 0.0435185 0.333196
0 0.689844 0.358796 0.00989583 0.0490741 0.333299
0 0.3375 0.389815 0.00729167 0.0388889 0.335433
0 0.892708 0.374537 0.00625 0.0268519 0.341921
0 0.346875 0.396296 0.0114583 0.0444444 0.348898
0 0.465625 0.368519 0.00833333 0.0314815 0.364529
0 0.452865 0.370833 0.0078125 0.0416667 0.371907
36 0.105729 0.55 0.0260417 0.0111111 0.385899
0 0.859896 0.362963 0.0125 0.0462963 0.417081
36 0.436979 0.440278 0.0145833 0.012037 0.45685
0 0.702865 0.371759 0.00989583 0.0435185 0.467968
0 0.615104 0.3625 0.009375 0.0435185 0.515906
0 0.520312 0.393056 0.0125 0.0490741 0.535209
0 0.101042 0.346296 0.00625 0.0277778 0.554019
0 0.598177 0.362963 0.00989583 0.0407407 0.609926
0 0.0440104 0.457407 0.0130208 0.05 0.6259
0 0.208594 0.41713 0.0078125 0.0509259 0.638087
0 0.2375 0.415278 0.0104167 0.0453704 0.647464
0 0.221875 0.419444 0.0125 0.0444444 0.672395
0 0.804427 0.378241 0.0119792 0.0287037 0.673387
0 0.717708 0.384259 0.0104167 0.0555556 0.705535
0 0.917969 0.361574 0.0109375 0.0583333 0.73796
0 0.673958 0.380556 0.0125 0.05 0.7497
0 0.509115 0.406019 0.0161458 0.0694444 0.808766
0 0.436979 0.397222 0.0145833 0.0981481 0.814252
32 0.567708 0.451389 0.009375 0.0157407 0.851811
0 0.548958 0.416204 0.025 0.0898148 0.860683
0 0.269792 0.449537 0.0177083 0.0805556 0.870193
0 0.9625 0.421759 0.03125 0.210185 0.891069
0 0.104167 0.493981 0.0291667 0.121296 0.904381
