0 0.182292 0.336574 0.00729167 0.0435185 0.104804
0 0.559635 0.366204 0.00572917 0.0361111 0.10662
0 0.29974 0.396296 0.0078125 0.0333333 0.110671
0 0.805729 0.368056 0.00833333 0.0490741 0.118083
0 0.0375 0.459722 0.00833333 0.0398148 0.15717
0 0.655469 0.381019 0.00572917 0.0157407 0.159375
0 0.541667 0.370833 0.0114583 0.0435185 0.18151
32 0.573698 0.46713 0.0109375 0.012037 0.185183
0 0.472396 0.380093 0.0104167 0.0416667 0.191033
0 0.555208 0.366204 0.00729167 0.0342593 0.191302
0 0.0132813 0.45787 0.00989583 0.0398148 0.194833
0 0.965625 0.363889 0.00729167 0.0351852 0.19763
0 0.7 0.364352 0.0125 0.0435185 0.2039
0 0.761979 0.369444 0.009375 0.0481481 0.21389
0 0.109635 0.446296 0.00885417 0.0462963 0.214473
0 0.464583 0.376852 0.00625 0.0314815 0.225221
0 0.0976562 0.426389 0.00677083 0.0268519 0.235966
0 0.80026 0.369444 0.0078125 0.0462963 0.23863
0 0.445052 0.385648 0.00677083 0.0398148 0.239464
0 0.996354 0.473611 0.00729167 0.125 0.260353
0 0.739323 0.362963 0.00989583 0.0481481 0.283411
0 0.771615 0.367593 0.0109375 0.0518519 0.291819
0 0.153906 0.341667 0.00572917 0.0277778 0.294194
0 0.135677 0.432407 0.0078125 0.0314815 0.303323
0 0.506771 0.380093 0.0114583 0.0398148 0.304297
32 0.548698 0.460185 0.0046875 0.00740741 0.333179
0 0.103385 0.445833 0.00885417 0.0490741 0.362385
0 0.664062 0.36713 0.00833333 0.0416667 0.364787
0 0.515365 0.377315 0.00989583 0.0416667 0.370317
0 0.0442708 0.45 0.009375 0.0425926 0.370968
0 0.830469 0.369907 0.00989583 0.0435185 0.371862
0 0.372396 0.392593 0.009375 0.0407407 0.379109
0 0.350521 0.39537 0.00833333 0.0425926 0.384662
0 0.947135 0.371296 0.0109375 0.05 0.387711
0 0.811979 0.366204 0.00833333 0.0527778 0.396258
0 0.519531 0.393056 0.0161458 0.0453704 0.41363
0 0.485417 0.379167 0.0104167 0.0453704 0.458327
0 0.748177 0.377315 0.0130208 0.0435185 0.502726
0 0.0856771 0.438889 0.00885417 0.037037 0.510396
0 0.369271 0.39213 0.00729167 0.0416667 0.5171
0 0.393229 0.391204 0.0114583 0.0472222 0.528813
0 0.648438 0.36713 0.00833333 0.0416667 0.542644
0 0.0695312 0.453241 0.0130208 0.0638889 0.584885
0 0.532292 0.400926 0.0114583 0.0537037 0.647971
0 0.973177 0.371296 0.0109375 0.062963 0.662585
0 0.184635 0.419907 0.00989583 0.0398148 0.667855
0 0.85599 0.384722 0.0119792 0.0305556 0.668637
0 0.145052 0.430556 0.0140625 0.0481481 0.670304
0 0.200781 0.427315 0.0140625 0.0472222 0.756644
0 0.219792 0.422222 0.0114583 0.0481481 0.767998
32 0.561979 0.463889 0.0104167 0.0166667 0.826589
0 0.730208 0.394907 0.015625 0.0712963 0.840878
0 0.690104 0.400463 0.01875 0.0601852 0.8726
0 0.432552 0.434722 0.0234375 0.0990741 0.878091
0 0.415365 0.410185 0.0244792 0.107407 0.88497
0 0.560156 0.425 0.0276042 0.0796296 0.895639
0 0.0973958 0.501852 0.021875 0.122222 0.908103
0 0.342969 0.441204 0.0296875 0.0953704 0.909888
0 0.591406 0.422685 0.0369792 0.0916667 0.944908
