0 0.635156 0.3625 0.00885417 0.0416667 0.10476
0 0.670313 0.361111 0.00625 0.0407407 0.106106
0 0.320833 0.39537 0.015625 0.0425926 0.11007
0 0.751042 0.362037 0.0104167 0.0555556 0.126545
0 0.704427 0.361574 0.00885417 0.0416667 0.132369
0 0.258594 0.402315 0.0078125 0.0361111 0.13251
0 0.692187 0.362963 0.0104167 0.0425926 0.135364
0 0.784375 0.362037 0.00833333 0.05 0.140153
0 0.678906 0.351852 0.0119792 0.0277778 0.141874
0 0.778385 0.364815 0.0078125 0.0444444 0.143492
0 0.160938 0.341667 0.00729167 0.0351852 0.149704
0 0.0299479 0.451852 0.00989583 0.0444444 0.156852
0 0.488281 0.376852 0.00885417 0.037037 0.157151
0 0.277604 0.397222 0.00729167 0.037037 0.159585
0 0.717708 0.347222 0.009375 0.0259259 0.171956
0 0.654688 0.3625 0.00729167 0.0398148 0.180157
0 0.495573 0.376852 0.00572917 0.0333333 0.19336
0 0.476823 0.375926 0.00677083 0.0407407 0.195263
0 0.330208 0.393981 0.009375 0.0398148 0.201365
0 0.257552 0.325463 0.00572917 0.0268519 0.215773
0 0.515365 0.366204 0.00989583 0.0398148 0.233895
0 0.288542 0.399074 0.00833333 0.0407407 0.235723
0 0.46276 0.378704 0.00989583 0.0444444 0.280878
0 0.13125 0.343981 0.00625 0.0268519 0.328665
0 0.809375 0.364352 0.0104167 0.0416667 0.332792
0 0.642448 0.3625 0.00989583 0.0435185 0.34573
0 0.21875 0.421296 0.009375 0.0462963 0.400104
0 0.0130208 0.46713 0.0177083 0.0657407 0.407708
0 0.72474 0.370833 0.00989583 0.0453704 0.436642
0 0.446354 0.378704 0.0104167 0.0462963 0.443416
0 0.0544271 0.450463 0.0140625 0.0509259 0.479401
0 0.208073 0.423148 0.00989583 0.0481481 0.48573
0 0.790104 0.360648 0.00833333 0.0546296 0.490621
0 0.351562 0.398611 0.0114583 0.0453704 0.513914
0 0.0382813 0.448611 0.00989583 0.0435185 0.56062
0 0.626042 0.362963 0.00833333 0.0407407 0.589543
0 0.4 0.383796 0.009375 0.0342593 0.595031
0 0.0726563 0.452315 0.00989583 0.0509259 0.649717
32 0.525521 0.4375 0.00833333 0.012037 0.661276
0 0.948958 0.363426 0.0104167 0.0583333 0.682725
0 0.0864583 0.45 0.0114583 0.05 0.694433
0 0.566146 0.383333 0.0125 0.0444444 0.694493
0 0.226823 0.415741 0.0130208 0.0537037 0.699237
0 0.709896 0.386574 0.0104167 0.0583333 0.712128
0 0.833854 0.378704 0.0135417 0.0296296 0.720852
0 0.679948 0.387037 0.0140625 0.0555556 0.739429
0 0.534115 0.402778 0.0151042 0.0759259 0.75494
0 0.546875 0.399074 0.01875 0.0666667 0.781673
0 0.517448 0.406944 0.0234375 0.0712963 0.860482
0 0.427865 0.402778 0.0182292 0.101852 0.862992
0 0.307552 0.439352 0.0151042 0.0842593 0.864264
0 0.138281 0.493519 0.0234375 0.12037 0.902191
0 0.984896 0.425 0.0302083 0.218519 0.918052
