0 0.322396 0.393981 0.00625 0.037963 0.101616
32 0.963281 0.470833 0.0109375 0.0101852 0.102977
0 0.177865 0.341667 0.00885417 0.0296296 0.11785
0 0.560938 0.380556 0.01875 0.0351852 0.122278
0 0.933594 0.377778 0.00572917 0.0277778 0.145702
0 0.664583 0.363426 0.00729167 0.037963 0.152225
0 0.421094 0.378704 0.00677083 0.0296296 0.15348
0 0.51849 0.369444 0.00989583 0.0407407 0.159184
0 0.33776 0.388426 0.0078125 0.0305556 0.159329
0 0.00338542 0.4625 0.00677083 0.0472222 0.165771
0 0.432552 0.382407 0.00885417 0.0444444 0.170949
0 0.513021 0.368519 0.00625 0.0407407 0.173012
0 0.325781 0.394444 0.00677083 0.0388889 0.175107
0 0.285677 0.397222 0.00885417 0.037037 0.191236
0 0.64349 0.377315 0.00572917 0.0157407 0.200929
0 0.701042 0.363889 0.009375 0.0425926 0.201366
0 0.242969 0.416667 0.00885417 0.0462963 0.240436
0 0.489062 0.377778 0.009375 0.0388889 0.24636
0 0.817708 0.365741 0.009375 0.0425926 0.261192
0 0.713542 0.3625 0.009375 0.0435185 0.286348
0 0.255208 0.402778 0.00625 0.037037 0.291365
0 0.304427 0.401852 0.0130208 0.0481481 0.300692
0 0.16901 0.340278 0.0078125 0.037963 0.307642
0 0.059375 0.44537 0.00729167 0.037037 0.310851
0 0.399479 0.384722 0.00729167 0.0361111 0.31215
0 0.31875 0.392593 0.00729167 0.0351852 0.314067
0 0.479948 0.378704 0.00989583 0.0407407 0.317598
0 0.610937 0.363889 0.00625 0.0351852 0.332946
0 0.727083 0.358333 0.0104167 0.0481481 0.342613
0 0.141146 0.343056 0.00625 0.0268519 0.343298
0 0.623958 0.362963 0.00729167 0.0388889 0.349929
32 0.532812 0.437963 0.00833333 0.012963 0.364553
0 0.799479 0.361111 0.00833333 0.0555556 0.369852
0 0.460677 0.378704 0.00989583 0.0444444 0.376806
0 0.36849 0.396759 0.0078125 0.0453704 0.380879
0 0.246875 0.415278 0.0125 0.0490741 0.464769
0 0.652083 0.363889 0.00833333 0.0425926 0.47757
0 0.84349 0.380093 0.0130208 0.0305556 0.505966
0 0.735156 0.369444 0.0119792 0.0481481 0.547973
0 0.634635 0.3625 0.00885417 0.0435185 0.572508
0 0.0119792 0.468519 0.0135417 0.062963 0.602547
0 0.0828125 0.450463 0.009375 0.0490741 0.625759
0 0.230729 0.419907 0.0114583 0.0490741 0.638565
0 0.583073 0.38287 0.00989583 0.0416667 0.66749
0 0.0934896 0.448611 0.0109375 0.0509259 0.674924
0 0.721615 0.384259 0.0109375 0.0537037 0.687274
0 0.0380208 0.45463 0.0166667 0.0537037 0.705434
0 0.959635 0.365741 0.0109375 0.0611111 0.707824
0 0.542708 0.401852 0.015625 0.0685185 0.71989
0 0.685156 0.384259 0.0161458 0.0537037 0.784947
0 0.448958 0.399537 0.0166667 0.100926 0.797179
0 0.56224 0.404167 0.0234375 0.0675926 0.802659
0 0.321354 0.435185 0.0114583 0.0814815 0.838294
0 0.989844 0.428241 0.0203125 0.221296 0.904378
0 0.150781 0.493056 0.0244792 0.113889 0.906805
