0 0.61276 0.363426 0.00677083 0.0361111 0.101264
0 0.698438 0.3625 0.0104167 0.0453704 0.103172
0 0.770573 0.362963 0.00885417 0.0388889 0.108864
13 0.415625 0.387963 0.040625 0.0296296 0.114294
34 0.932292 0.406019 0.0114583 0.0231481 0.114733
0 0.251823 0.394907 0.0078125 0.0175926 0.119775
0 0.252083 0.407407 0.00833333 0.0444444 0.121803
0 0.920573 0.352315 0.00572917 0.0268519 0.122724
0 0.263542 0.388889 0.00625 0.0240741 0.124047
0 0.746875 0.344444 0.00833333 0.0259259 0.131764
0 0.592969 0.375463 0.00572917 0.0157407 0.132543
0 0.828646 0.358796 0.0104167 0.0472222 0.147461
0 0.411458 0.376389 0.0104167 0.0398148 0.155376
0 0.636719 0.358796 0.0130208 0.0435185 0.168168
0 0.407031 0.379167 0.00989583 0.0416667 0.172227
0 0.286458 0.394907 0.009375 0.037963 0.177917
0 0.429427 0.373148 0.00572917 0.0351852 0.184711
0 0.321875 0.387963 0.00833333 0.0351852 0.199307
0 0.240885 0.412037 0.00885417 0.0462963 0.218648
0 0.233594 0.411111 0.0130208 0.05 0.226442
0 0.992188 0.356944 0.00625 0.0324074 0.231064
0 0.765625 0.362963 0.009375 0.0407407 0.24177
0 0.708333 0.358796 0.0125 0.0509259 0.273662
0 0.316146 0.388426 0.00833333 0.0361111 0.289683
0 0.214844 0.328241 0.00572917 0.025 0.296255
0 0.393229 0.384259 0.009375 0.0425926 0.303881
0 0.877865 0.373611 0.00572917 0.0287037 0.322665
0 0.433594 0.377315 0.0078125 0.0416667 0.358284
0 0.6625 0.360185 0.009375 0.0425926 0.39135
0 0.211719 0.406944 0.0078125 0.0398148 0.392419
0 0.676302 0.357407 0.0109375 0.0481481 0.400812
0 0.360938 0.389352 0.009375 0.0453704 0.413804
0 0.601562 0.362963 0.00833333 0.0425926 0.430793
0 0.353385 0.388426 0.00989583 0.0490741 0.449125
0 0.00416667 0.471296 0.00833333 0.0481481 0.451027
0 0.689062 0.368056 0.009375 0.0453704 0.46581
0 0.0859375 0.349074 0.00625 0.0277778 0.476725
0 0.164844 0.419444 0.00885417 0.0444444 0.478099
0 0.290625 0.396759 0.009375 0.0398148 0.486674
0 0.584115 0.360648 0.00989583 0.0435185 0.518329
0 0.979688 0.374537 0.00833333 0.0416667 0.528881
0 0.225781 0.408796 0.0119792 0.0453704 0.557712
0 0.790625 0.375463 0.0114583 0.0287037 0.616955
0 0.54375 0.379167 0.00833333 0.0453704 0.626661
0 0.727865 0.388426 0.0161458 0.0657407 0.647019
0 0.567969 0.385185 0.00989583 0.0462963 0.683002
0 0.902865 0.360185 0.0109375 0.0592593 0.735106
0 0.619271 0.380093 0.0135417 0.0546296 0.751741
0 0.751302 0.383796 0.0119792 0.0657407 0.752568
0 0.657292 0.402315 0.0177083 0.0712963 0.752956
0 0.0117188 0.463889 0.0130208 0.0555556 0.784902
0 0.708594 0.396296 0.0369792 0.0796296 0.8275
0 0.255208 0.463426 0.0229167 0.115741 0.893581
0 0.133854 0.485648 0.0291667 0.121296 0.896086
0 0.946615 0.415741 0.0307292 0.203704 0.902251
0 0.486458 0.389815 0.0229167 0.0944444 0.916475
