0 0.65651 0.359259 0.00885417 0.0481481 0.112294
0 0.241927 0.405556 0.0078125 0.0407407 0.120004
0 0.601823 0.362037 0.00677083 0.0407407 0.122136
0 0.997135 0.365741 0.00572917 0.0351852 0.148674
0 0.588021 0.362963 0.00729167 0.0388889 0.149021
0 0.567969 0.376852 0.00572917 0.0148148 0.154704
0 0.260677 0.393981 0.0078125 0.0324074 0.187152
0 0.545052 0.360648 0.00572917 0.0268519 0.196335
29 0.296875 0.434722 0.0135417 0.0175926 0.200698
0 0.291927 0.38287 0.00677083 0.025 0.207801
0 0.85026 0.372222 0.00572917 0.0259259 0.250754
0 0.558333 0.360185 0.0104167 0.037037 0.28373
0 0.331771 0.384259 0.00625 0.0333333 0.284321
0 0.366667 0.387037 0.0104167 0.0407407 0.29023
0 0.188021 0.330556 0.00625 0.0259259 0.301141
0 0.315365 0.393056 0.0140625 0.0490741 0.302108
0 0.335156 0.384259 0.00677083 0.0333333 0.311177
0 0.611198 0.359259 0.0119792 0.0444444 0.317656
0 0.661198 0.360648 0.00885417 0.0472222 0.319687
0 0.276302 0.394907 0.0078125 0.0342593 0.335583
0 0.186198 0.415278 0.00989583 0.0453704 0.346276
0 0.0515625 0.449537 0.0145833 0.0564815 0.355374
0 0.348958 0.389352 0.0104167 0.0435185 0.357333
0 0.682031 0.360648 0.0109375 0.0527778 0.373673
0 0.25026 0.40787 0.0119792 0.0472222 0.374218
0 0.636719 0.360648 0.00989583 0.0435185 0.381113
0 0.576042 0.3625 0.009375 0.0416667 0.382856
0 0.0578125 0.350463 0.00625 0.0287037 0.412153
0 0.3875 0.375 0.009375 0.0351852 0.427047
0 0.720312 0.35787 0.009375 0.0527778 0.429163
0 0.764844 0.375463 0.0109375 0.0287037 0.510981
0 0.178125 0.415278 0.0104167 0.0527778 0.51687
0 0.669271 0.369444 0.009375 0.0444444 0.527623
0 0.991146 0.362963 0.00520833 0.0351852 0.539882
0 0.65026 0.358333 0.00989583 0.05 0.550046
0 0.199479 0.406481 0.009375 0.0333333 0.570233
0 0.234896 0.411574 0.0125 0.0472222 0.575471
0 0.111458 0.428704 0.0125 0.0425926 0.58086
0 0.752604 0.384259 0.015625 0.0574074 0.640921
0 0.625781 0.377315 0.0109375 0.0527778 0.647047
0 0.7125 0.384259 0.0114583 0.0592593 0.716805
0 0.949479 0.368519 0.009375 0.0537037 0.718289
0 0.87474 0.359722 0.0109375 0.0583333 0.744701
0 0.553906 0.383333 0.0151042 0.0444444 0.779405
0 0.739323 0.390741 0.0234375 0.0814815 0.784549
0 0.53099 0.37963 0.0130208 0.0462963 0.793923
32 0.820833 0.401389 0.00625 0.012037 0.809109
0 0.697917 0.388426 0.015625 0.0694444 0.822365
0 0.501302 0.384722 0.0161458 0.0898148 0.857137
0 0.107031 0.489815 0.0244792 0.125926 0.868464
0 0.918229 0.413426 0.0354167 0.199074 0.889241
0 0.29349 0.458796 0.0223958 0.125 0.903642
