0 0.661719 0.356944 0.00885417 0.0361111 0.100541
0 0.65026 0.3625 0.00989583 0.0416667 0.104049
0 0.114844 0.341204 0.0078125 0.0435185 0.115256
0 0.120052 0.428704 0.00677083 0.0407407 0.116663
0 0.592448 0.375463 0.00572917 0.0157407 0.122311
0 0.919271 0.351389 0.00625 0.025 0.123835
0 0.990365 0.35787 0.00677083 0.0305556 0.126881
0 0.613281 0.3625 0.0078125 0.037963 0.144265
0 0.227344 0.409259 0.0078125 0.0407407 0.15875
0 0.003125 0.475926 0.00625 0.0388889 0.170345
0 0.335938 0.389815 0.00729167 0.0481481 0.187194
0 0.636979 0.358796 0.0114583 0.0435185 0.193305
0 0.826563 0.357407 0.0114583 0.05 0.199342
0 0.697135 0.364815 0.00989583 0.0462963 0.213487
0 0.707812 0.360185 0.0104167 0.0518519 0.222971
0 0.877604 0.373148 0.00520833 0.0277778 0.226261
0 0.257552 0.389815 0.0109375 0.0259259 0.232318
0 0.766927 0.361111 0.0130208 0.0407407 0.233388
0 0.746875 0.354167 0.00833333 0.0472222 0.252296
0 0.214062 0.328241 0.00625 0.025 0.313661
0 0.233854 0.40787 0.009375 0.0472222 0.314177
0 0.256771 0.403241 0.0145833 0.0527778 0.315019
0 0.675781 0.356944 0.0109375 0.0490741 0.33841
0 0.241927 0.412037 0.00989583 0.0462963 0.34015
0 0.359635 0.390741 0.00989583 0.0444444 0.353175
0 0.0854167 0.349074 0.00625 0.0277778 0.373218
0 0.211719 0.406944 0.00989583 0.0398148 0.380806
0 0.732552 0.394444 0.0140625 0.0481481 0.415015
0 0.689062 0.368981 0.009375 0.0416667 0.415932
0 0.352344 0.389352 0.00989583 0.0490741 0.417044
0 0.405469 0.381944 0.0109375 0.0416667 0.425197
0 0.601302 0.362963 0.0078125 0.0425926 0.433667
0 0.320573 0.3875 0.00989583 0.037963 0.433889
0 0.978906 0.374074 0.00989583 0.0425926 0.436388
0 0.430208 0.375926 0.0114583 0.0444444 0.479337
0 0.391667 0.384259 0.009375 0.0444444 0.486262
0 0.583594 0.360648 0.0109375 0.0416667 0.508064
0 0.223698 0.408796 0.0109375 0.0435185 0.553467
0 0.161719 0.419444 0.00885417 0.0444444 0.561495
0 0.790365 0.375926 0.0119792 0.0296296 0.574294
0 0.28776 0.399537 0.0119792 0.0472222 0.576563
0 0.568229 0.383796 0.009375 0.0453704 0.60172
0 0.542708 0.378704 0.00833333 0.0444444 0.605676
0 0.902604 0.360185 0.0114583 0.0592593 0.687829
0 0.754687 0.387037 0.0197917 0.0592593 0.718962
0 0.622396 0.380093 0.0145833 0.0564815 0.769735
0 0.714323 0.396759 0.0390625 0.087963 0.808712
0 0.0109375 0.463889 0.0125 0.0555556 0.817444
0 0.664583 0.398148 0.0145833 0.0833333 0.839085
0 0.488021 0.390278 0.0270833 0.0953704 0.848543
0 0.133073 0.485185 0.0307292 0.122222 0.875868
0 0.946354 0.415741 0.0302083 0.203704 0.900535
0 0.260677 0.4625 0.0255208 0.115741 0.91379
