0 0.656771 0.363889 0.00520833 0.037037 0.103376
0 0.782812 0.362963 0.00729167 0.0518519 0.10422
0 0.676302 0.35787 0.0119792 0.037963 0.107164
0 0.738281 0.366204 0.00885417 0.0472222 0.111332
0 0.775781 0.366204 0.0078125 0.0435185 0.112448
0 0.667708 0.363426 0.00729167 0.0416667 0.121701
0 0.0770833 0.451852 0.00729167 0.0462963 0.128578
0 0.519531 0.366204 0.0078125 0.037963 0.131334
0 0.139844 0.428241 0.00572917 0.0287037 0.132205
0 0.156771 0.343056 0.00729167 0.0342593 0.134482
0 0.723958 0.364815 0.009375 0.0351852 0.13456
0 0.275521 0.396759 0.00833333 0.0324074 0.143648
0 0.254948 0.327315 0.00572917 0.025 0.150256
0 0.434896 0.378704 0.009375 0.037037 0.158897
0 0.652865 0.363889 0.00885417 0.0407407 0.17034
0 0.631771 0.378704 0.00520833 0.0148148 0.190737
0 0.426823 0.376852 0.00677083 0.0296296 0.19582
0 0.747656 0.364352 0.0109375 0.0509259 0.2159
0 0.690104 0.365278 0.00833333 0.0416667 0.227308
0 0.479688 0.374537 0.0104167 0.0453704 0.255508
0 0.467187 0.379167 0.00833333 0.0416667 0.272167
0 0.31875 0.39213 0.0104167 0.0361111 0.279155
0 0.128646 0.344444 0.00625 0.0259259 0.288293
0 0.339323 0.4 0.0109375 0.0444444 0.302977
0 0.328646 0.398148 0.0125 0.0518519 0.318712
0 0.194792 0.424074 0.0104167 0.05 0.326497
0 0.805208 0.366204 0.009375 0.0435185 0.378667
0 0.715104 0.361574 0.0104167 0.0509259 0.388768
0 0.295052 0.398148 0.00677083 0.0407407 0.40885
0 0.45 0.380093 0.0104167 0.0472222 0.428781
0 0.702083 0.363889 0.009375 0.0444444 0.431239
0 0.7875 0.3625 0.00833333 0.0527778 0.446193
0 0.0825521 0.451389 0.0109375 0.0472222 0.494046
0 0.0598958 0.444444 0.00833333 0.0407407 0.496916
0 0.0726563 0.451389 0.00989583 0.0527778 0.546441
0 0.0489583 0.446296 0.00833333 0.0481481 0.561378
0 0.640625 0.364815 0.00833333 0.0407407 0.588205
0 0.0210938 0.464815 0.0140625 0.0666667 0.590309
0 0.201042 0.421296 0.0135417 0.0555556 0.652763
0 0.623438 0.364352 0.009375 0.0416667 0.673305
0 0.83099 0.380093 0.0119792 0.0287037 0.707348
0 0.214583 0.420833 0.0114583 0.0490741 0.726967
0 0.722917 0.39213 0.021875 0.0583333 0.784303
0 0.946094 0.366204 0.0109375 0.0638889 0.794142
0 0.677083 0.391667 0.0166667 0.0592593 0.850497
0 0.30625 0.442593 0.0135417 0.087037 0.873144
0 0.522656 0.415278 0.0192708 0.0824074 0.876792
0 0.547135 0.416204 0.0244792 0.0842593 0.878296
0 0.132031 0.49537 0.0317708 0.124074 0.913976
0 0.410417 0.40463 0.01875 0.105556 0.919446
0 0.982292 0.427778 0.0322917 0.218519 0.919568
0 0.489323 0.421296 0.0359375 0.0833333 0.931663
