13 0.0283854 0.464352 0.0505208 0.0324074 0.101095
0 0.575521 0.368981 0.00729167 0.0398148 0.106023
13 0.0111979 0.460648 0.0213542 0.0287037 0.107397
0 0.81875 0.368519 0.00833333 0.0481481 0.115586
0 0.0799479 0.432407 0.00885417 0.0259259 0.117163
0 0.704167 0.366204 0.00729167 0.0398148 0.124602
0 0.813281 0.371296 0.00677083 0.0462963 0.126527
0 0.780729 0.369444 0.00833333 0.05 0.129647
0 0.311719 0.395833 0.00677083 0.0342593 0.16244
0 0.00234375 0.452778 0.0046875 0.0240741 0.16436
0 0.569271 0.36713 0.00729167 0.0361111 0.183633
0 0.0877604 0.4375 0.00989583 0.037963 0.183943
0 0.479427 0.377315 0.00677083 0.0305556 0.185299
13 0.0419271 0.458796 0.0192708 0.0268519 0.190139
0 0.0601562 0.446296 0.0078125 0.037037 0.190464
0 0.353385 0.384259 0.0078125 0.0222222 0.200915
0 0.785417 0.368981 0.0104167 0.0527778 0.235195
13 0.00520833 0.475926 0.0104167 0.0166667 0.245777
0 0.409375 0.388889 0.00729167 0.0407407 0.247764
0 0.71276 0.364815 0.0119792 0.0425926 0.253382
0 0.667969 0.381019 0.00572917 0.0175926 0.261579
0 0.77526 0.37037 0.00885417 0.0481481 0.266226
0 0.96276 0.372685 0.0109375 0.0509259 0.288261
0 0.844271 0.37037 0.0104167 0.0444444 0.327172
0 0.499219 0.379167 0.0109375 0.0453704 0.327556
0 0.752083 0.367593 0.0104167 0.0574074 0.328502
0 0.0309896 0.45463 0.0130208 0.0407407 0.377008
0 0.460156 0.383796 0.00885417 0.0398148 0.377017
0 0.0997396 0.42963 0.00885417 0.0222222 0.392419
0 0.676562 0.368519 0.00833333 0.0425926 0.40228
0 0.122396 0.443981 0.00833333 0.0490741 0.407215
0 0.363542 0.389815 0.00729167 0.0333333 0.407944
0 0.825781 0.36713 0.0078125 0.0527778 0.409902
0 0.146615 0.431481 0.00677083 0.0296296 0.410355
0 0.117448 0.443981 0.00885417 0.0490741 0.440695
0 0.383854 0.391204 0.00833333 0.0398148 0.441539
0 0.523958 0.399074 0.0135417 0.0481481 0.511049
0 0.419792 0.394444 0.0135417 0.0759259 0.514529
0 0.759635 0.377315 0.0140625 0.0435185 0.517296
0 0.660417 0.36713 0.00833333 0.0416667 0.573219
0 0.0539063 0.45787 0.00989583 0.0435185 0.621727
0 0.209896 0.427315 0.0135417 0.0472222 0.644281
0 0.19375 0.419907 0.00729167 0.0416667 0.645868
0 0.869792 0.386574 0.0135417 0.0305556 0.734445
0 0.986719 0.372222 0.0109375 0.062963 0.737076
0 0.167187 0.428704 0.0145833 0.0481481 0.745173
0 0.534635 0.401389 0.0203125 0.0527778 0.766629
0 0.228646 0.423148 0.0125 0.0481481 0.774198
0 0.569271 0.427315 0.0239583 0.087963 0.818051
0 0.696875 0.401852 0.0166667 0.0611111 0.836229
0 0.423698 0.435185 0.0338542 0.1 0.880361
0 0.590365 0.418519 0.0359375 0.0925926 0.88431
0 0.0984375 0.499074 0.0260417 0.122222 0.898571
0 0.734635 0.4 0.0203125 0.0666667 0.905438
0 0.359375 0.444444 0.021875 0.0888889 0.923696
