0 0.929167 0.364352 0.00729167 0.0546296 0.101091
0 0.286198 0.39213 0.0078125 0.0305556 0.121376
36 0.128906 0.542593 0.0244792 0.00925926 0.121849
0 0.736198 0.362963 0.0078125 0.0444444 0.122326
0 0.929948 0.348611 0.00677083 0.0194444 0.122478
0 0.614844 0.362963 0.0078125 0.0388889 0.143692
0 0.247135 0.411111 0.00885417 0.0462963 0.155668
0 0.742448 0.359722 0.0078125 0.0490741 0.165766
0 0.627865 0.360185 0.00885417 0.0407407 0.169591
0 0.709375 0.360185 0.0125 0.0537037 0.208626
0 0.6375 0.359259 0.0114583 0.0425926 0.208849
0 0.663021 0.359722 0.0104167 0.0416667 0.208951
0 0.348698 0.3875 0.00885417 0.0453704 0.215923
0 0.243229 0.408796 0.009375 0.0509259 0.233065
0 0.371615 0.387037 0.00885417 0.0462963 0.244391
0 0.215104 0.328241 0.00520833 0.025 0.262789
0 0.4125 0.38287 0.009375 0.0416667 0.271946
0 0.364062 0.386574 0.0114583 0.0472222 0.281551
0 0.766667 0.3625 0.0104167 0.0416667 0.291445
0 0.585938 0.361574 0.0104167 0.0398148 0.310118
0 0.236198 0.406481 0.00989583 0.0481481 0.322919
0 0.0864583 0.349074 0.00625 0.0277778 0.33162
0 0.878646 0.374074 0.00625 0.0277778 0.332492
0 0.334115 0.386574 0.00677083 0.0324074 0.334906
0 0.43776 0.375463 0.00885417 0.0472222 0.338306
0 0.676562 0.35787 0.0104167 0.0490741 0.378229
0 0.402865 0.38287 0.0109375 0.0416667 0.379762
0 0.422135 0.375463 0.00989583 0.0435185 0.413802
0 0.747917 0.358333 0.00833333 0.0537037 0.425998
0 0.689844 0.37037 0.00885417 0.0425926 0.431229
0 0.544531 0.37963 0.00885417 0.0444444 0.474046
0 0.979167 0.37037 0.0114583 0.0555556 0.520693
0 0.0177083 0.4625 0.0125 0.0527778 0.626375
0 0.553906 0.383333 0.0140625 0.0555556 0.636712
0 0.228646 0.415278 0.0104167 0.0453704 0.646718
0 0.791146 0.376389 0.0125 0.0287037 0.671724
0 0.903385 0.359259 0.0109375 0.0555556 0.684015
0 0.180729 0.416667 0.0125 0.0425926 0.741401
0 0.153385 0.427778 0.0130208 0.05 0.76385
0 0.697135 0.392593 0.0130208 0.05 0.786494
0 0.605729 0.38287 0.0135417 0.062037 0.790321
0 0.46224 0.393056 0.0140625 0.0972222 0.856725
0 0.574479 0.410185 0.03125 0.0833333 0.859272
32 0.683333 0.439352 0.00833333 0.0157407 0.860397
0 0.652344 0.412963 0.0338542 0.0722222 0.887701
0 0.945833 0.41713 0.0322917 0.20463 0.893906
0 0.71875 0.39213 0.0270833 0.0583333 0.897508
0 0.236458 0.461111 0.0177083 0.0925926 0.908718
0 0.127083 0.486574 0.0291667 0.119444 0.909004
