0 0.93724 0.353704 0.00572917 0.0203704 0.101652
38 0.932813 0.40787 0.0104167 0.0212963 0.111026
35 0.101562 0.501852 0.00625 0.0148148 0.113208
0 0.628125 0.362963 0.00833333 0.0444444 0.119934
0 0.919271 0.363426 0.00625 0.0435185 0.139727
0 0.651823 0.364815 0.0078125 0.0388889 0.146388
0 0.286458 0.39213 0.00833333 0.0305556 0.151695
0 0.446615 0.369444 0.00989583 0.0333333 0.153124
0 0.23151 0.413889 0.0109375 0.0481481 0.157774
0 0.357552 0.384259 0.00677083 0.0425926 0.164836
0 0.841406 0.361111 0.0119792 0.0481481 0.179121
0 0.253906 0.401852 0.00989583 0.0388889 0.181387
0 0.585677 0.363426 0.0109375 0.0398148 0.182448
0 0.992969 0.3625 0.0119792 0.037963 0.187697
0 0.527604 0.389815 0.00833333 0.0462963 0.19293
0 0.418229 0.381481 0.0104167 0.0407407 0.198279
0 0.382552 0.386574 0.00885417 0.0453704 0.201466
0 0.6375 0.360185 0.0114583 0.0444444 0.219776
0 0.878646 0.375 0.00625 0.0277778 0.220497
0 0.37474 0.385648 0.0119792 0.0453704 0.226866
0 0.734635 0.362963 0.0078125 0.0462963 0.242369
0 0.602083 0.363426 0.00833333 0.0416667 0.245146
0 0.470573 0.373611 0.00885417 0.037963 0.249715
0 0.663281 0.3625 0.00885417 0.0435185 0.281999
0 0.766667 0.364352 0.0104167 0.0416667 0.293174
0 0.676823 0.351852 0.00989583 0.037037 0.296217
0 0.246094 0.401389 0.00885417 0.0398148 0.308344
0 0.409115 0.381944 0.0119792 0.0435185 0.313021
0 0.495313 0.37037 0.0104167 0.0407407 0.313942
0 0.271615 0.396296 0.0078125 0.037037 0.327789
0 0.215365 0.328241 0.00572917 0.025 0.335063
0 0.0867188 0.348148 0.00677083 0.0259259 0.341245
0 0.34375 0.393981 0.0104167 0.0472222 0.353988
0 0.747917 0.358796 0.00833333 0.0546296 0.377933
32 0.590104 0.456481 0.015625 0.0185185 0.421524
0 0.316927 0.391667 0.0078125 0.0388889 0.455749
0 0.689583 0.370833 0.009375 0.0435185 0.50973
0 0.19349 0.4125 0.00677083 0.0453704 0.552183
0 0.544271 0.380556 0.009375 0.0425926 0.556437
0 0.216667 0.416667 0.0114583 0.0481481 0.571244
0 0.980208 0.377778 0.00729167 0.0407407 0.597505
0 0.791406 0.377315 0.0119792 0.0287037 0.616806
32 0.597917 0.453704 0.00833333 0.0166667 0.64701
0 0.0263021 0.460185 0.0151042 0.05 0.682935
0 0.569792 0.3875 0.0166667 0.062037 0.698533
0 0.179948 0.422222 0.0109375 0.0518519 0.717124
0 0.675 0.383333 0.0125 0.0518519 0.736368
0 0.903646 0.3625 0.0104167 0.0601852 0.750691
0 0.707812 0.384259 0.0125 0.062963 0.808899
0 0.438021 0.396296 0.021875 0.0981481 0.825752
0 0.584635 0.413889 0.0203125 0.0981481 0.846096
0 0.246354 0.453704 0.01875 0.0851852 0.873921
0 0.515885 0.408796 0.0255208 0.0824074 0.875409
0 0.945833 0.42037 0.0322917 0.207407 0.892087
0 0.104687 0.493056 0.0270833 0.125 0.91444
