0 0.158594 0.340741 0.00677083 0.037037 0.107779
0 0.633073 0.376852 0.00572917 0.0148148 0.122603
0 0.782812 0.363426 0.00729167 0.0490741 0.122752
0 0.653646 0.363426 0.00729167 0.037963 0.126766
0 0.578125 0.362037 0.00729167 0.0333333 0.132566
0 0.327083 0.389815 0.009375 0.0314815 0.135074
0 0.749219 0.362037 0.0109375 0.0555556 0.139272
0 0.559115 0.362963 0.00572917 0.0296296 0.140644
0 0.46875 0.377778 0.009375 0.0425926 0.14708
0 0.21901 0.411111 0.00572917 0.0296296 0.156552
0 0.399219 0.381481 0.00885417 0.0314815 0.17179
0 0.66901 0.362037 0.0078125 0.0425926 0.177847
0 0.776823 0.363889 0.0078125 0.0462963 0.229922
0 0.410937 0.38287 0.0104167 0.0490741 0.233099
0 0.375781 0.390278 0.00885417 0.0435185 0.234243
0 0.436719 0.381944 0.00885417 0.0435185 0.24416
0 0.367448 0.393981 0.00885417 0.0435185 0.248601
0 0.642187 0.363889 0.009375 0.0407407 0.251425
0 0.461198 0.377778 0.00885417 0.0425926 0.25984
0 0.807552 0.364352 0.00989583 0.0435185 0.27544
0 0.532292 0.402778 0.0125 0.062963 0.286985
36 0.126302 0.545833 0.0151042 0.0101852 0.290486
0 0.426562 0.38287 0.0104167 0.0453704 0.294679
0 0.496875 0.368981 0.00833333 0.037963 0.306523
0 0.0210938 0.449537 0.00885417 0.0398148 0.306684
0 0.677604 0.360648 0.0114583 0.0435185 0.307317
0 0.129948 0.343981 0.00572917 0.025 0.320206
0 0.703385 0.3625 0.00885417 0.0435185 0.320519
0 0.716667 0.361111 0.0104167 0.0518519 0.335683
0 0.277083 0.400463 0.0104167 0.0435185 0.373666
0 0.489323 0.37037 0.00989583 0.0388889 0.39352
0 0.921615 0.376852 0.00677083 0.0277778 0.395329
0 0.575 0.38287 0.009375 0.0398148 0.427812
0 0.30026 0.396759 0.00885417 0.0416667 0.4319
0 0.0776042 0.452315 0.009375 0.0472222 0.447025
0 0.788542 0.362037 0.009375 0.0537037 0.47591
0 0.0713542 0.453241 0.0104167 0.0490741 0.48139
0 0.727344 0.370833 0.00989583 0.0435185 0.499535
0 0.236979 0.418056 0.009375 0.0472222 0.567762
0 0.259375 0.410648 0.0114583 0.0527778 0.568452
0 0.0403646 0.449537 0.00989583 0.0398148 0.573391
0 0.252865 0.411574 0.0109375 0.0546296 0.583999
0 0.624479 0.362963 0.00833333 0.0425926 0.611187
0 0.833073 0.37963 0.0119792 0.0296296 0.683361
0 0.736719 0.382407 0.0130208 0.0574074 0.687022
0 0.947917 0.364352 0.0114583 0.0601852 0.732233
0 0.520573 0.406944 0.0151042 0.0638889 0.737676
0 0.685156 0.381944 0.0130208 0.0509259 0.743247
0 0.564844 0.393519 0.0109375 0.0666667 0.749678
32 0.541667 0.445833 0.009375 0.0138889 0.758063
0 0.451042 0.397685 0.015625 0.0972222 0.81076
0 0.541927 0.410185 0.0296875 0.0740741 0.812308
0 0.308854 0.437963 0.0197917 0.0814815 0.839573
0 0.123698 0.489815 0.0182292 0.12037 0.898782
0 0.984635 0.425 0.0307292 0.216667 0.922474
