0 0.635677 0.365741 0.00677083 0.0314815 0.127941
0 0.278646 0.396296 0.00729167 0.0407407 0.129084
0 0.985677 0.35463 0.0046875 0.0166667 0.133671
0 0.33125 0.384722 0.00625 0.0342593 0.140354
36 0.113542 0.543981 0.0197917 0.0138889 0.143327
0 0.852604 0.371759 0.00520833 0.025 0.176887
0 0.547396 0.362963 0.00520833 0.0333333 0.183492
0 0.295573 0.389352 0.00572917 0.0398148 0.215997
0 0.192448 0.414352 0.00989583 0.0472222 0.223521
0 0.189844 0.32963 0.00572917 0.0240741 0.227109
0 0.663281 0.362037 0.00885417 0.0462963 0.227526
0 0.0598958 0.350463 0.00625 0.0287037 0.236636
0 0.252604 0.405556 0.009375 0.05 0.240583
0 0.316927 0.393056 0.0140625 0.0490741 0.241169
0 0.334635 0.384259 0.00572917 0.0333333 0.263726
0 0.613542 0.360648 0.0125 0.0453704 0.299135
0 0.370052 0.384722 0.00885417 0.0416667 0.299328
0 0.355208 0.387037 0.0104167 0.0462963 0.309182
0 0.639323 0.361111 0.00989583 0.0407407 0.317246
0 0.346615 0.39213 0.00989583 0.0416667 0.319851
0 0.666927 0.368056 0.00989583 0.0472222 0.327765
0 0.578125 0.364352 0.00833333 0.0398148 0.345817
0 0.766406 0.375463 0.0109375 0.0287037 0.35596
0 0.722396 0.359722 0.009375 0.0527778 0.366377
0 0.245833 0.40787 0.009375 0.0472222 0.370206
0 0.684115 0.360185 0.0119792 0.0537037 0.378727
0 0.652604 0.359259 0.0104167 0.05 0.429532
0 0.994271 0.363426 0.00625 0.0342593 0.445261
0 0.390365 0.374074 0.0078125 0.0351852 0.448955
0 0.671094 0.37037 0.00885417 0.0444444 0.461003
0 0.561198 0.363426 0.00885417 0.0416667 0.531407
0 0.201823 0.406019 0.00885417 0.0324074 0.538013
0 0.234896 0.411574 0.0104167 0.0453704 0.556113
0 0.0549479 0.449074 0.0109375 0.0555556 0.614995
0 0.183854 0.413426 0.0135417 0.0527778 0.683117
0 0.876823 0.360185 0.0109375 0.0592593 0.688393
0 0.952604 0.367593 0.00833333 0.0537037 0.689273
0 0.623438 0.377778 0.0145833 0.0537037 0.693176
0 0.555208 0.383333 0.0145833 0.0444444 0.721523
0 0.755729 0.381944 0.0145833 0.062037 0.722886
0 0.714323 0.385648 0.0130208 0.0583333 0.724009
32 0.816406 0.403241 0.00572917 0.012037 0.73652
0 0.114583 0.427778 0.0104167 0.0425926 0.755585
0 0.696875 0.390278 0.0145833 0.0712963 0.765145
0 0.531771 0.37963 0.015625 0.0462963 0.800074
0 0.738021 0.3875 0.0177083 0.087963 0.817229
0 0.107813 0.487963 0.0229167 0.125926 0.863661
0 0.498958 0.386574 0.021875 0.0916667 0.883107
0 0.920573 0.414352 0.0338542 0.200926 0.903269
0 0.291667 0.459722 0.028125 0.121296 0.90888
