0 0.875781 0.376389 0.0078125 0.0490741 0.104584
0 0.557292 0.378704 0.00625 0.0425926 0.105653
0 0.882292 0.374074 0.00833333 0.0518519 0.137354
0 0.585677 0.378704 0.00885417 0.0407407 0.139987
0 0.764323 0.371759 0.0078125 0.0453704 0.144076
0 0.607292 0.375463 0.00833333 0.0416667 0.148294
0 0.260677 0.416204 0.00885417 0.0398148 0.148953
0 0.847396 0.373148 0.0114583 0.0555556 0.157793
0 0.908854 0.377315 0.0104167 0.0453704 0.163652
0 0.201823 0.425463 0.0078125 0.037963 0.16899
0 0.145052 0.434259 0.00677083 0.037037 0.185294
0 0.785417 0.372685 0.00833333 0.0435185 0.186048
0 0.773698 0.368981 0.0109375 0.0453704 0.207384
0 0.0526042 0.446296 0.00833333 0.0259259 0.228403
0 0.613542 0.377315 0.00833333 0.037963 0.248514
0 0.11224 0.440278 0.00989583 0.037963 0.261262
0 0.186719 0.437037 0.0109375 0.0518519 0.266623
0 0.427865 0.388426 0.0078125 0.0361111 0.272805
0 0.736458 0.369907 0.00833333 0.0416667 0.276464
0 0.36875 0.402315 0.0125 0.0546296 0.279515
0 0.154167 0.429167 0.00729167 0.037963 0.291416
0 0.233073 0.42963 0.00989583 0.0407407 0.297476
0 0.196094 0.434722 0.00989583 0.0472222 0.299225
0 0.641406 0.365278 0.0078125 0.0305556 0.299944
0 0.0856771 0.44213 0.00677083 0.0416667 0.32365
0 0.391667 0.405556 0.0104167 0.0407407 0.335669
0 0.511979 0.38287 0.00833333 0.0416667 0.350599
0 0.238542 0.426852 0.0177083 0.0462963 0.362181
0 0.461458 0.386574 0.009375 0.0416667 0.387665
0 0.0955729 0.443981 0.00885417 0.0453704 0.393046
0 0.214844 0.42037 0.0109375 0.0425926 0.400858
0 0.541406 0.377315 0.0109375 0.0361111 0.41032
0 0.440885 0.3875 0.0078125 0.037963 0.422825
0 0.8 0.372222 0.009375 0.0444444 0.426463
0 0.888281 0.373611 0.00989583 0.0583333 0.426544
0 0.813281 0.37037 0.0109375 0.0537037 0.433911
0 0.522656 0.387037 0.0109375 0.0388889 0.435928
0 0.136458 0.44537 0.00833333 0.0425926 0.453879
0 0.179688 0.435648 0.0166667 0.0601852 0.530381
0 0.820312 0.383333 0.0145833 0.0444444 0.534678
0 0.289583 0.412037 0.0145833 0.0481481 0.543124
0 0.50651 0.405556 0.0119792 0.0462963 0.548681
0 0.933594 0.393981 0.0130208 0.0305556 0.572155
0 0.65651 0.367593 0.00885417 0.0388889 0.573785
0 0.719271 0.370833 0.00833333 0.0435185 0.574664
0 0.0184896 0.468056 0.0161458 0.0472222 0.701927
0 0.261979 0.475463 0.040625 0.110185 0.732427
0 0.732552 0.410185 0.0192708 0.0777778 0.829066
0 0.751042 0.408796 0.0177083 0.0842593 0.830976
32 0.511719 0.471759 0.00989583 0.0175926 0.834511
0 0.41901 0.417593 0.0182292 0.112963 0.840103
0 0.496875 0.440278 0.025 0.0953704 0.845159
0 0.576563 0.419907 0.0197917 0.0861111 0.868355
0 0.0520833 0.508796 0.0302083 0.113889 0.917198
