0 0.421875 0.378241 0.00833333 0.0305556 0.100469
0 0.681771 0.349074 0.0114583 0.0222222 0.110178
26 0.136198 0.486574 0.0130208 0.0453704 0.111717
24 0.136198 0.486111 0.0130208 0.0462963 0.116614
0 0.753646 0.362037 0.0104167 0.0537037 0.118114
0 0.78724 0.3625 0.0078125 0.0472222 0.122047
13 0.191146 0.424537 0.04375 0.0212963 0.122363
0 0.0307292 0.453241 0.009375 0.0472222 0.129451
0 0.477604 0.376852 0.00833333 0.0407407 0.140471
0 0.707812 0.357407 0.0104167 0.0314815 0.148106
0 0.504167 0.375926 0.00833333 0.0351852 0.148683
0 0.658594 0.3625 0.0078125 0.037963 0.151279
0 0.134375 0.343981 0.00625 0.0268519 0.15964
0 0.720573 0.358796 0.00989583 0.0509259 0.160276
56 0.548177 0.424537 0.0192708 0.0305556 0.172637
0 0.720573 0.34537 0.00989583 0.0240741 0.177833
0 0.488802 0.376852 0.0078125 0.037037 0.189337
0 0.227344 0.42037 0.00989583 0.0444444 0.196532
0 0.516146 0.367593 0.009375 0.0388889 0.20582
36 0.436719 0.448611 0.0161458 0.00833333 0.215863
0 0.35625 0.397222 0.00729167 0.0425926 0.218971
0 0.325521 0.395833 0.0114583 0.0453704 0.239004
0 0.811458 0.364352 0.009375 0.0416667 0.239412
0 0.0364583 0.450463 0.00833333 0.0453704 0.268816
0 0.170833 0.420833 0.00729167 0.0287037 0.275329
0 0.461198 0.375926 0.0109375 0.0462963 0.29597
0 0.286979 0.398148 0.00729167 0.0407407 0.301666
0 0.40026 0.38287 0.0078125 0.0361111 0.306369
0 0.79349 0.360185 0.0078125 0.0537037 0.351752
0 0.446615 0.380556 0.00989583 0.0462963 0.364254
0 0.0588542 0.44537 0.00729167 0.0388889 0.380928
0 0.0481771 0.451852 0.0109375 0.0481481 0.420069
0 0.628385 0.362037 0.00989583 0.0444444 0.460737
0 0.645833 0.363426 0.00833333 0.0416667 0.465947
0 0.545052 0.402315 0.0182292 0.0731481 0.504055
0 0.727344 0.37037 0.00989583 0.0462963 0.531734
0 0.0752604 0.452315 0.00885417 0.0509259 0.597316
0 0.571354 0.380093 0.00833333 0.0490741 0.605714
0 0.234635 0.414815 0.0130208 0.0537037 0.613304
0 0.216146 0.421296 0.0125 0.0481481 0.62668
0 0.0114583 0.468056 0.0197917 0.0657407 0.661718
0 0.0882813 0.45 0.0109375 0.05 0.666118
0 0.527344 0.404167 0.0171875 0.0675926 0.700226
0 0.952344 0.364815 0.0109375 0.0611111 0.702879
0 0.836979 0.379167 0.0135417 0.0305556 0.740211
0 0.708854 0.385648 0.0145833 0.0527778 0.763231
32 0.526563 0.4375 0.00833333 0.012037 0.787431
0 0.680729 0.385185 0.0197917 0.0592593 0.81216
0 0.31224 0.4375 0.0140625 0.0824074 0.843035
0 0.434635 0.4 0.0182292 0.103704 0.849851
0 0.141927 0.493056 0.0244792 0.117593 0.88413
0 0.986458 0.425463 0.0270833 0.217593 0.914621
