0 0.78776 0.363889 0.0078125 0.0481481 0.100583
0 0.0382813 0.439815 0.0078125 0.0240741 0.101014
0 0.329948 0.395833 0.0078125 0.0398148 0.107751
2 0.939062 0.354167 0.025 0.012037 0.112895
38 0.153906 0.523611 0.0078125 0.0398148 0.118644
0 0.669271 0.3625 0.00729167 0.0398148 0.121506
0 0.33776 0.388889 0.00885417 0.0296296 0.124395
0 0.432552 0.38287 0.00885417 0.0435185 0.132637
0 0.324219 0.394444 0.0078125 0.0388889 0.152442
0 0.059375 0.443056 0.00625 0.0342593 0.17163
0 0.664583 0.363889 0.00729167 0.0388889 0.188185
0 0.701302 0.363889 0.00885417 0.0425926 0.191943
0 0.64349 0.377315 0.00572917 0.0157407 0.195914
0 0.727083 0.358796 0.0104167 0.0490741 0.196005
0 0.489323 0.378241 0.0078125 0.037963 0.214458
0 0.169531 0.340278 0.0078125 0.037963 0.216284
0 0.369531 0.394907 0.00677083 0.0435185 0.217615
0 0.5125 0.368519 0.00625 0.0407407 0.227586
0 0.479948 0.378241 0.00989583 0.0398148 0.244824
0 0.420312 0.378241 0.00625 0.0305556 0.254749
0 0.621354 0.359722 0.00625 0.0324074 0.266677
0 0.518229 0.368056 0.00833333 0.037963 0.267698
0 0.00572917 0.486111 0.0114583 0.0314815 0.268298
0 0.933333 0.377778 0.00625 0.0277778 0.27141
0 0.713802 0.3625 0.00885417 0.0435185 0.27761
0 0.257812 0.401852 0.00625 0.037037 0.279137
0 0.283854 0.401389 0.00833333 0.0435185 0.288726
0 0.300781 0.400926 0.0119792 0.0481481 0.312048
0 0.817708 0.365741 0.009375 0.0425926 0.331184
0 0.196615 0.416667 0.00677083 0.0277778 0.337868
0 0.317969 0.392593 0.00677083 0.0333333 0.355383
0 0.460417 0.378704 0.0104167 0.0444444 0.375278
0 0.799479 0.361111 0.00833333 0.0555556 0.391978
0 0.141146 0.342593 0.00625 0.0277778 0.437486
0 0.00833333 0.471759 0.015625 0.0564815 0.44728
36 0.453385 0.445833 0.0182292 0.00833333 0.450279
0 0.398698 0.385648 0.00677083 0.0342593 0.453443
0 0.609635 0.364352 0.0109375 0.0361111 0.495761
0 0.736198 0.370833 0.0109375 0.0472222 0.504425
0 0.652344 0.363889 0.00885417 0.0425926 0.511371
0 0.723958 0.38287 0.0114583 0.0546296 0.521188
0 0.84375 0.380093 0.0125 0.0305556 0.523277
0 0.248437 0.416204 0.0145833 0.0509259 0.537313
0 0.0351562 0.455556 0.0151042 0.0518519 0.562237
0 0.0833333 0.450926 0.009375 0.0481481 0.573741
0 0.635156 0.3625 0.00885417 0.0435185 0.617638
32 0.533073 0.437963 0.0078125 0.012963 0.61818
0 0.232031 0.419907 0.0119792 0.0490741 0.658032
0 0.583594 0.383333 0.00885417 0.0425926 0.662157
0 0.0940104 0.446759 0.0109375 0.0546296 0.670987
0 0.450521 0.399074 0.0166667 0.0981481 0.735898
0 0.959635 0.366204 0.0109375 0.062037 0.752096
0 0.54375 0.402778 0.0145833 0.0703704 0.756562
0 0.561719 0.40463 0.0255208 0.0685185 0.801037
0 0.322135 0.439815 0.0119792 0.0722222 0.802281
0 0.685677 0.385648 0.0140625 0.0509259 0.804323
0 0.150521 0.491667 0.025 0.114815 0.887963
0 0.989844 0.428241 0.0203125 0.221296 0.902459
