14 0.994792 0.218056 0.0104167 0.0138889 0.101779
0 0.528125 0.42037 0.0125 0.0555556 0.107701
13 0.0192708 0.451852 0.0385417 0.0574074 0.114054
0 0.723698 0.393056 0.00677083 0.0324074 0.117785
0 0.553125 0.379167 0.009375 0.0453704 0.126176
0 0.78099 0.372222 0.00885417 0.0462963 0.134653
0 0.0755208 0.440278 0.00625 0.0324074 0.13547
0 0.547135 0.379167 0.00677083 0.0416667 0.136221
0 0.529427 0.381481 0.00885417 0.0333333 0.143846
0 0.745573 0.372222 0.00885417 0.0388889 0.152425
0 0.422656 0.388426 0.0078125 0.0324074 0.158458
0 0.104167 0.442593 0.0114583 0.037037 0.185042
0 0.604948 0.376389 0.00885417 0.037963 0.189991
0 0.174219 0.42963 0.00989583 0.0407407 0.190149
0 0.769531 0.36713 0.0119792 0.0435185 0.209176
0 0.903906 0.377778 0.00989583 0.0444444 0.209575
0 0.225521 0.337963 0.00625 0.0259259 0.222731
0 0.634115 0.364815 0.0078125 0.0296296 0.22872
0 0.0820312 0.440278 0.0078125 0.0324074 0.242321
0 0.871875 0.376389 0.00833333 0.0472222 0.256146
0 0.146354 0.430093 0.00625 0.0361111 0.256658
0 0.340104 0.437963 0.0145833 0.0537037 0.264773
0 0.179948 0.435648 0.00885417 0.0472222 0.266469
0 0.58099 0.377315 0.00989583 0.0398148 0.26682
0 0.833333 0.374074 0.00833333 0.0518519 0.301648
0 0.796094 0.372685 0.00989583 0.0453704 0.309429
0 0.563542 0.379167 0.0104167 0.0453704 0.321336
0 0.395833 0.404167 0.00833333 0.037963 0.347074
0 0.597396 0.376389 0.009375 0.0416667 0.352384
0 0.18724 0.435185 0.00885417 0.0462963 0.352755
0 0.246615 0.425 0.00989583 0.0462963 0.353854
0 0.816146 0.38287 0.0145833 0.0435185 0.38693
0 0.809635 0.37037 0.00989583 0.0537037 0.398249
0 0.242448 0.426852 0.0119792 0.0444444 0.408647
0 0.0388021 0.462037 0.00989583 0.0574074 0.409786
0 0.84401 0.373148 0.0119792 0.0555556 0.422659
0 0.884635 0.372222 0.00885417 0.0574074 0.435133
0 0.128646 0.44537 0.009375 0.0444444 0.435837
0 0.497135 0.384722 0.0119792 0.0435185 0.477891
0 0.00703125 0.473611 0.0130208 0.0435185 0.481026
0 0.21224 0.419907 0.0109375 0.0416667 0.528916
0 0.715625 0.369907 0.00833333 0.0416667 0.532705
0 0.647396 0.368981 0.0125 0.0416667 0.573964
0 0.165885 0.4375 0.0130208 0.062037 0.593688
0 0.198437 0.422222 0.0104167 0.0425926 0.595415
0 0.266927 0.418981 0.0130208 0.0527778 0.632811
0 0.453125 0.387963 0.00833333 0.0388889 0.652951
0 0.929167 0.393519 0.0135417 0.0296296 0.653426
0 0.521615 0.435185 0.0244792 0.0796296 0.832624
0 0.731771 0.404167 0.021875 0.0805556 0.847205
32 0.536458 0.464352 0.009375 0.0157407 0.867268
0 0.434896 0.414815 0.0166667 0.109259 0.871319
0 0.7625 0.407407 0.0177083 0.0814815 0.878978
0 0.333854 0.466667 0.0260417 0.103704 0.888055
0 0.0833333 0.506019 0.0166667 0.110185 0.890569
0 0.579948 0.421296 0.0317708 0.0833333 0.937898
