0 0.595573 0.377315 0.0078125 0.037963 0.10542
0 0.21875 0.337963 0.00625 0.0259259 0.121527
13 0.0466146 0.457407 0.0286458 0.0277778 0.123776
0 0.0658854 0.448148 0.0078125 0.0444444 0.132432
0 0.738281 0.371296 0.0078125 0.037037 0.140463
0 0.13724 0.430093 0.00677083 0.0342593 0.146625
0 0.186198 0.424074 0.00677083 0.0481481 0.176377
0 0.392708 0.402315 0.009375 0.0416667 0.190658
0 0.717188 0.384259 0.00625 0.0185185 0.196428
0 0.864844 0.376852 0.0078125 0.0462963 0.196795
0 0.588281 0.375463 0.00885417 0.0416667 0.202559
0 0.123958 0.437963 0.00729167 0.0388889 0.203256
0 0.341406 0.324074 0.00572917 0.0240741 0.203476
0 0.573698 0.378241 0.00989583 0.037963 0.220544
0 0.161458 0.434722 0.009375 0.0490741 0.228237
0 0.520312 0.381019 0.00729167 0.0361111 0.2384
0 0.191406 0.427778 0.00677083 0.0333333 0.240406
0 0.634896 0.368056 0.00833333 0.0398148 0.240997
0 0.726042 0.368519 0.00833333 0.037037 0.241365
0 0.773698 0.372222 0.00989583 0.0444444 0.26842
0 0.418229 0.391204 0.0125 0.0361111 0.27446
0 0.25026 0.421759 0.0130208 0.0509259 0.305072
0 0.53099 0.402778 0.0140625 0.0481481 0.311803
0 0.482031 0.385648 0.0078125 0.0416667 0.336134
0 0.179948 0.433333 0.00989583 0.0537037 0.3396
0 0.825781 0.373148 0.00989583 0.05 0.340836
0 0.624479 0.366204 0.00625 0.0305556 0.350503
0 0.555208 0.380093 0.0104167 0.0435185 0.355403
0 0.171615 0.437963 0.00989583 0.0444444 0.394366
0 0.789323 0.371759 0.00989583 0.0472222 0.408528
0 0.896615 0.375926 0.0109375 0.0462963 0.42279
0 0.877344 0.372222 0.00885417 0.0592593 0.456167
0 0.802604 0.37037 0.0104167 0.0537037 0.464567
0 0.0263021 0.461574 0.0140625 0.0453704 0.480394
0 0.071875 0.451852 0.0104167 0.0407407 0.501039
0 0.809375 0.38287 0.0145833 0.0416667 0.503535
0 0.117188 0.446759 0.009375 0.0453704 0.512858
0 0.836979 0.371759 0.0125 0.0564815 0.516101
0 0.264062 0.420833 0.0104167 0.0490741 0.539995
0 0.15599 0.441667 0.0161458 0.0592593 0.555418
0 0.215625 0.419907 0.0104167 0.0416667 0.593725
0 0.708854 0.37037 0.00833333 0.0425926 0.62443
0 0.24349 0.421759 0.0130208 0.0564815 0.629591
0 0.922396 0.392593 0.0125 0.0296296 0.629961
0 0.37526 0.456019 0.0296875 0.106481 0.707303
0 0.359375 0.456944 0.0302083 0.110185 0.742303
32 0.553125 0.463889 0.009375 0.0166667 0.775546
0 0.763542 0.403704 0.015625 0.0814815 0.857177
0 0.534635 0.429167 0.0348958 0.0861111 0.859902
0 0.728385 0.40787 0.0171875 0.0712963 0.865438
0 0.096875 0.504167 0.021875 0.112037 0.896077
0 0.439323 0.414815 0.0307292 0.109259 0.907655
0 0.571615 0.424074 0.0338542 0.0796296 0.929278
