0 0.723958 0.385185 0.00625 0.0185185 0.110293
0 0.723958 0.393056 0.00729167 0.0342593 0.113596
0 0.554167 0.378704 0.00729167 0.0462963 0.121198
0 0.18099 0.436111 0.00989583 0.0462963 0.123311
0 0.360677 0.39537 0.00989583 0.0388889 0.131254
0 0.134896 0.435648 0.00833333 0.0361111 0.133452
0 0.0955729 0.443981 0.0078125 0.0305556 0.135797
0 0.226302 0.337963 0.00572917 0.0259259 0.147671
0 0.782031 0.373148 0.00885417 0.0444444 0.158138
0 0.53151 0.37963 0.00677083 0.0333333 0.16379
0 0.60599 0.376389 0.00885417 0.0398148 0.167003
29 0.0809896 0.50787 0.0130208 0.0231481 0.167201
0 0.423438 0.388426 0.00729167 0.0324074 0.168477
0 0.904427 0.376852 0.0109375 0.0462963 0.185153
0 0.105729 0.441204 0.0114583 0.0398148 0.194416
0 0.872656 0.376389 0.0078125 0.0472222 0.204953
0 0.582031 0.378241 0.00989583 0.0398148 0.211286
0 0.0835937 0.439352 0.00677083 0.0287037 0.21342
0 0.634896 0.369444 0.009375 0.037037 0.222113
0 0.148177 0.430556 0.00677083 0.037037 0.226968
0 0.188021 0.435185 0.009375 0.0462963 0.231632
0 0.598437 0.376389 0.009375 0.0416667 0.233118
0 0.175 0.430556 0.009375 0.0425926 0.234042
0 0.395573 0.410185 0.00677083 0.0259259 0.240114
0 0.564844 0.378704 0.0109375 0.0444444 0.246115
0 0.652083 0.369444 0.009375 0.0407407 0.246823
0 0.833854 0.374537 0.00833333 0.0509259 0.246858
0 0.770312 0.367593 0.0125 0.0444444 0.253869
0 0.0770833 0.443056 0.00625 0.037963 0.271664
0 0.246615 0.425 0.0109375 0.0462963 0.286891
0 0.796615 0.372685 0.00989583 0.0453704 0.286949
0 0.336719 0.435185 0.0151042 0.0555556 0.289221
0 0.003125 0.46713 0.00625 0.0361111 0.305032
0 0.241927 0.427315 0.0130208 0.0435185 0.381536
0 0.810156 0.369444 0.00989583 0.0518519 0.387878
0 0.816667 0.383333 0.0135417 0.0425926 0.404396
0 0.00911458 0.473611 0.0109375 0.0435185 0.417626
0 0.885417 0.372222 0.009375 0.0574074 0.419216
0 0.844792 0.373148 0.0125 0.0555556 0.432296
0 0.647917 0.368519 0.0125 0.0425926 0.448244
0 0.199219 0.421759 0.0109375 0.0435185 0.449153
0 0.0408854 0.463426 0.0109375 0.0546296 0.485367
0 0.166667 0.4375 0.0125 0.062037 0.488848
0 0.21224 0.42037 0.00989583 0.0407407 0.495857
0 0.498177 0.385648 0.00989583 0.0453704 0.502013
0 0.453646 0.387963 0.00833333 0.0407407 0.518417
0 0.716406 0.37037 0.00885417 0.0425926 0.557453
0 0.129167 0.446296 0.009375 0.0425926 0.581884
0 0.929948 0.393519 0.0130208 0.0314815 0.58204
36 0.432552 0.461574 0.0161458 0.0157407 0.584887
0 0.266667 0.418519 0.0125 0.0555556 0.629809
0 0.522396 0.434259 0.025 0.0851852 0.765588
32 0.535417 0.465741 0.009375 0.0166667 0.815231
0 0.328906 0.46713 0.0244792 0.102778 0.833801
0 0.731771 0.405556 0.0229167 0.0777778 0.845625
0 0.433594 0.413889 0.0171875 0.107407 0.858052
0 0.76276 0.406944 0.0182292 0.0824074 0.867459
0 0.08125 0.505093 0.0177083 0.110185 0.8766
0 0.579167 0.422222 0.0333333 0.0796296 0.928341
