0 0.565365 0.376852 0.00572917 0.0166667 0.119512
0 0.785156 0.358333 0.0078125 0.0462963 0.136898
0 0.584635 0.363426 0.0078125 0.0398148 0.142881
0 0.635677 0.361574 0.0078125 0.0398148 0.153837
0 0.848437 0.371759 0.00625 0.025 0.155047
0 0.269271 0.394907 0.00833333 0.0342593 0.170004
0 0.257812 0.394444 0.00833333 0.0351852 0.171256
0 0.307292 0.393981 0.0145833 0.0490741 0.175136
0 0.165104 0.418056 0.0104167 0.0472222 0.185122
0 0.346615 0.389815 0.00885417 0.0407407 0.195892
0 0.764323 0.373148 0.0078125 0.0351852 0.198546
0 0.359896 0.383796 0.009375 0.0490741 0.206293
0 0.609375 0.359259 0.0125 0.0444444 0.230765
0 0.736458 0.3625 0.009375 0.0435185 0.256161
0 0.94349 0.35 0.00572917 0.0185185 0.266964
0 0.180208 0.413426 0.00729167 0.037963 0.300043
0 0.657552 0.361574 0.00885417 0.0453704 0.3104
0 0.967448 0.361574 0.00677083 0.0324074 0.310752
0 0.335938 0.388889 0.009375 0.0444444 0.311369
0 0.185677 0.331019 0.00572917 0.025 0.357183
0 0.71849 0.358333 0.00989583 0.0518519 0.369256
0 0.573958 0.363889 0.00833333 0.0407407 0.387849
0 0.648438 0.35787 0.0104167 0.0490741 0.388572
0 0.679688 0.359722 0.0114583 0.0527778 0.399362
0 0.171354 0.418519 0.0114583 0.0462963 0.399453
0 0.196875 0.407407 0.009375 0.0333333 0.426361
0 0.286458 0.393056 0.00833333 0.0398148 0.438364
0 0.0552083 0.350926 0.00625 0.0277778 0.447848
0 0.948438 0.374537 0.00833333 0.0398148 0.457032
0 0.759375 0.384259 0.015625 0.0555556 0.493792
0 0.382552 0.375 0.00989583 0.037037 0.498036
0 0.252604 0.406944 0.0145833 0.0509259 0.552258
0 0.234896 0.409259 0.0104167 0.0462963 0.583048
0 0.669792 0.369444 0.009375 0.0425926 0.594655
0 0.557552 0.381481 0.00885417 0.0462963 0.600901
0 0.984375 0.360648 0.00625 0.0342593 0.616626
0 0.0356771 0.452778 0.0130208 0.0537037 0.633856
0 0.871354 0.359259 0.0114583 0.0574074 0.682526
0 0.630208 0.376852 0.015625 0.0518519 0.704848
0 0.748177 0.390741 0.0182292 0.0759259 0.741694
0 0.535937 0.380093 0.0114583 0.0453704 0.765357
32 0.834635 0.402315 0.00572917 0.012037 0.77837
0 0.704427 0.386574 0.0161458 0.0675926 0.831179
0 0.105208 0.489815 0.0270833 0.127778 0.872053
0 0.511198 0.384722 0.0203125 0.0898148 0.88343
0 0.915104 0.412963 0.0354167 0.198148 0.901059
0 0.308854 0.458796 0.0395833 0.123148 0.905712
