0 0.830208 0.356481 0.0125 0.0518519 0.102259
0 0.627604 0.360648 0.00729167 0.0398148 0.106763
0 0.651302 0.364352 0.0078125 0.037963 0.112155
0 0.278385 0.396296 0.00885417 0.0259259 0.114917
0 0.41849 0.375 0.00677083 0.0407407 0.123118
0 0.997656 0.353241 0.0046875 0.0212963 0.12595
0 0.971354 0.3625 0.00729167 0.0416667 0.131244
0 0.454948 0.370833 0.0078125 0.0324074 0.160073
0 0.345573 0.388426 0.00989583 0.0490741 0.166391
0 0.63724 0.358796 0.0119792 0.0435185 0.170639
0 0.435677 0.37037 0.0119792 0.0333333 0.190643
0 0.36849 0.387963 0.00989583 0.0444444 0.191739
0 0.422135 0.375463 0.00989583 0.0416667 0.196831
0 0.238802 0.39537 0.0078125 0.0222222 0.22564
0 0.585156 0.3625 0.00885417 0.0416667 0.225986
0 0.878385 0.372685 0.00677083 0.0287037 0.242674
0 0.330208 0.386574 0.009375 0.0324074 0.245085
0 0.742188 0.359259 0.00729167 0.05 0.247424
0 0.215104 0.328241 0.00520833 0.025 0.249882
0 0.765625 0.361111 0.009375 0.0444444 0.255627
36 0.133594 0.541667 0.0161458 0.00925926 0.276443
0 0.663021 0.360648 0.009375 0.0435185 0.281198
0 0.690104 0.366204 0.00833333 0.037963 0.295803
0 0.0864583 0.348611 0.00625 0.0268519 0.308162
0 0.676302 0.353704 0.00989583 0.0425926 0.315893
0 0.410937 0.38287 0.0104167 0.0435185 0.336625
0 0.601823 0.361111 0.0078125 0.0407407 0.337879
0 0.361198 0.3875 0.0109375 0.0490741 0.338601
0 0.23099 0.410185 0.00989583 0.0425926 0.366013
0 0.286979 0.398611 0.0125 0.0527778 0.377663
0 0.927083 0.354167 0.00625 0.0287037 0.408032
0 0.979948 0.372222 0.00885417 0.05 0.427065
0 0.611719 0.383333 0.0130208 0.0555556 0.43521
0 0.398958 0.38287 0.00833333 0.0435185 0.443176
0 0.747917 0.358333 0.00833333 0.0537037 0.444873
0 0.301562 0.393981 0.0104167 0.0416667 0.445039
0 0.791406 0.376389 0.0119792 0.0287037 0.613027
0 0.544271 0.37963 0.009375 0.0444444 0.635938
0 0.175 0.417593 0.009375 0.0444444 0.652141
0 0.0153646 0.4625 0.0140625 0.0546296 0.698211
0 0.902865 0.359722 0.0119792 0.0564815 0.702163
0 0.563802 0.386574 0.0109375 0.0453704 0.731805
0 0.600781 0.414352 0.0234375 0.075 0.765667
32 0.704427 0.435185 0.00885417 0.0166667 0.792946
0 0.70625 0.390741 0.0166667 0.0555556 0.812449
0 0.145573 0.428241 0.0140625 0.0527778 0.827858
0 0.729948 0.389352 0.0171875 0.062037 0.839272
0 0.126042 0.484722 0.021875 0.119444 0.876266
0 0.470573 0.393056 0.0255208 0.0990741 0.885066
0 0.679948 0.399074 0.0296875 0.0722222 0.886275
0 0.946875 0.415741 0.0302083 0.203704 0.901362
0 0.238021 0.4625 0.021875 0.106481 0.908816
