0 0.911979 0.377778 0.00625 0.0277778 0.104314
0 0.400521 0.383333 0.009375 0.0425926 0.111862
0 0.773438 0.3625 0.00729167 0.0472222 0.116844
0 0.486198 0.368519 0.00989583 0.0314815 0.124336
0 0.309896 0.393056 0.009375 0.0268519 0.13132
38 0.966667 0.412037 0.0104167 0.0203704 0.142245
0 0.766667 0.363426 0.00833333 0.0453704 0.154285
0 0.645052 0.364352 0.0078125 0.037963 0.161915
0 0.624219 0.377315 0.00572917 0.0157407 0.165547
0 0.450781 0.378241 0.0078125 0.0435185 0.174447
0 0.415104 0.383333 0.00833333 0.0444444 0.176834
0 0.800781 0.363889 0.0130208 0.0425926 0.179205
0 0.659896 0.363426 0.00833333 0.0453704 0.180104
0 0.566927 0.382407 0.00885417 0.0407407 0.181305
0 0.317187 0.389352 0.0104167 0.0324074 0.197168
0 0.148438 0.34213 0.00833333 0.0361111 0.212357
0 0.66875 0.360648 0.0114583 0.0435185 0.240334
0 0.425 0.382407 0.009375 0.0425926 0.246303
0 0.458594 0.378704 0.00885417 0.0425926 0.263202
0 0.295573 0.396759 0.00677083 0.0342593 0.263809
0 0.389583 0.384259 0.0104167 0.0444444 0.300245
0 0.477344 0.37037 0.00677083 0.0388889 0.318655
0 0.247656 0.412963 0.00989583 0.05 0.320898
0 0.633073 0.362963 0.00885417 0.0425926 0.332909
0 0.740104 0.362037 0.0104167 0.0518519 0.343144
0 0.00338542 0.4625 0.00677083 0.0324074 0.36084
0 0.120312 0.344907 0.00625 0.0268519 0.366253
0 0.217448 0.410648 0.00677083 0.025 0.366983
0 0.247396 0.326852 0.00520833 0.0259259 0.372558
0 0.360417 0.396759 0.009375 0.0453704 0.376869
0 0.0289063 0.451852 0.00989583 0.0407407 0.40849
0 0.779427 0.360648 0.00885417 0.0527778 0.416686
0 0.0106771 0.450926 0.00885417 0.037037 0.418127
0 0.694271 0.3625 0.009375 0.0453704 0.459558
0 0.289062 0.398611 0.00833333 0.0435185 0.480918
0 0.720052 0.372685 0.00989583 0.0435185 0.501584
0 0.24349 0.410648 0.00989583 0.0546296 0.533582
0 0.273177 0.399074 0.00989583 0.0407407 0.538863
0 0.0674479 0.455093 0.00989583 0.0472222 0.539316
0 0.707552 0.359722 0.00989583 0.0490741 0.56463
0 0.528646 0.393519 0.0114583 0.0518519 0.590313
0 0.615365 0.3625 0.00885417 0.0416667 0.605322
0 0.232031 0.418981 0.0140625 0.0472222 0.666186
0 0.0609375 0.455556 0.0114583 0.05 0.671464
0 0.93776 0.364352 0.0119792 0.0601852 0.716042
0 0.823177 0.379167 0.0119792 0.0287037 0.747019
0 0.559115 0.391204 0.0140625 0.0712963 0.767563
0 0.539062 0.4125 0.01875 0.0824074 0.781231
0 0.679948 0.383333 0.0130208 0.0481481 0.787806
0 0.730729 0.38287 0.0145833 0.0583333 0.795929
0 0.51224 0.40787 0.0182292 0.0657407 0.823098
32 0.545573 0.447685 0.00885417 0.0138889 0.823795
0 0.448177 0.399537 0.0223958 0.0972222 0.832333
0 0.294792 0.44213 0.0291667 0.0805556 0.899949
0 0.114323 0.491667 0.0182292 0.122222 0.900298
0 0.976562 0.424074 0.0354167 0.212963 0.903123
