32 0.958594 0.474074 0.00989583 0.00925926 0.124772
0 0.659896 0.365741 0.00729167 0.037037 0.12667
0 0.2625 0.326389 0.00625 0.025 0.128465
0 0.136198 0.343519 0.00572917 0.0259259 0.129144
0 0.445312 0.375926 0.0104167 0.037037 0.132623
0 0.282552 0.397685 0.0078125 0.0342593 0.134022
0 0.683854 0.3625 0.0104167 0.0416667 0.139186
0 0.745313 0.36713 0.009375 0.0453704 0.175945
0 0.676042 0.366204 0.00729167 0.0416667 0.199673
0 0.506771 0.374074 0.0114583 0.0444444 0.237178
0 0.463802 0.379167 0.0109375 0.0453704 0.239532
0 0.754687 0.365741 0.0114583 0.0537037 0.245755
0 0.483073 0.37963 0.00885417 0.0425926 0.252523
0 0.494792 0.376389 0.0104167 0.0416667 0.257997
0 0.789062 0.366667 0.00729167 0.05 0.261793
0 0.926302 0.368519 0.00885417 0.05 0.269566
0 0.10651 0.423611 0.00885417 0.0268519 0.269851
0 0.722396 0.362037 0.0104167 0.0481481 0.271292
0 0.128906 0.431944 0.00677083 0.0324074 0.271533
0 0.638542 0.380093 0.00625 0.0157407 0.282373
0 0.351302 0.393056 0.00677083 0.037963 0.284464
0 0.782292 0.369444 0.00833333 0.0462963 0.290741
0 0.735417 0.374074 0.009375 0.0425926 0.310306
0 0.709375 0.364815 0.009375 0.0444444 0.357652
0 0.0822917 0.449537 0.00729167 0.0490741 0.382659
0 0.813281 0.368056 0.00989583 0.0435185 0.414084
0 0.346354 0.393519 0.00729167 0.0407407 0.419246
0 0.314323 0.396296 0.00677083 0.0407407 0.420837
0 0.532292 0.3875 0.0166667 0.0416667 0.434235
0 0.3625 0.394444 0.0125 0.0425926 0.459448
0 0.334896 0.399537 0.0135417 0.0509259 0.480728
0 0.632031 0.366204 0.0078125 0.0398148 0.483693
0 0.18776 0.425463 0.0119792 0.0509259 0.491777
0 0.647396 0.366204 0.00833333 0.0435185 0.506401
0 0.0903646 0.448148 0.0109375 0.0537037 0.509234
0 0.0151042 0.465741 0.009375 0.0481481 0.5157
0 0.794792 0.364815 0.009375 0.0555556 0.526105
0 0.195833 0.429167 0.0135417 0.0435185 0.558988
0 0.06875 0.442593 0.0104167 0.0462963 0.569925
0 0.730208 0.393981 0.0145833 0.0638889 0.652715
32 0.53099 0.462963 0.00885417 0.0166667 0.69391
0 0.0434896 0.458796 0.0130208 0.0675926 0.705215
0 0.210417 0.423148 0.0114583 0.05 0.727996
0 0.838802 0.38287 0.0119792 0.0287037 0.76748
0 0.954427 0.368056 0.00989583 0.062037 0.802549
0 0.53151 0.433796 0.0234375 0.0824074 0.848311
0 0.111719 0.499537 0.0317708 0.117593 0.85873
0 0.685156 0.397222 0.0130208 0.0555556 0.859035
0 0.413802 0.406944 0.0192708 0.106481 0.862596
0 0.458073 0.433333 0.0161458 0.0888889 0.873235
0 0.98724 0.42963 0.0255208 0.218519 0.888957
0 0.588281 0.42037 0.0328125 0.0944444 0.920279
0 0.320312 0.442593 0.01875 0.0814815 0.92148
