0 0.747656 0.370833 0.00885417 0.0398148 0.109263
0 0.879427 0.374537 0.00885417 0.0527778 0.10969
0 0.520833 0.411111 0.0114583 0.0407407 0.114389
0 0.734896 0.366204 0.00833333 0.0324074 0.128206
0 0.369531 0.393981 0.0078125 0.0361111 0.162924
0 0.835677 0.374537 0.00989583 0.0490741 0.164587
0 0.363281 0.39537 0.00989583 0.0407407 0.169814
0 0.874479 0.377315 0.00833333 0.0472222 0.170901
0 0.108594 0.442593 0.00989583 0.037037 0.173566
0 0.191667 0.433796 0.00833333 0.0453704 0.1798
0 0.394271 0.404167 0.00729167 0.037963 0.183251
0 0.151823 0.431481 0.00885417 0.0388889 0.221128
0 0.63724 0.365741 0.0109375 0.0296296 0.228083
0 0.907031 0.376852 0.00989583 0.0462963 0.22947
0 0.658333 0.360648 0.00625 0.0231481 0.229967
32 0.0802083 0.495833 0.00416667 0.0101852 0.237682
0 0.00572917 0.465278 0.00833333 0.0342593 0.24664
0 0.210417 0.42037 0.00729167 0.0388889 0.246647
0 0.567448 0.376852 0.00989583 0.0407407 0.249659
0 0.772135 0.369444 0.0119792 0.0462963 0.249834
0 0.846094 0.373148 0.0109375 0.0555556 0.258922
0 0.266667 0.420833 0.0125 0.0453704 0.264146
0 0.783333 0.372685 0.0104167 0.0472222 0.271821
0 0.205208 0.420833 0.00729167 0.0416667 0.2768
0 0.555208 0.37963 0.0104167 0.0481481 0.277563
0 0.798177 0.372222 0.00989583 0.0425926 0.313884
0 0.183594 0.435648 0.0109375 0.0472222 0.32781
0 0.583333 0.378241 0.009375 0.0398148 0.348479
0 0.132031 0.444907 0.00989583 0.0416667 0.376816
0 0.602344 0.376852 0.0119792 0.0407407 0.378376
0 0.81224 0.371759 0.00989583 0.0564815 0.381327
0 0.88724 0.372685 0.00885417 0.0583333 0.3828
0 0.650521 0.367593 0.00729167 0.0388889 0.433921
0 0.0122396 0.472222 0.00989583 0.0481481 0.455483
0 0.171354 0.436574 0.0114583 0.0601852 0.460856
0 0.503906 0.385648 0.00989583 0.0453704 0.466441
0 0.240625 0.428241 0.0135417 0.0435185 0.476985
0 0.717448 0.37037 0.00885417 0.0425926 0.499756
0 0.81875 0.38287 0.0145833 0.0435185 0.500664
0 0.27526 0.413889 0.0140625 0.05 0.550259
0 0.45625 0.387963 0.0135417 0.0407407 0.565032
0 0.0460938 0.457407 0.0119792 0.0462963 0.65148
0 0.324219 0.456944 0.0244792 0.0953704 0.652831
0 0.932292 0.393981 0.0135417 0.0324074 0.71177
32 0.528906 0.467593 0.00885417 0.0166667 0.786585
0 0.515104 0.436111 0.025 0.0907407 0.853975
0 0.734635 0.409722 0.0213542 0.0787037 0.884412
0 0.76224 0.408796 0.0182292 0.0824074 0.892281
0 0.429688 0.418056 0.0270833 0.110185 0.895565
0 0.0744792 0.503704 0.025 0.114815 0.910145
0 0.304688 0.469444 0.0427083 0.109259 0.91239
0 0.577083 0.422685 0.0291667 0.0787037 0.921565
