26 0.136719 0.486574 0.0130208 0.0453704 0.100289
0 0.721094 0.345833 0.00989583 0.0212963 0.103894
0 0.0309896 0.453704 0.00885417 0.0481481 0.108273
36 0.438281 0.447222 0.0161458 0.0111111 0.108521
0 0.134896 0.343056 0.00625 0.0268519 0.112094
0 0.422135 0.377778 0.0078125 0.0296296 0.114427
0 0.682813 0.349074 0.0114583 0.0222222 0.119151
0 0.638021 0.376852 0.00625 0.0166667 0.120575
0 0.754167 0.362037 0.0104167 0.0555556 0.125255
0 0.00234375 0.449537 0.0046875 0.0268519 0.127269
0 0.50599 0.376389 0.0078125 0.0342593 0.146417
0 0.927083 0.375926 0.00625 0.0296296 0.147318
0 0.260938 0.325463 0.00625 0.025 0.148509
0 0.659115 0.362963 0.0078125 0.0407407 0.153773
0 0.33151 0.394444 0.00885417 0.0444444 0.155863
0 0.173177 0.42037 0.00677083 0.0277778 0.158729
26 0.00885417 0.474537 0.00729167 0.0138889 0.162104
0 0.516667 0.368519 0.009375 0.0407407 0.175461
0 0.477604 0.376852 0.009375 0.0407407 0.181437
0 0.357292 0.396759 0.00729167 0.0416667 0.184945
0 0.708333 0.358333 0.0104167 0.037037 0.212329
0 0.325 0.39537 0.0114583 0.0444444 0.222187
0 0.488281 0.377778 0.00885417 0.0407407 0.239483
0 0.0361979 0.45 0.00885417 0.0462963 0.244174
0 0.721094 0.359259 0.00989583 0.0518519 0.249774
0 0.461719 0.376852 0.0109375 0.0462963 0.268979
0 0.28724 0.398611 0.0078125 0.0416667 0.277862
0 0.0591146 0.444907 0.0078125 0.0398148 0.296436
0 0.811979 0.364352 0.009375 0.0435185 0.306814
0 0.40026 0.383333 0.0078125 0.037037 0.310226
0 0.0458333 0.451389 0.009375 0.0490741 0.347976
0 0.79375 0.361111 0.00833333 0.0555556 0.37686
0 0.446875 0.381481 0.009375 0.0462963 0.399969
0 0.228646 0.420833 0.0104167 0.0435185 0.440457
0 0.629687 0.362963 0.009375 0.0407407 0.455982
0 0.646875 0.363426 0.00833333 0.0416667 0.507507
0 0.727604 0.37037 0.0104167 0.0462963 0.51345
0 0.0755208 0.451852 0.00833333 0.05 0.515347
0 0.0893229 0.449537 0.0109375 0.0509259 0.565661
0 0.235417 0.414352 0.0114583 0.0527778 0.588583
0 0.572396 0.379167 0.009375 0.0490741 0.62402
0 0.838021 0.379167 0.0135417 0.0287037 0.63854
0 0.0138021 0.469444 0.0161458 0.0611111 0.644901
0 0.217187 0.421759 0.0125 0.0490741 0.666186
0 0.531771 0.402778 0.01875 0.062963 0.67457
0 0.953125 0.363889 0.0104167 0.0611111 0.695039
0 0.54974 0.403704 0.0255208 0.0703704 0.709259
0 0.709896 0.384259 0.0145833 0.0555556 0.74351
32 0.527604 0.437963 0.00729167 0.012963 0.780845
0 0.435937 0.400463 0.0177083 0.102778 0.81099
0 0.682292 0.384722 0.0177083 0.0583333 0.834442
0 0.31276 0.436111 0.0151042 0.0814815 0.850186
0 0.143229 0.493056 0.025 0.117593 0.892107
0 0.986719 0.425463 0.0265625 0.217593 0.911451
