0 0.552865 0.36713 0.00572917 0.0324074 0.103645
0 0.742188 0.359722 0.00729167 0.0490741 0.104015
0 0.927865 0.348611 0.00677083 0.0194444 0.108724
0 0.708594 0.347222 0.0109375 0.0259259 0.115112
0 0.245312 0.411574 0.009375 0.0435185 0.115257
13 0.270573 0.414352 0.0494792 0.0324074 0.117918
0 0.650781 0.361574 0.00885417 0.0416667 0.127534
0 0.627865 0.360185 0.0078125 0.0407407 0.133351
0 0.972917 0.360648 0.00625 0.0361111 0.17301
0 0.369531 0.3875 0.00885417 0.0472222 0.186959
0 0.676042 0.346759 0.0104167 0.0268519 0.194114
0 0.6375 0.359259 0.0114583 0.0425926 0.195119
0 0.436458 0.370833 0.009375 0.0342593 0.195866
0 0.215104 0.328241 0.00520833 0.025 0.210749
0 0.66276 0.359259 0.00885417 0.0407407 0.253682
0 0.332292 0.386574 0.009375 0.0324074 0.300532
0 0.288281 0.396296 0.0119792 0.05 0.302957
0 0.766146 0.360185 0.0104167 0.0462963 0.319597
0 0.348177 0.388426 0.0119792 0.0472222 0.323565
0 0.411198 0.383333 0.00989583 0.0407407 0.324431
0 0.420833 0.374537 0.0104167 0.0435185 0.326102
0 0.36276 0.387963 0.0140625 0.0481481 0.32807
0 0.299219 0.39537 0.0109375 0.0444444 0.334889
0 0.878646 0.374074 0.00625 0.0277778 0.334897
0 0.747917 0.358333 0.00833333 0.0537037 0.351935
0 0.0864583 0.348611 0.00625 0.0268519 0.361291
0 0.689844 0.369444 0.00885417 0.0425926 0.399496
0 0.980208 0.373148 0.00833333 0.05 0.452567
0 0.400521 0.383333 0.0104167 0.0425926 0.473796
0 0.585156 0.361574 0.00989583 0.0416667 0.488758
0 0.544271 0.379167 0.009375 0.0435185 0.537384
0 0.607292 0.380556 0.0135417 0.0611111 0.594477
0 0.791146 0.376389 0.0114583 0.0287037 0.598339
0 0.0161458 0.4625 0.0135417 0.0546296 0.686485
0 0.176823 0.417593 0.00885417 0.0425926 0.711666
0 0.903125 0.360185 0.0114583 0.0574074 0.745244
0 0.559375 0.387037 0.0177083 0.0444444 0.751245
0 0.702083 0.393519 0.0177083 0.0481481 0.800828
0 0.148177 0.427778 0.0119792 0.0518519 0.805573
0 0.585938 0.410185 0.0291667 0.0814815 0.862728
0 0.46849 0.393056 0.0223958 0.0972222 0.868464
0 0.723698 0.390278 0.0213542 0.062037 0.868806
0 0.670573 0.405556 0.0317708 0.087037 0.880688
32 0.695833 0.436574 0.00833333 0.0157407 0.889221
0 0.127865 0.486111 0.0286458 0.12037 0.894936
0 0.946875 0.416667 0.0302083 0.203704 0.899072
0 0.236458 0.459722 0.0208333 0.102778 0.903521
