0 0.447135 0.372685 0.00885417 0.037963 0.10017
0 0.624219 0.362963 0.00677083 0.0407407 0.101761
26 0.0966146 0.493056 0.0151042 0.037963 0.110958
0 0.638542 0.362963 0.00729167 0.0444444 0.125902
0 0.641406 0.360648 0.00885417 0.0453704 0.135842
0 0.296354 0.390278 0.00833333 0.0305556 0.137269
0 0.517969 0.3625 0.00885417 0.0287037 0.147512
26 0.0929687 0.496759 0.00885417 0.0287037 0.158733
0 0.672656 0.353704 0.00885417 0.0277778 0.159521
0 0.22526 0.328241 0.00572917 0.025 0.165638
0 0.889063 0.374074 0.00625 0.0259259 0.201552
0 0.647135 0.360648 0.0119792 0.0453704 0.202948
0 0.270833 0.397685 0.00729167 0.0398148 0.206565
0 0.096875 0.347685 0.00625 0.0268519 0.220393
0 0.533594 0.368981 0.0078125 0.0342593 0.224139
0 0.258854 0.398148 0.00833333 0.0388889 0.233102
0 0.371615 0.385185 0.00989583 0.0462963 0.233274
0 0.395573 0.385185 0.00885417 0.0444444 0.240398
0 0.459896 0.368056 0.00625 0.0324074 0.260504
0 0.420573 0.381944 0.0109375 0.0416667 0.261974
0 0.00338542 0.456019 0.00677083 0.0435185 0.27117
0 0.85599 0.362037 0.0109375 0.0462963 0.278383
0 0.358073 0.383333 0.00572917 0.0314815 0.291627
38 0.94349 0.408333 0.0119792 0.0222222 0.294811
0 0.495313 0.370833 0.009375 0.037963 0.297602
0 0.521094 0.392593 0.00885417 0.0481481 0.309964
0 0.3875 0.385185 0.0125 0.0462963 0.321476
0 0.19974 0.414352 0.0078125 0.0416667 0.327806
0 0.776042 0.364352 0.009375 0.0416667 0.336468
0 0.347135 0.390741 0.00885417 0.0518519 0.377719
0 0.611458 0.362963 0.009375 0.0444444 0.386291
0 0.236458 0.413889 0.0125 0.0481481 0.397782
0 0.209896 0.409722 0.00833333 0.0416667 0.406451
0 0.550781 0.381944 0.00989583 0.0472222 0.451501
0 0.0325521 0.458796 0.0078125 0.0490741 0.455183
0 0.757292 0.359259 0.00833333 0.0537037 0.470679
0 0.686458 0.35787 0.0104167 0.0490741 0.49806
0 0.331771 0.390741 0.0104167 0.0407407 0.508558
36 0.440365 0.442593 0.0182292 0.00925926 0.530831
0 0.220313 0.415741 0.0104167 0.05 0.5913
0 0.698958 0.370833 0.0104167 0.0435185 0.59988
0 0.990625 0.376852 0.00833333 0.0444444 0.633876
0 0.594531 0.3625 0.00885417 0.0416667 0.646158
0 0.801302 0.378241 0.0119792 0.0287037 0.66401
0 0.438281 0.398148 0.0161458 0.0925926 0.706265
0 0.914323 0.360648 0.0109375 0.0564815 0.717441
0 0.714844 0.382407 0.0119792 0.0611111 0.729032
0 0.0390625 0.458333 0.0125 0.05 0.735979
0 0.675 0.383796 0.0135417 0.0490741 0.793877
0 0.510417 0.406944 0.0229167 0.0712963 0.803556
0 0.557292 0.417593 0.0322917 0.0944444 0.84062
0 0.263802 0.448148 0.0182292 0.0814815 0.855505
32 0.576042 0.452315 0.009375 0.0157407 0.865976
0 0.102083 0.494444 0.0270833 0.122222 0.877345
0 0.959115 0.420833 0.0276042 0.210185 0.892332
