0 0.87526 0.375926 0.0078125 0.05 0.11926
0 0.108073 0.440741 0.0078125 0.037037 0.119468
0 0.747917 0.371759 0.009375 0.0398148 0.127927
32 0.585677 0.45787 0.00572917 0.00833333 0.129098
0 0.523958 0.388426 0.009375 0.0361111 0.129754
0 0.881771 0.373611 0.00833333 0.0546296 0.130449
38 0.0617188 0.504167 0.0130208 0.0268519 0.131464
0 0.763281 0.370833 0.0078125 0.0435185 0.131771
32 0.0726563 0.496759 0.0046875 0.0101852 0.132472
0 0.907031 0.376852 0.00989583 0.0462963 0.150013
0 0.351302 0.323148 0.00572917 0.0259259 0.15014
0 0.499479 0.421296 0.0166667 0.05 0.164906
0 0.0830729 0.443519 0.0078125 0.0444444 0.165833
0 0.152865 0.42963 0.0078125 0.0388889 0.171221
0 0.514844 0.391204 0.00677083 0.0287037 0.171916
0 0.557292 0.379167 0.0114583 0.0453704 0.180666
0 0.846354 0.373148 0.0125 0.0555556 0.185322
0 0.735677 0.369444 0.00885417 0.0388889 0.186406
0 0.370052 0.394444 0.0078125 0.037037 0.197372
0 0.507031 0.378704 0.0078125 0.0351852 0.21027
0 0.56849 0.377778 0.0119792 0.0425926 0.210538
0 0.19974 0.432407 0.0078125 0.0444444 0.212666
0 0.00989583 0.467593 0.00833333 0.0407407 0.21959
0 0.784375 0.372222 0.009375 0.0462963 0.223437
0 0.279687 0.413889 0.00833333 0.0481481 0.224629
0 0.772917 0.368519 0.0125 0.0462963 0.228374
0 0.242708 0.425926 0.009375 0.0462963 0.231316
0 0.364062 0.394444 0.0104167 0.0407407 0.23679
0 0.0924479 0.445833 0.0130208 0.0453704 0.257977
0 0.208854 0.42037 0.009375 0.0444444 0.262119
0 0.584896 0.377315 0.009375 0.037963 0.267749
0 0.0161458 0.471296 0.0135417 0.0444444 0.291779
0 0.639323 0.365741 0.00989583 0.0296296 0.31489
0 0.19349 0.434722 0.00885417 0.0453704 0.320002
0 0.23724 0.428241 0.0078125 0.0435185 0.325818
0 0.184896 0.435648 0.0114583 0.0472222 0.330235
0 0.0486979 0.457407 0.0109375 0.0481481 0.330876
0 0.392969 0.410185 0.00989583 0.0314815 0.341141
0 0.133594 0.444444 0.00885417 0.0425926 0.362347
0 0.81276 0.370833 0.0109375 0.0546296 0.366221
0 0.799219 0.371759 0.00989583 0.0472222 0.368488
0 0.88776 0.373148 0.00885417 0.0592593 0.369814
0 0.539062 0.377315 0.0114583 0.037963 0.378912
0 0.302344 0.467593 0.0234375 0.0981481 0.38833
0 0.264583 0.421759 0.0125 0.0490741 0.400398
0 0.603906 0.376389 0.0140625 0.0398148 0.414515
0 0.653125 0.367593 0.00729167 0.0388889 0.465128
0 0.438542 0.388426 0.0104167 0.037963 0.488168
0 0.820052 0.382407 0.0151042 0.0444444 0.503509
0 0.175521 0.436574 0.0145833 0.062037 0.519413
0 0.718229 0.37037 0.00833333 0.0425926 0.52029
0 0.458073 0.386574 0.0140625 0.0416667 0.572133
0 0.932552 0.393981 0.0130208 0.0305556 0.642426
0 0.504427 0.438889 0.0296875 0.0851852 0.779688
32 0.521354 0.469444 0.009375 0.0166667 0.815701
0 0.734896 0.411111 0.0166667 0.0777778 0.824826
0 0.755469 0.411111 0.0213542 0.0796296 0.83698
0 0.290885 0.473148 0.0421875 0.105556 0.859262
0 0.427865 0.418981 0.0296875 0.112037 0.893831
0 0.0645833 0.506481 0.0208333 0.111111 0.9039
0 0.577604 0.423148 0.0354167 0.0777778 0.934375
