0 0.504427 0.380093 0.0119792 0.0435185 0.104673
0 0.841146 0.370833 0.00833333 0.0490741 0.110962
38 0.703646 0.398611 0.00520833 0.0101852 0.119728
0 0.104167 0.42963 0.0104167 0.0240741 0.129555
35 0.581771 0.434722 0.00625 0.0138889 0.135045
0 0.384896 0.392593 0.00833333 0.037037 0.154627
13 0.0130208 0.462963 0.0260417 0.0277778 0.15868
0 0.541927 0.374074 0.00885417 0.0296296 0.167568
0 0.835156 0.374074 0.00677083 0.0444444 0.171646
0 0.989323 0.377315 0.00989583 0.0490741 0.180895
0 0.867188 0.373148 0.0125 0.0444444 0.200929
0 0.689062 0.382407 0.00625 0.0166667 0.239122
0 0.734115 0.366667 0.0109375 0.0425926 0.248669
0 0.797135 0.371759 0.00989583 0.0490741 0.282743
0 0.773698 0.365741 0.00989583 0.0481481 0.296712
0 0.484375 0.380556 0.00625 0.0333333 0.298072
0 0.164062 0.427778 0.00833333 0.0296296 0.302901
0 0.553385 0.376852 0.0078125 0.0407407 0.321846
0 0.760156 0.369444 0.00989583 0.0462963 0.332244
0 0.189323 0.340278 0.00572917 0.0268519 0.346644
0 0.697396 0.368056 0.00833333 0.0416667 0.358784
0 0.807292 0.37037 0.0104167 0.0537037 0.370349
0 0.521875 0.379167 0.0104167 0.0453704 0.392186
0 0.847656 0.369444 0.00885417 0.0555556 0.397824
0 0.140104 0.439815 0.00729167 0.0481481 0.406728
0 0.124479 0.431481 0.00833333 0.0333333 0.410318
0 0.206771 0.418056 0.00833333 0.0324074 0.44475
0 0.03125 0.453704 0.0125 0.0518519 0.453744
0 0.407292 0.389815 0.0125 0.0425926 0.467457
0 0.0565104 0.45 0.0119792 0.0407407 0.49016
32 0.585677 0.463426 0.00885417 0.0138889 0.509708
0 0.146354 0.436111 0.0104167 0.0555556 0.52182
0 0.680729 0.367593 0.00833333 0.0425926 0.533641
0 0.780729 0.37963 0.015625 0.0425926 0.562753
0 0.196094 0.424074 0.00989583 0.0481481 0.589836
0 0.53125 0.397685 0.0145833 0.0472222 0.594151
0 0.117188 0.445833 0.015625 0.062037 0.653716
0 0.540365 0.404167 0.0130208 0.0527778 0.681198
0 0.0791667 0.453704 0.009375 0.0388889 0.721377
0 0.891667 0.388889 0.0125 0.0296296 0.728949
0 0.247396 0.422222 0.0135417 0.0462963 0.751603
0 0.226823 0.426389 0.0119792 0.0472222 0.765665
0 0.413802 0.441667 0.0244792 0.0981481 0.826527
0 0.749219 0.402315 0.0151042 0.0712963 0.84039
0 0.575521 0.425926 0.0395833 0.0981481 0.859784
0 0.435156 0.411111 0.0223958 0.103704 0.864769
0 0.709115 0.403704 0.0213542 0.062963 0.881643
0 0.103646 0.498611 0.0239583 0.119444 0.896525
0 0.376563 0.447685 0.0229167 0.0972222 0.933333
