0 0.691146 0.366204 0.0104167 0.0435185 0.102376
0 0.65599 0.365741 0.00677083 0.037037 0.104216
0 0.258073 0.326852 0.00572917 0.0240741 0.107721
0 0.660677 0.365278 0.00677083 0.0361111 0.110712
0 0.015625 0.455556 0.009375 0.0407407 0.115015
0 0.921875 0.36713 0.009375 0.0490741 0.133498
0 0.278385 0.398611 0.0078125 0.0342593 0.146689
0 0.671875 0.364352 0.00729167 0.037963 0.148143
0 0.527344 0.358796 0.00677083 0.0231481 0.152472
0 0.259375 0.403241 0.00729167 0.0398148 0.157858
0 0.53151 0.385648 0.00989583 0.0324074 0.158822
0 0.475781 0.379167 0.0078125 0.0416667 0.177346
0 0.488021 0.376389 0.00729167 0.0416667 0.181066
0 0.777604 0.369444 0.009375 0.0425926 0.188935
0 0.440885 0.376389 0.0078125 0.0361111 0.224456
0 0.784896 0.364352 0.00729167 0.0490741 0.241093
0 0.679688 0.358796 0.0114583 0.0361111 0.24363
0 0.326302 0.392593 0.00885417 0.0351852 0.248729
0 0.635156 0.379167 0.00572917 0.0157407 0.25049
0 0.132031 0.430556 0.00677083 0.0296296 0.251318
0 0.434896 0.376852 0.00625 0.0296296 0.255564
0 0.704948 0.364815 0.00885417 0.0425926 0.256292
0 0.498698 0.374537 0.00989583 0.0472222 0.259754
0 0.751562 0.364815 0.0114583 0.0537037 0.291254
0 0.339323 0.398148 0.00989583 0.05 0.291936
0 0.0867188 0.45 0.0119792 0.0518519 0.306218
0 0.627604 0.365741 0.00833333 0.0388889 0.324975
0 0.348958 0.394907 0.0135417 0.0453704 0.356675
0 0.457552 0.379167 0.00989583 0.0453704 0.378954
0 0.71875 0.361574 0.0104167 0.0490741 0.406557
0 0.0778646 0.450926 0.00885417 0.0481481 0.407316
0 0.30599 0.396759 0.00677083 0.0398148 0.410491
0 0.809375 0.368056 0.009375 0.0416667 0.447111
0 0.0934896 0.44213 0.0119792 0.0564815 0.464643
0 0.533594 0.398148 0.0130208 0.0611111 0.465093
0 0.196615 0.427315 0.0119792 0.0453704 0.479743
0 0.190885 0.424074 0.0119792 0.0555556 0.506256
0 0.0622396 0.443056 0.0130208 0.0453704 0.508864
0 0.790885 0.363426 0.0078125 0.0546296 0.544071
0 0.00729167 0.46713 0.009375 0.0435185 0.549806
0 0.64375 0.365278 0.00833333 0.0416667 0.55903
0 0.95 0.367593 0.0104167 0.062963 0.695924
0 0.211979 0.423148 0.0125 0.0481481 0.711634
0 0.834635 0.382407 0.0119792 0.0296296 0.736398
0 0.73099 0.394907 0.0161458 0.0583333 0.754657
0 0.0338542 0.461574 0.0177083 0.0675926 0.786492
0 0.314323 0.439815 0.0171875 0.087037 0.834192
0 0.679688 0.393981 0.01875 0.0601852 0.8574
0 0.411458 0.406481 0.0166667 0.107407 0.862009
0 0.129948 0.494444 0.0338542 0.125926 0.905896
0 0.522135 0.424537 0.0338542 0.0861111 0.906378
0 0.577604 0.426852 0.0322917 0.0814815 0.908382
0 0.472656 0.430093 0.0276042 0.0898148 0.910701
0 0.985156 0.428704 0.0296875 0.218519 0.919251
