0 0.653646 0.359722 0.00729167 0.0453704 0.104936
38 0.901823 0.403704 0.0109375 0.0222222 0.105433
0 0.565104 0.376852 0.00520833 0.0166667 0.105647
0 0.59974 0.361111 0.00677083 0.0407407 0.11358
0 0.783854 0.35787 0.00833333 0.0453704 0.118202
0 0.268229 0.395833 0.00833333 0.0324074 0.138956
0 0.55599 0.35463 0.0078125 0.0203704 0.156446
0 0.847656 0.372685 0.00677083 0.0268519 0.163914
0 0.965625 0.35787 0.00625 0.0268519 0.16488
0 0.943229 0.349537 0.00416667 0.0175926 0.168919
0 0.736719 0.361574 0.00989583 0.0416667 0.181916
0 0.345573 0.388889 0.0119792 0.0444444 0.194515
0 0.30625 0.393056 0.0145833 0.0472222 0.194775
0 0.359115 0.383333 0.00989583 0.0481481 0.210939
0 0.257812 0.394907 0.00833333 0.0361111 0.233502
0 0.340625 0.3875 0.009375 0.0453704 0.244891
0 0.573698 0.363889 0.00885417 0.0407407 0.256116
0 0.609115 0.358796 0.0119792 0.0435185 0.256577
0 0.761979 0.374074 0.0114583 0.0351852 0.266921
0 0.185156 0.330556 0.00572917 0.0259259 0.308668
0 0.16276 0.418981 0.00989583 0.0490741 0.309648
0 0.333594 0.389815 0.0078125 0.0407407 0.322238
0 0.657292 0.361574 0.009375 0.0453704 0.338473
0 0.679427 0.360185 0.0109375 0.0537037 0.357397
0 0.179688 0.414352 0.00729167 0.037963 0.377937
0 0.284896 0.397222 0.00729167 0.0481481 0.384276
0 0.196615 0.407407 0.00885417 0.0314815 0.408727
0 0.170312 0.418056 0.0104167 0.0453704 0.409755
0 0.760417 0.388889 0.0145833 0.0666667 0.411643
0 0.0546875 0.350926 0.00625 0.0296296 0.419695
0 0.382292 0.375 0.0104167 0.0351852 0.423162
0 0.648177 0.35787 0.00989583 0.0472222 0.429461
0 0.718229 0.35787 0.009375 0.0527778 0.432983
0 0.234635 0.408796 0.0109375 0.0453704 0.495314
0 0.253385 0.406944 0.0140625 0.0490741 0.533128
0 0.947656 0.374537 0.0078125 0.037963 0.535462
0 0.0338542 0.451389 0.0145833 0.0527778 0.577212
0 0.669531 0.369907 0.00989583 0.0435185 0.594326
0 0.983594 0.360648 0.00677083 0.0342593 0.606256
0 0.629948 0.375926 0.0151042 0.0574074 0.635137
0 0.557813 0.382407 0.009375 0.0462963 0.660955
0 0.749219 0.390741 0.0182292 0.0777778 0.669921
0 0.871094 0.358796 0.0109375 0.0564815 0.682818
32 0.835938 0.401389 0.00520833 0.012037 0.747121
0 0.535937 0.37963 0.0114583 0.0444444 0.767228
0 0.703906 0.387037 0.0151042 0.0666667 0.843803
0 0.104687 0.490278 0.0270833 0.125 0.873759
0 0.510417 0.384259 0.0208333 0.0888889 0.881942
0 0.309375 0.457407 0.0375 0.125926 0.882187
0 0.915104 0.412963 0.0354167 0.198148 0.900599
