0 0.644271 0.3625 0.00625 0.037963 0.105639
0 0.760417 0.363426 0.00729167 0.0416667 0.107075
0 0.311458 0.390741 0.009375 0.0296296 0.112786
0 0.2875 0.391667 0.00729167 0.0203704 0.1285
0 0.876823 0.364352 0.0109375 0.0453704 0.141962
0 0.639583 0.363889 0.00729167 0.0388889 0.145703
0 0.61849 0.377315 0.00572917 0.0157407 0.155566
0 0.15026 0.338426 0.00989583 0.0398148 0.166276
0 0.734115 0.362037 0.0119792 0.0537037 0.173729
0 0.28125 0.397685 0.00729167 0.0361111 0.187697
0 0.791406 0.364815 0.00885417 0.0407407 0.19839
0 0.272656 0.397685 0.00885417 0.037963 0.20859
0 0.653385 0.361574 0.00885417 0.0435185 0.223361
0 0.407813 0.383333 0.009375 0.0462963 0.227016
0 0.549219 0.360648 0.00677083 0.0287037 0.227362
0 0.141927 0.342593 0.0078125 0.037037 0.252766
0 0.6625 0.360185 0.0114583 0.0425926 0.274032
0 0.00416667 0.451389 0.00833333 0.0361111 0.289207
0 0.416927 0.383796 0.00885417 0.0416667 0.300859
0 0.241406 0.326852 0.00572917 0.0259259 0.321074
0 0.773177 0.360648 0.00885417 0.0527778 0.323643
0 0.38099 0.385185 0.0119792 0.0481481 0.326397
0 0.0216146 0.451852 0.00885417 0.0407407 0.326495
0 0.905469 0.377778 0.00677083 0.0277778 0.341899
0 0.479948 0.36713 0.00677083 0.0324074 0.34641
0 0.688542 0.362037 0.009375 0.0444444 0.415123
0 0.46901 0.370833 0.0109375 0.0416667 0.422824
0 0.627083 0.362963 0.00833333 0.0425926 0.45826
0 0.714583 0.372222 0.009375 0.0444444 0.487799
0 0.24401 0.415741 0.0109375 0.0462963 0.499496
0 0.701563 0.359722 0.009375 0.0490741 0.501067
38 0.960677 0.411574 0.0119792 0.0212963 0.536166
0 0.0526042 0.456019 0.0104167 0.0490741 0.554653
0 0.35625 0.394444 0.0114583 0.0462963 0.562281
0 0.229427 0.416667 0.0119792 0.0481481 0.58178
0 0.609635 0.363426 0.00885417 0.0416667 0.599191
0 0.0598958 0.45463 0.0104167 0.0481481 0.600256
0 0.113802 0.344907 0.00572917 0.0268519 0.6247
0 0.524219 0.393981 0.0119792 0.0527778 0.642185
0 0.816667 0.379167 0.0125 0.0287037 0.680203
0 0.726823 0.382407 0.0151042 0.0592593 0.717716
0 0.931771 0.363426 0.0104167 0.0583333 0.724027
0 0.677083 0.383333 0.015625 0.0462963 0.769791
0 0.557292 0.393981 0.0197917 0.0638889 0.776807
0 0.510417 0.405093 0.0166667 0.0657407 0.835422
0 0.44349 0.398611 0.0234375 0.0972222 0.853044
32 0.553125 0.449074 0.009375 0.0148148 0.853427
0 0.538281 0.414352 0.0223958 0.087963 0.876773
0 0.109635 0.491204 0.0213542 0.121296 0.896073
0 0.971615 0.423148 0.0380208 0.211111 0.914971
0 0.286198 0.441667 0.0234375 0.0833333 0.920158
