0 0.508333 0.378704 0.00729167 0.0407407 0.107124
0 0.732031 0.369444 0.00677083 0.0425926 0.10943
0 0.0588542 0.448148 0.0125 0.0407407 0.114637
0 0.127083 0.438889 0.009375 0.05 0.125975
0 0.386979 0.391204 0.00833333 0.0342593 0.134251
0 0.720312 0.368519 0.00729167 0.037037 0.141962
0 0.339063 0.394444 0.00729167 0.0333333 0.146945
0 0.547396 0.377778 0.0104167 0.037037 0.150725
0 0.847135 0.371296 0.0078125 0.05 0.155511
0 0.446094 0.388426 0.0119792 0.0416667 0.161253
0 0.516146 0.378704 0.0104167 0.0444444 0.163528
0 0.170052 0.428241 0.0078125 0.0305556 0.184243
0 0.596354 0.372222 0.009375 0.0444444 0.190805
0 0.195312 0.339815 0.00625 0.0277778 0.213365
0 0.00208333 0.44537 0.00416667 0.0537037 0.213645
0 0.841146 0.374074 0.00729167 0.0444444 0.227243
0 0.739583 0.36713 0.0114583 0.0435185 0.229692
0 0.108854 0.428704 0.00729167 0.0240741 0.231863
0 0.390885 0.390741 0.0078125 0.0351852 0.253991
0 0.559896 0.376389 0.00729167 0.0398148 0.262561
0 0.694792 0.383333 0.00625 0.0166667 0.27157
0 0.0385417 0.455093 0.0125 0.0453704 0.273563
0 0.415104 0.390741 0.0145833 0.0425926 0.299596
0 0.803125 0.371759 0.009375 0.0490741 0.312976
0 0.146615 0.439352 0.00677083 0.0472222 0.345119
0 0.490885 0.380093 0.00677083 0.0324074 0.358263
0 0.872656 0.374074 0.0109375 0.0444444 0.394027
0 0.528385 0.380093 0.00989583 0.0453704 0.395633
0 0.13151 0.43287 0.00885417 0.037963 0.398709
0 0.765885 0.368981 0.00989583 0.0453704 0.405889
0 0.0635417 0.448611 0.0114583 0.0416667 0.428212
0 0.210417 0.423611 0.00833333 0.0472222 0.430944
0 0.703125 0.368981 0.00833333 0.0435185 0.43289
0 0.779427 0.368519 0.00989583 0.0518519 0.443715
0 0.813281 0.370833 0.0109375 0.0546296 0.477636
0 0.853646 0.37037 0.00833333 0.0537037 0.490548
0 0.152604 0.434722 0.0125 0.0583333 0.565244
0 0.786719 0.380093 0.0161458 0.0435185 0.580437
0 0.204688 0.423611 0.00833333 0.0509259 0.581651
0 0.0869792 0.452315 0.009375 0.0416667 0.608324
0 0.534115 0.4 0.0130208 0.0481481 0.62185
0 0.686458 0.368519 0.00833333 0.0425926 0.639289
0 0.250521 0.420833 0.0114583 0.0490741 0.656928
0 0.897917 0.389352 0.0125 0.0305556 0.665441
0 0.54375 0.405093 0.0166667 0.0546296 0.712429
0 0.231771 0.425926 0.0125 0.05 0.718114
0 0.123177 0.443519 0.0161458 0.0611111 0.71979
0 0.565625 0.423611 0.0208333 0.0935185 0.746097
0 0.579167 0.428241 0.0416667 0.0916667 0.747586
32 0.584115 0.464352 0.00989583 0.0175926 0.769722
0 0.43776 0.4125 0.0265625 0.108333 0.845766
0 0.753646 0.4 0.0145833 0.0777778 0.859244
0 0.714323 0.403241 0.0223958 0.0657407 0.897383
0 0.105469 0.498611 0.0296875 0.121296 0.90351
0 0.413281 0.440741 0.0369792 0.1 0.909524
0 0.379687 0.448611 0.0260417 0.0972222 0.91699
