0 0.691667 0.362963 0.0114583 0.0425926 0.105492
0 0.259115 0.402315 0.00677083 0.0361111 0.112405
0 0.750781 0.361574 0.0109375 0.0546296 0.12475
0 0.679167 0.350926 0.0114583 0.0259259 0.126677
0 0.324219 0.39537 0.00885417 0.0444444 0.129004
0 0.670573 0.361574 0.00677083 0.0416667 0.130008
0 0.784115 0.3625 0.0078125 0.0490741 0.131282
0 0.496875 0.375463 0.00625 0.0361111 0.134362
0 0.704687 0.362037 0.009375 0.0407407 0.136822
0 0.659896 0.362037 0.00625 0.0388889 0.153594
0 0.316406 0.396759 0.00989583 0.0435185 0.156235
0 0.0507812 0.438889 0.0078125 0.0222222 0.162553
0 0.258073 0.325463 0.00572917 0.0268519 0.166928
0 0.160938 0.341204 0.00729167 0.0361111 0.176347
0 0.330729 0.393981 0.00833333 0.0398148 0.18322
0 0.655208 0.362037 0.00729167 0.0407407 0.199931
0 0.778646 0.364352 0.00833333 0.0453704 0.202229
0 0.717969 0.346759 0.00989583 0.025 0.210916
0 0.514323 0.366204 0.00989583 0.0416667 0.223915
0 0.288542 0.399074 0.00833333 0.0407407 0.2282
0 0.477604 0.376389 0.009375 0.0416667 0.238116
0 0.48776 0.376389 0.00989583 0.0398148 0.243866
0 0.0575521 0.447222 0.0078125 0.0462963 0.269703
0 0.4625 0.378241 0.0104167 0.0435185 0.276774
0 0.131771 0.343981 0.00625 0.0268519 0.294122
0 0.809375 0.363889 0.0104167 0.0425926 0.325078
0 0.642969 0.3625 0.00989583 0.0453704 0.345441
0 0.0523437 0.451852 0.0119792 0.0518519 0.400698
0 0.220313 0.421296 0.00729167 0.0481481 0.434733
0 0.0122396 0.468519 0.0182292 0.062963 0.436544
0 0.446094 0.379167 0.0109375 0.0453704 0.440164
0 0.725 0.370833 0.009375 0.0453704 0.458945
0 0.790625 0.360648 0.00833333 0.0564815 0.473978
0 0.626562 0.362963 0.009375 0.0407407 0.474737
0 0.208854 0.422685 0.009375 0.0490741 0.479781
0 0.40026 0.383796 0.00885417 0.0342593 0.516537
36 0.428646 0.446759 0.015625 0.0157407 0.522721
0 0.352083 0.398148 0.0104167 0.0444444 0.540791
0 0.0385417 0.449537 0.0104167 0.0453704 0.585442
0 0.228125 0.415741 0.0125 0.0537037 0.635737
0 0.566667 0.383796 0.0125 0.0435185 0.636307
32 0.525781 0.4375 0.00885417 0.012037 0.654584
0 0.678385 0.3875 0.0161458 0.0546296 0.702262
0 0.535156 0.403704 0.0151042 0.0722222 0.71507
0 0.709375 0.386574 0.0104167 0.0564815 0.734252
0 0.0729167 0.452315 0.009375 0.0509259 0.737165
0 0.0867188 0.449537 0.0119792 0.0509259 0.743623
0 0.949219 0.362963 0.0109375 0.0592593 0.748955
0 0.834375 0.378704 0.0135417 0.0296296 0.753735
0 0.547396 0.399537 0.01875 0.0712963 0.78713
0 0.517187 0.407407 0.021875 0.0759259 0.850216
0 0.307552 0.439815 0.0140625 0.0833333 0.864809
0 0.427865 0.402315 0.0171875 0.100926 0.86724
0 0.138542 0.493056 0.0229167 0.119444 0.897895
0 0.985156 0.425 0.0296875 0.218519 0.918546
