0 0.521354 0.368519 0.0114583 0.0388889 0.100167
0 0.682292 0.357407 0.00729167 0.0277778 0.100273
0 0.952604 0.361111 0.00729167 0.0296296 0.100625
0 0.361979 0.39213 0.00729167 0.0361111 0.106831
0 0.26901 0.326389 0.00572917 0.025 0.11111
0 0.795313 0.366204 0.00729167 0.0509259 0.112562
29 0.0986979 0.50463 0.0119792 0.0240741 0.114274
0 0.0908854 0.448148 0.0078125 0.0481481 0.128425
0 0.729427 0.361574 0.0109375 0.0453704 0.137314
0 0.752083 0.368056 0.009375 0.0472222 0.149914
0 0.761458 0.366667 0.0114583 0.0518519 0.15802
0 0.690625 0.361111 0.0114583 0.0388889 0.216087
0 0.790365 0.369907 0.0078125 0.0435185 0.226862
0 0.492708 0.379167 0.009375 0.0398148 0.287556
0 0.190625 0.427778 0.00833333 0.0462963 0.29245
0 0.715885 0.364815 0.00885417 0.0444444 0.299532
0 0.0838542 0.437963 0.00729167 0.0444444 0.302016
0 0.820312 0.368981 0.009375 0.0416667 0.303974
0 0.376563 0.394444 0.009375 0.0462963 0.336318
0 0.934896 0.37037 0.0104167 0.05 0.336549
0 0.183073 0.418056 0.0078125 0.0324074 0.336994
0 0.143229 0.343056 0.00625 0.0268519 0.357906
0 0.357031 0.392593 0.0109375 0.0407407 0.368211
0 0.645312 0.381019 0.00625 0.0157407 0.377186
0 0.503385 0.376389 0.0078125 0.0416667 0.384269
0 0.546354 0.368056 0.0114583 0.0398148 0.39865
0 0.473958 0.380093 0.0114583 0.0472222 0.414961
0 0.00364583 0.459259 0.00729167 0.0425926 0.448467
0 0.653906 0.366204 0.0078125 0.0435185 0.466124
0 0.740625 0.377315 0.009375 0.0435185 0.475048
0 0.801302 0.364815 0.00885417 0.0555556 0.479619
0 0.432292 0.38287 0.009375 0.0361111 0.498084
0 0.075 0.441204 0.009375 0.0398148 0.551672
0 0.194792 0.428241 0.0114583 0.0453704 0.563183
0 0.338542 0.4 0.0125 0.05 0.576262
0 0.520833 0.393056 0.0135417 0.0453704 0.669708
0 0.639063 0.365741 0.00833333 0.0425926 0.676669
0 0.0247396 0.462963 0.0109375 0.0444444 0.679597
0 0.845312 0.384259 0.0125 0.0296296 0.680747
0 0.128385 0.435185 0.0151042 0.0518519 0.694877
0 0.05625 0.456944 0.0177083 0.0657407 0.714707
0 0.961198 0.369444 0.0109375 0.062963 0.762198
0 0.213281 0.423611 0.0119792 0.0509259 0.766057
0 0.533073 0.400463 0.0192708 0.0546296 0.771058
0 0.729167 0.395833 0.0229167 0.0638889 0.830522
0 0.686458 0.394907 0.0166667 0.0657407 0.867142
0 0.414323 0.409259 0.0213542 0.103704 0.870671
0 0.553646 0.436111 0.0333333 0.0796296 0.873265
0 0.447917 0.43287 0.0375 0.087963 0.875222
0 0.0976562 0.501852 0.0255208 0.118519 0.887594
0 0.990885 0.431019 0.0182292 0.221296 0.893721
0 0.326042 0.443519 0.028125 0.0907407 0.933801
0 0.593229 0.428241 0.040625 0.087963 0.949355
