0 0.786458 0.363426 0.00833333 0.0490741 0.100087
0 0.657812 0.363889 0.00729167 0.037037 0.100131
0 0.169271 0.338889 0.0104167 0.037037 0.106689
0 0.472917 0.379167 0.00833333 0.0398148 0.111606
0 0.259635 0.325 0.00572917 0.0259259 0.114128
0 0.0122396 0.458796 0.0078125 0.037963 0.123914
0 0.311719 0.397222 0.00885417 0.0388889 0.126647
0 0.260417 0.409259 0.00833333 0.0462963 0.129062
36 0.317708 0.475 0.0104167 0.00925926 0.141428
0 0.465104 0.378704 0.00833333 0.0407407 0.154845
0 0.161979 0.340741 0.00729167 0.037037 0.159205
0 0.329688 0.388426 0.009375 0.0305556 0.159674
0 0.779948 0.365741 0.0078125 0.0481481 0.172378
0 0.695312 0.363889 0.00833333 0.0425926 0.172578
0 0.501823 0.366667 0.00677083 0.0333333 0.176605
0 0.378385 0.387037 0.0078125 0.0351852 0.184668
0 0.636198 0.376852 0.00572917 0.0166667 0.18818
0 0.811458 0.365741 0.00833333 0.0407407 0.188705
0 0.752604 0.362037 0.0114583 0.0537037 0.212171
0 0.411979 0.380556 0.0104167 0.0481481 0.217014
0 0.403125 0.380556 0.00833333 0.0314815 0.220694
0 0.583073 0.366667 0.00677083 0.0425926 0.222512
0 0.680469 0.359722 0.00989583 0.0416667 0.223471
0 0.645052 0.364352 0.00885417 0.0416667 0.239548
0 0.0182292 0.460185 0.015625 0.0333333 0.241325
0 0.671875 0.363889 0.00833333 0.0462963 0.243739
0 0.0046875 0.462037 0.009375 0.0444444 0.244593
0 0.430208 0.38287 0.0104167 0.0472222 0.307294
36 0.13151 0.543981 0.0192708 0.012037 0.321231
0 0.792188 0.360648 0.00833333 0.0527778 0.327554
0 0.70651 0.362963 0.00885417 0.0444444 0.33084
0 0.278385 0.397685 0.00885417 0.037963 0.331509
0 0.49349 0.37037 0.0109375 0.0407407 0.349119
0 0.0244792 0.45 0.009375 0.0425926 0.370165
0 0.577083 0.381944 0.009375 0.0398148 0.381505
0 0.304948 0.397685 0.00885417 0.0435185 0.391135
0 0.730208 0.371759 0.009375 0.0453704 0.394138
0 0.265104 0.408796 0.009375 0.0472222 0.42414
0 0.133594 0.343519 0.00572917 0.0277778 0.444938
0 0.220052 0.411574 0.00677083 0.0287037 0.478689
0 0.239583 0.41713 0.00833333 0.0453704 0.502711
0 0.0445312 0.449074 0.0109375 0.0388889 0.51699
32 0.542969 0.444444 0.0078125 0.0148148 0.556049
0 0.720052 0.359722 0.00989583 0.0490741 0.558511
0 0.075 0.452778 0.009375 0.05 0.561071
0 0.0817708 0.451389 0.009375 0.0472222 0.58143
0 0.254167 0.413889 0.0114583 0.05 0.633372
0 0.627344 0.362963 0.00885417 0.0425926 0.667036
0 0.835938 0.37963 0.0125 0.0296296 0.690408
0 0.738802 0.385648 0.0151042 0.0527778 0.727149
0 0.686198 0.382407 0.0130208 0.05 0.729614
0 0.525521 0.406481 0.0166667 0.062963 0.750279
0 0.951563 0.365741 0.0114583 0.0611111 0.774538
0 0.567448 0.391667 0.0109375 0.0722222 0.780435
0 0.54349 0.405556 0.0276042 0.0703704 0.803778
0 0.453125 0.398148 0.0145833 0.1 0.80993
0 0.313802 0.437963 0.0140625 0.0777778 0.830361
0 0.129167 0.489352 0.0208333 0.121296 0.896595
0 0.986458 0.425 0.0270833 0.214815 0.914418
