0 0.21276 0.408333 0.00885417 0.0444444 0.112228
0 0.116406 0.344907 0.0078125 0.037963 0.113646
0 0.45651 0.374074 0.0078125 0.0388889 0.121457
0 0.6375 0.360185 0.0114583 0.0425926 0.12199
0 0.878906 0.373611 0.00572917 0.0268519 0.155967
0 0.286458 0.393519 0.00833333 0.0333333 0.16049
0 0.378385 0.386111 0.00885417 0.0444444 0.176281
29 0.932552 0.40787 0.0109375 0.0212963 0.183691
0 0.416406 0.380556 0.00885417 0.0407407 0.192823
0 0.354688 0.386574 0.0104167 0.0472222 0.194522
38 0.932552 0.40787 0.0109375 0.0212963 0.204517
0 0.247917 0.403704 0.00833333 0.0407407 0.220527
0 0.663542 0.361574 0.009375 0.0435185 0.226555
0 0.311458 0.391667 0.00729167 0.0462963 0.232901
0 0.602344 0.3625 0.0078125 0.0416667 0.234988
0 0.934635 0.376852 0.00885417 0.0277778 0.23506
0 0.279167 0.394907 0.009375 0.0361111 0.240997
0 0.233594 0.406019 0.00677083 0.037963 0.249865
0 0.676302 0.357407 0.00989583 0.0481481 0.250432
0 0.215365 0.328241 0.00572917 0.025 0.25677
0 0.40651 0.381944 0.0109375 0.0416667 0.263856
0 0.240625 0.403241 0.0114583 0.0435185 0.269881
0 0.429948 0.374074 0.00989583 0.0425926 0.276224
0 0.766406 0.362963 0.00989583 0.0407407 0.279
0 0.170573 0.422222 0.0109375 0.05 0.282445
0 0.484896 0.369907 0.009375 0.0361111 0.29187
0 0.34401 0.393519 0.0130208 0.0462963 0.297652
0 0.979948 0.375 0.0078125 0.0481481 0.321037
0 0.220573 0.416667 0.00885417 0.0462963 0.323569
0 0.0231771 0.462037 0.0161458 0.0481481 0.32401
0 0.690365 0.37037 0.00885417 0.0444444 0.327241
0 0.545313 0.380093 0.009375 0.0435185 0.338053
0 0.315104 0.391204 0.0114583 0.0490741 0.338216
0 0.371094 0.386111 0.0119792 0.0481481 0.352984
0 0.747917 0.358796 0.00833333 0.0527778 0.371866
0 0.935156 0.355093 0.00677083 0.0324074 0.392131
0 0.988021 0.360648 0.0104167 0.037963 0.447952
0 0.0867188 0.348148 0.00677083 0.0259259 0.456967
0 0.791406 0.376852 0.0119792 0.0277778 0.600418
0 0.188802 0.414815 0.00989583 0.0444444 0.630974
0 0.58724 0.384722 0.0161458 0.0657407 0.666506
0 0.903646 0.361574 0.0104167 0.0601852 0.672299
0 0.684115 0.388889 0.0130208 0.0481481 0.699029
32 0.633594 0.448148 0.00989583 0.0166667 0.782127
0 0.710156 0.385185 0.0151042 0.0648148 0.78661
0 0.449219 0.39537 0.0192708 0.0944444 0.792268
0 0.53099 0.4125 0.0234375 0.075 0.878284
0 0.947656 0.418056 0.0307292 0.20463 0.884734
0 0.607813 0.414815 0.028125 0.0944444 0.891493
0 0.11276 0.493056 0.0317708 0.126852 0.912356
0 0.240625 0.456944 0.0197917 0.0916667 0.91439
