35 0.10599 0.502778 0.00677083 0.012963 0.107383
0 0.628125 0.361111 0.00833333 0.0425926 0.120282
0 0.917969 0.348611 0.00677083 0.0194444 0.127672
0 0.651302 0.362963 0.00885417 0.0425926 0.154681
0 0.321354 0.389815 0.009375 0.0425926 0.165325
0 0.638021 0.360648 0.0114583 0.0435185 0.176279
0 0.357292 0.3875 0.009375 0.0490741 0.17752
0 0.38099 0.387037 0.00885417 0.0444444 0.192892
0 0.342969 0.393981 0.0078125 0.0435185 0.197408
0 0.602604 0.362963 0.00833333 0.0407407 0.199474
0 0.286979 0.391667 0.00833333 0.0314815 0.213216
0 0.490885 0.37037 0.00677083 0.037037 0.221748
0 0.465885 0.373148 0.00885417 0.0388889 0.225395
0 0.734896 0.362037 0.00833333 0.0444444 0.23583
0 0.676823 0.349537 0.00989583 0.0324074 0.254847
0 0.878646 0.374537 0.00625 0.0287037 0.26287
0 0.372396 0.385185 0.0104167 0.0462963 0.27246
0 0.253125 0.402315 0.009375 0.037963 0.274024
0 0.27526 0.395833 0.00885417 0.037963 0.281536
0 0.766146 0.363426 0.0104167 0.0435185 0.293146
0 0.245052 0.401389 0.00885417 0.0398148 0.29664
0 0.663802 0.362037 0.00885417 0.0444444 0.313441
0 0.980208 0.375 0.00833333 0.0425926 0.324767
0 0.215625 0.328241 0.00520833 0.025 0.336893
0 0.585417 0.362037 0.009375 0.0425926 0.338813
0 0.408594 0.381019 0.0109375 0.0416667 0.34803
0 0.748177 0.358796 0.00885417 0.0527778 0.384029
0 0.0867188 0.347685 0.00677083 0.0268519 0.400605
0 0.936198 0.35463 0.00572917 0.0277778 0.451802
0 0.689844 0.369907 0.00885417 0.0435185 0.504544
0 0.544792 0.380556 0.009375 0.0425926 0.535347
0 0.991406 0.361574 0.0109375 0.037963 0.538635
0 0.315625 0.391204 0.0104167 0.0398148 0.546092
0 0.791667 0.377315 0.0125 0.0287037 0.562066
0 0.219271 0.417593 0.0125 0.0481481 0.5719
36 0.441406 0.4375 0.0151042 0.0138889 0.601129
0 0.0252604 0.461574 0.0171875 0.0490741 0.653598
0 0.575781 0.387963 0.0182292 0.0574074 0.659703
0 0.192708 0.412963 0.00833333 0.0444444 0.665168
0 0.678385 0.384722 0.0130208 0.0509259 0.678533
0 0.176042 0.422222 0.0114583 0.0537037 0.727417
0 0.903906 0.3625 0.0109375 0.0601852 0.731297
0 0.709375 0.385185 0.0125 0.0592593 0.764811
32 0.611979 0.450463 0.00833333 0.0175926 0.794578
0 0.441667 0.393981 0.0145833 0.0935185 0.799101
0 0.947135 0.419444 0.0307292 0.207407 0.878537
0 0.523438 0.40787 0.01875 0.0805556 0.881115
0 0.596094 0.415741 0.0390625 0.101852 0.896922
0 0.246094 0.455556 0.0203125 0.0907407 0.902863
0 0.109896 0.493981 0.0322917 0.126852 0.907538
