0 0.775521 0.366204 0.00833333 0.0453704 0.113709
0 0.676302 0.35 0.0109375 0.0203704 0.114288
0 0.519271 0.367593 0.009375 0.0407407 0.118924
0 0.780729 0.365278 0.00833333 0.0453704 0.119586
0 0.667708 0.362963 0.00729167 0.0407407 0.133783
0 0.652083 0.363426 0.00729167 0.0398148 0.144785
0 0.0768229 0.451852 0.00677083 0.0444444 0.169946
0 0.275521 0.397222 0.00833333 0.0333333 0.177206
0 0.479948 0.378241 0.00989583 0.037963 0.182185
0 0.723698 0.366204 0.0109375 0.037963 0.184082
0 0.426302 0.377315 0.00677083 0.0305556 0.197347
0 0.738542 0.364815 0.009375 0.0481481 0.202325
0 0.632031 0.378241 0.00677083 0.0157407 0.204611
0 0.434635 0.377778 0.00885417 0.037037 0.2081
0 0.128646 0.344907 0.00625 0.0268519 0.208876
0 0.466927 0.378704 0.00885417 0.0407407 0.222387
0 0.254687 0.327315 0.00520833 0.025 0.230121
0 0.689844 0.365278 0.00885417 0.0416667 0.252535
0 0.318229 0.39213 0.0104167 0.0342593 0.271009
0 0.747135 0.364352 0.0109375 0.0509259 0.283942
0 0.194792 0.424537 0.009375 0.0472222 0.318773
0 0.338802 0.4 0.0130208 0.0462963 0.337519
0 0.294531 0.398611 0.00677083 0.0398148 0.348222
0 0.805469 0.365741 0.00885417 0.0425926 0.363702
0 0.714844 0.360648 0.0109375 0.0490741 0.394476
0 0.7875 0.3625 0.00833333 0.0527778 0.400372
0 0.702083 0.363426 0.009375 0.0435185 0.427325
0 0.449219 0.380093 0.0119792 0.0472222 0.434767
0 0.059375 0.444444 0.00833333 0.0388889 0.476762
0 0.0825521 0.451852 0.0109375 0.0462963 0.481341
0 0.328385 0.397685 0.0119792 0.0527778 0.49684
0 0.0723958 0.451852 0.0104167 0.0518519 0.558328
0 0.0479167 0.446759 0.009375 0.0472222 0.571695
0 0.640625 0.365278 0.00833333 0.0416667 0.598707
0 0.0208333 0.4625 0.0135417 0.0694444 0.603703
0 0.201042 0.419907 0.0145833 0.0564815 0.64994
0 0.83099 0.380556 0.0119792 0.0277778 0.683668
0 0.623438 0.363889 0.009375 0.0425926 0.709134
0 0.215104 0.420833 0.0114583 0.0490741 0.724714
0 0.945833 0.366204 0.0104167 0.0638889 0.769613
0 0.722135 0.391667 0.0223958 0.0574074 0.803106
0 0.676823 0.390741 0.0171875 0.0592593 0.835621
0 0.30599 0.442593 0.0140625 0.087037 0.855149
0 0.521354 0.414815 0.0208333 0.0814815 0.88383
0 0.547396 0.417593 0.0260417 0.0851852 0.888222
0 0.410156 0.40463 0.0203125 0.105556 0.905379
0 0.491406 0.419444 0.0369792 0.0851852 0.909612
0 0.982292 0.427778 0.0322917 0.218519 0.915782
0 0.132031 0.49537 0.0317708 0.124074 0.91638
