34 0.897396 0.404167 0.0104167 0.0212963 0.131543
0 0.758854 0.37963 0.009375 0.0388889 0.151956
0 0.951042 0.353704 0.00520833 0.0203704 0.15487
0 0.278385 0.394444 0.0078125 0.0425926 0.157191
0 0.732552 0.361574 0.00885417 0.0416667 0.171778
0 0.58125 0.363426 0.00833333 0.037963 0.195566
0 0.84349 0.372685 0.00572917 0.0268519 0.218123
0 0.18125 0.330556 0.00625 0.0259259 0.230407
0 0.604948 0.359259 0.0109375 0.0425926 0.240817
0 0.355208 0.3875 0.0104167 0.0472222 0.272608
0 0.255208 0.40463 0.009375 0.0518519 0.280655
0 0.347656 0.387037 0.00989583 0.0537037 0.288561
0 0.553125 0.360185 0.0104167 0.0407407 0.328963
0 0.338281 0.389815 0.0109375 0.0444444 0.331142
0 0.192448 0.407407 0.00989583 0.0333333 0.402315
0 0.29974 0.396296 0.0140625 0.0481481 0.4265
0 0.569792 0.364352 0.00833333 0.0416667 0.457814
0 0.64375 0.357407 0.0104167 0.0481481 0.461809
0 0.654167 0.361111 0.0104167 0.0462963 0.487196
0 0.249479 0.411111 0.009375 0.0388889 0.489266
0 0.94349 0.372685 0.00885417 0.0416667 0.496154
0 0.0505208 0.350926 0.00625 0.0296296 0.501628
0 0.714583 0.357407 0.009375 0.05 0.502321
0 0.172917 0.416204 0.0104167 0.037963 0.508693
0 0.236719 0.411111 0.0119792 0.0444444 0.522358
0 0.37474 0.375926 0.00885417 0.037037 0.534028
0 0.147656 0.421296 0.0140625 0.0518519 0.537442
0 0.976302 0.359722 0.00572917 0.0342593 0.550892
0 0.55651 0.38287 0.00989583 0.0435185 0.591354
0 0.0203125 0.457407 0.0114583 0.0537037 0.595657
0 0.535677 0.378241 0.00989583 0.0453704 0.621679
0 0.866667 0.359722 0.0114583 0.0583333 0.633616
0 0.666927 0.369444 0.00989583 0.0425926 0.652314
0 0.223698 0.406019 0.0109375 0.0435185 0.691575
0 0.703385 0.3875 0.0203125 0.062037 0.718006
0 0.634635 0.374537 0.0119792 0.0527778 0.72762
0 0.161979 0.419444 0.009375 0.0462963 0.744233
0 0.771615 0.387037 0.0119792 0.0518519 0.770228
32 0.845573 0.4 0.00572917 0.0111111 0.77552
0 0.514583 0.382407 0.0145833 0.0907407 0.849837
0 0.751823 0.390278 0.0213542 0.0787037 0.859306
0 0.1 0.491204 0.025 0.125 0.860882
0 0.911198 0.412037 0.0348958 0.198148 0.864584
0 0.323177 0.452778 0.0286458 0.125926 0.906479
