0 0.653646 0.365741 0.00729167 0.037037 0.118011
0 0.196875 0.406944 0.00833333 0.0231481 0.118504
0 0.276302 0.398611 0.0078125 0.0342593 0.121451
0 0.669271 0.363889 0.00625 0.0407407 0.127475
0 0.129427 0.343981 0.00572917 0.0268519 0.128204
0 0.691146 0.365741 0.00833333 0.0388889 0.128548
0 0.677083 0.359259 0.0125 0.0388889 0.130074
0 0.336458 0.399074 0.0114583 0.0462963 0.130439
0 0.322396 0.39213 0.00833333 0.0342593 0.145195
0 0.430208 0.377778 0.00729167 0.0314815 0.17406
0 0.136458 0.428704 0.00625 0.0296296 0.185092
0 0.632812 0.379167 0.00625 0.0157407 0.185257
0 0.738802 0.365278 0.00885417 0.0509259 0.204316
0 0.470313 0.37963 0.0104167 0.0425926 0.210413
0 0.25651 0.403241 0.0078125 0.037963 0.219273
0 0.807031 0.36713 0.00885417 0.0398148 0.249032
0 0.776302 0.366667 0.0078125 0.0462963 0.267614
0 0.00390625 0.469444 0.0078125 0.0407407 0.283854
0 0.782552 0.364815 0.0078125 0.0481481 0.284579
0 0.748958 0.364352 0.0114583 0.0546296 0.32294
0 0.299479 0.397222 0.00833333 0.0407407 0.337729
0 0.0541667 0.44537 0.0125 0.0444444 0.344845
0 0.716406 0.360648 0.0109375 0.0490741 0.364399
0 0.0617188 0.444444 0.00885417 0.0425926 0.389226
0 0.453385 0.380093 0.0109375 0.0472222 0.401485
0 0.0760417 0.446759 0.0114583 0.0583333 0.401723
0 0.0835937 0.447685 0.0140625 0.0564815 0.409807
0 0.641667 0.365278 0.00833333 0.0398148 0.448644
0 0.19974 0.423148 0.0161458 0.0518519 0.472241
0 0.19349 0.424074 0.0109375 0.05 0.472389
0 0.703125 0.364352 0.009375 0.0435185 0.481148
0 0.529427 0.397222 0.0109375 0.0518519 0.530897
0 0.62474 0.365741 0.00885417 0.0388889 0.550377
0 0.788542 0.362963 0.00833333 0.0537037 0.563077
0 0.539323 0.385185 0.00989583 0.05 0.643179
0 0.213021 0.422685 0.0125 0.0472222 0.663909
0 0.0294271 0.464352 0.0182292 0.0675926 0.738068
0 0.832552 0.380556 0.0119792 0.0296296 0.767842
0 0.947396 0.36713 0.0104167 0.0638889 0.7774
0 0.727865 0.392593 0.0161458 0.0592593 0.811817
0 0.679948 0.391667 0.0182292 0.0592593 0.836001
0 0.308854 0.443519 0.015625 0.0851852 0.851898
0 0.521615 0.419907 0.0182292 0.0824074 0.867478
0 0.410677 0.406019 0.0151042 0.106481 0.872172
0 0.482292 0.422222 0.0270833 0.0907407 0.890495
0 0.983333 0.427778 0.0322917 0.218519 0.919335
0 0.133073 0.496296 0.0317708 0.118519 0.919587
0 0.563542 0.419907 0.0322917 0.0842593 0.928979
