0 0.609896 0.361574 0.00729167 0.037963 0.104426
0 0.670573 0.3625 0.00885417 0.0472222 0.117541
0 0.197135 0.32963 0.00572917 0.0240741 0.124736
0 0.596354 0.362037 0.00729167 0.0407407 0.130035
0 0.859635 0.371759 0.00677083 0.0268519 0.133779
0 0.801302 0.359722 0.00885417 0.0453704 0.177522
0 0.619531 0.359722 0.0119792 0.0435185 0.228358
0 0.326302 0.391667 0.0109375 0.0481481 0.231393
0 0.258073 0.406944 0.00885417 0.0453704 0.235346
0 0.334896 0.391204 0.00729167 0.0453704 0.241515
0 0.290104 0.391667 0.00625 0.0314815 0.244944
0 0.690365 0.359722 0.00989583 0.0527778 0.28984
0 0.363802 0.387963 0.00989583 0.0425926 0.292737
0 0.729167 0.358796 0.0104167 0.0527778 0.319439
0 0.645833 0.361574 0.009375 0.0435185 0.326734
0 0.38099 0.385648 0.00885417 0.0416667 0.329082
0 0.400521 0.373148 0.00833333 0.0333333 0.3404
0 0.373958 0.384259 0.00729167 0.0425926 0.341256
0 0.0671875 0.35 0.00625 0.0277778 0.346837
0 0.960677 0.371759 0.00989583 0.0490741 0.364228
0 0.585417 0.363426 0.00833333 0.0416667 0.370402
0 0.203125 0.411111 0.0104167 0.05 0.396082
0 0.659375 0.359722 0.0104167 0.0509259 0.404641
0 0.676562 0.37037 0.009375 0.0425926 0.425898
0 0.884635 0.359259 0.00989583 0.0555556 0.433635
0 0.252083 0.408333 0.009375 0.0462963 0.434743
0 0.210156 0.406481 0.00885417 0.037037 0.468397
0 0.351042 0.393056 0.0104167 0.0416667 0.473422
0 0.23776 0.411574 0.00885417 0.0435185 0.480056
0 0.773698 0.376389 0.0109375 0.0305556 0.484629
0 0.567969 0.3625 0.00885417 0.0416667 0.545688
0 0.556771 0.384259 0.00833333 0.0462963 0.604663
0 0.191927 0.413426 0.00989583 0.0472222 0.621508
0 0.626042 0.377778 0.0125 0.0537037 0.630837
0 0.534115 0.380556 0.00885417 0.0444444 0.68014
0 0.126302 0.426389 0.00989583 0.0453704 0.701902
0 0.721354 0.3875 0.0114583 0.0601852 0.705743
0 0.0729167 0.443519 0.0145833 0.0555556 0.738467
0 0.763542 0.383333 0.015625 0.0592593 0.759666
0 0.697396 0.391667 0.0166667 0.0777778 0.78784
32 0.808594 0.400463 0.00677083 0.012037 0.822813
0 0.116667 0.486574 0.0229167 0.125 0.849885
0 0.741927 0.397685 0.0182292 0.0768519 0.854679
0 0.503385 0.385648 0.0234375 0.0916667 0.871478
0 0.291667 0.458796 0.0322917 0.123148 0.889943
0 0.928385 0.414815 0.0338542 0.2 0.891865
