0 0.970312 0.373611 0.0104167 0.0527778 0.110574
0 0.821354 0.369907 0.00625 0.0472222 0.113245
0 0.0276042 0.455556 0.00833333 0.0314815 0.135572
0 0.824479 0.37037 0.00729167 0.0481481 0.153257
0 0.317708 0.395833 0.00625 0.0342593 0.154031
0 0.81901 0.372222 0.00677083 0.0462963 0.160796
26 0.1 0.481481 0.0114583 0.0277778 0.188222
0 0.709635 0.36713 0.00677083 0.0416667 0.193999
0 0.150521 0.430556 0.00729167 0.0296296 0.197011
0 0.744792 0.366667 0.00833333 0.0407407 0.197093
0 0.297396 0.325463 0.00625 0.0268519 0.204788
0 0.0109375 0.458333 0.0104167 0.0462963 0.206267
0 0.485938 0.377315 0.00729167 0.0324074 0.235877
0 0.673698 0.381944 0.0046875 0.0157407 0.248651
32 0.585677 0.460648 0.0109375 0.0157407 0.249789
0 0.0867188 0.440741 0.00989583 0.0407407 0.268188
0 0.0677083 0.443519 0.00833333 0.0444444 0.283362
0 0.421615 0.384722 0.0151042 0.0546296 0.283837
0 0.0958333 0.436574 0.0104167 0.037963 0.293519
0 0.85 0.371296 0.0104167 0.0444444 0.297308
0 0.466667 0.381944 0.00833333 0.0361111 0.321591
0 0.369792 0.390741 0.00729167 0.0351852 0.328829
0 0.791146 0.368519 0.0104167 0.0537037 0.32888
0 0.780729 0.370833 0.0104167 0.0490741 0.349414
0 0.83125 0.367593 0.00833333 0.0537037 0.362149
0 0.757552 0.365741 0.00989583 0.0518519 0.362591
0 0.718229 0.364815 0.0114583 0.0425926 0.392296
0 0.527604 0.394907 0.0104167 0.0453704 0.403033
0 0.10599 0.4375 0.00989583 0.037963 0.409832
0 0.128646 0.442593 0.00833333 0.05 0.428333
0 0.505208 0.37963 0.0104167 0.0462963 0.453003
0 0.0382813 0.452315 0.0130208 0.0416667 0.455309
0 0.123438 0.443056 0.00833333 0.0509259 0.467676
0 0.665625 0.368519 0.00833333 0.0388889 0.477545
0 0.390885 0.390741 0.0119792 0.0425926 0.504252
0 0.682031 0.368056 0.00885417 0.0435185 0.514802
0 0.99349 0.372222 0.0119792 0.0611111 0.554603
0 0.765365 0.378704 0.0151042 0.0407407 0.605874
0 0.196615 0.42037 0.00885417 0.0407407 0.629057
0 0.214062 0.427778 0.0135417 0.05 0.666794
0 0.875781 0.3875 0.0130208 0.0305556 0.670275
0 0.233073 0.423148 0.0130208 0.0462963 0.688161
0 0.0609375 0.45787 0.0104167 0.0435185 0.735754
0 0.175521 0.428241 0.0145833 0.0490741 0.759799
0 0.571615 0.425 0.0244792 0.0851852 0.77189
0 0.535156 0.402315 0.0161458 0.0564815 0.782426
0 0.0997396 0.503704 0.0234375 0.112963 0.820091
0 0.583333 0.41713 0.021875 0.087963 0.827155
0 0.420573 0.439352 0.0307292 0.10463 0.849988
0 0.70026 0.400926 0.0192708 0.062963 0.871292
0 0.738281 0.402315 0.0203125 0.0638889 0.89919
0 0.364844 0.44537 0.0223958 0.0962963 0.917865
