34 0.932813 0.406019 0.0114583 0.0212963 0.100965
0 0.116146 0.351852 0.00625 0.0240741 0.103161
0 0.81875 0.372222 0.0104167 0.0203704 0.116332
0 0.24974 0.394444 0.00885417 0.0203704 0.136024
0 0.63724 0.358333 0.0119792 0.0444444 0.140855
0 0.340885 0.3875 0.0078125 0.0435185 0.144384
0 0.923177 0.350463 0.00677083 0.0231481 0.173863
0 0.747396 0.348611 0.00833333 0.0342593 0.17908
0 0.995052 0.353241 0.0078125 0.0194444 0.179366
0 0.895573 0.355556 0.00677083 0.037037 0.181689
0 0.286198 0.39213 0.0078125 0.0324074 0.197798
0 0.766406 0.361574 0.0109375 0.0416667 0.199537
0 0.3625 0.388889 0.0104167 0.0462963 0.210246
0 0.355729 0.388889 0.009375 0.05 0.227603
0 0.736458 0.360185 0.00833333 0.0462963 0.23832
0 0.215104 0.328704 0.00520833 0.0259259 0.242881
0 0.663021 0.360648 0.009375 0.0416667 0.272036
0 0.878125 0.373148 0.00625 0.0277778 0.276634
0 0.407813 0.381481 0.009375 0.0425926 0.27969
0 0.313021 0.388426 0.00833333 0.037963 0.300491
0 0.676302 0.35787 0.00989583 0.0490741 0.310848
0 0.325781 0.387963 0.0078125 0.0333333 0.313145
0 0.272396 0.395833 0.0125 0.0435185 0.314236
0 0.719271 0.382407 0.0125 0.0388889 0.325027
0 0.29401 0.39537 0.00677083 0.0388889 0.343802
0 0.00442708 0.46713 0.00885417 0.0509259 0.348573
0 0.442187 0.375 0.0104167 0.0425926 0.352757
0 0.395833 0.383796 0.009375 0.0416667 0.355691
0 0.431771 0.369907 0.00625 0.0342593 0.377739
0 0.601823 0.362963 0.0078125 0.0425926 0.388028
0 0.689323 0.368981 0.00885417 0.0435185 0.427361
0 0.0864583 0.348611 0.00625 0.0268519 0.436206
0 0.414323 0.374537 0.00885417 0.0416667 0.439599
0 0.134115 0.431944 0.0161458 0.0546296 0.485327
0 0.227083 0.40787 0.00833333 0.0453704 0.526561
0 0.56849 0.386574 0.00989583 0.0435185 0.558154
0 0.585156 0.361574 0.00885417 0.0416667 0.562952
0 0.903385 0.358796 0.0109375 0.0564815 0.564486
0 0.236979 0.412963 0.0125 0.0537037 0.587089
0 0.791146 0.375926 0.0114583 0.0296296 0.588697
0 0.979948 0.374537 0.00885417 0.0435185 0.589252
0 0.169531 0.418056 0.0109375 0.0435185 0.591407
0 0.617448 0.37963 0.0109375 0.0574074 0.625497
0 0.723437 0.402778 0.0135417 0.037037 0.625655
0 0.54349 0.378704 0.0078125 0.0444444 0.637822
0 0.0135417 0.462963 0.015625 0.0537037 0.757357
0 0.742188 0.386574 0.0177083 0.0638889 0.759191
0 0.705469 0.401852 0.0161458 0.0777778 0.811494
0 0.480729 0.389815 0.0145833 0.0962963 0.869008
0 0.133854 0.485185 0.0302083 0.122222 0.891544
0 0.946875 0.415741 0.0302083 0.203704 0.899646
0 0.640365 0.40787 0.0276042 0.0787037 0.901496
0 0.246615 0.461574 0.0265625 0.113889 0.912304
