0 0.570833 0.376852 0.009375 0.0425926 0.100529
0 0.201042 0.431944 0.00625 0.0435185 0.108432
0 0.351042 0.323611 0.00520833 0.025 0.111452
0 0.88125 0.374537 0.00625 0.0527778 0.11838
0 0.557813 0.37963 0.00625 0.0407407 0.121911
0 0.906771 0.377315 0.0104167 0.0453704 0.124083
0 0.608594 0.375463 0.0078125 0.0398148 0.128033
0 0.228385 0.337963 0.00572917 0.0259259 0.132705
1 0.602604 0.381944 0.0104167 0.0287037 0.134013
0 0.18776 0.435185 0.00677083 0.0462963 0.147741
0 0.785156 0.372685 0.00885417 0.0435185 0.156022
0 0.584375 0.378704 0.00833333 0.0388889 0.157886
0 0.835938 0.375463 0.0104167 0.0490741 0.167334
0 0.614323 0.376389 0.0078125 0.0398148 0.167583
0 0.114063 0.439815 0.0114583 0.0388889 0.192678
0 0.420052 0.385648 0.0078125 0.0324074 0.197806
0 0.154687 0.430093 0.00833333 0.037963 0.21271
0 0.772656 0.368981 0.0119792 0.0453704 0.220487
0 0.0973958 0.442593 0.00833333 0.0425926 0.227862
0 0.367188 0.399074 0.0104167 0.0481481 0.246157
0 0.642448 0.365741 0.0078125 0.0296296 0.251852
0 0.676302 0.371759 0.00989583 0.0453704 0.254334
0 0.258333 0.422685 0.0104167 0.0472222 0.255333
0 0.846615 0.373611 0.0130208 0.0564815 0.26615
0 0.735417 0.37037 0.00833333 0.0425926 0.274322
0 0.542969 0.377315 0.0078125 0.0361111 0.280051
0 0.0195312 0.468981 0.0119792 0.0490741 0.285827
0 0.235417 0.425926 0.009375 0.0462963 0.288652
0 0.0859375 0.44213 0.00729167 0.0416667 0.33809
0 0.427604 0.388426 0.00833333 0.0342593 0.348298
0 0.717969 0.371296 0.0078125 0.0407407 0.360205
0 0.464844 0.387037 0.0109375 0.0407407 0.364017
0 0.228125 0.431944 0.0114583 0.0398148 0.368087
0 0.196354 0.434259 0.0114583 0.05 0.381731
0 0.799479 0.372222 0.009375 0.0481481 0.398128
0 0.813021 0.371759 0.0104167 0.0564815 0.43345
0 0.18099 0.435185 0.0140625 0.0574074 0.437076
0 0.443229 0.3875 0.00833333 0.037963 0.439601
0 0.517708 0.385185 0.0114583 0.0444444 0.468641
0 0.216667 0.418981 0.00833333 0.0453704 0.482309
0 0.29375 0.410648 0.0104167 0.0490741 0.488548
0 0.139844 0.444907 0.0119792 0.0416667 0.491649
0 0.0567708 0.453704 0.0114583 0.0444444 0.49643
0 0.819792 0.382407 0.0145833 0.0444444 0.497064
0 0.657812 0.367593 0.00625 0.0388889 0.519678
0 0.88776 0.373611 0.00885417 0.0583333 0.52901
0 0.25599 0.475 0.0265625 0.0944444 0.644253
0 0.933073 0.394907 0.0130208 0.0305556 0.660058
0 0.497135 0.404167 0.0130208 0.0527778 0.705442
0 0.236979 0.481481 0.028125 0.1 0.774487
32 0.498958 0.474074 0.009375 0.0166667 0.843011
0 0.726302 0.411111 0.0203125 0.0796296 0.847771
0 0.744531 0.413426 0.0255208 0.0824074 0.887082
0 0.0403646 0.5125 0.0203125 0.106481 0.901587
0 0.483594 0.439352 0.0234375 0.0990741 0.904047
0 0.410937 0.418981 0.0270833 0.112037 0.908221
0 0.57526 0.419907 0.0244792 0.0805556 0.913632
