0 0.728125 0.368981 0.00729167 0.0416667 0.101537
0 0.516406 0.379167 0.0109375 0.0453704 0.125654
0 0.84401 0.37037 0.0078125 0.05 0.128076
0 0.545833 0.377315 0.009375 0.037963 0.130008
0 0.0502604 0.451389 0.00885417 0.0324074 0.135927
13 0.0153646 0.461574 0.0286458 0.0287037 0.14215
0 0.105729 0.429167 0.00729167 0.0231481 0.150152
0 0.384375 0.391204 0.00833333 0.037963 0.172981
0 0.505729 0.380093 0.009375 0.0453704 0.180301
0 0.38776 0.390741 0.0078125 0.037037 0.180412
0 0.442969 0.39213 0.0109375 0.0453704 0.209395
0 0.73724 0.36713 0.00989583 0.0435185 0.209894
0 0.838802 0.373611 0.0078125 0.0453704 0.21
0 0.691667 0.382407 0.00625 0.0166667 0.214407
0 0.167187 0.428241 0.00729167 0.0305556 0.256148
0 0.79974 0.371759 0.00989583 0.0490741 0.277523
0 0.556771 0.376389 0.00729167 0.0398148 0.288359
29 0.103906 0.502315 0.0151042 0.0231481 0.296262
0 0.192448 0.339815 0.00572917 0.0277778 0.310797
0 0.48776 0.37963 0.00677083 0.0333333 0.314923
0 0.869531 0.374074 0.0119792 0.0462963 0.332406
0 0.700521 0.368981 0.00833333 0.0416667 0.357051
0 0.763281 0.369444 0.00989583 0.0462963 0.362899
0 0.410677 0.389352 0.0119792 0.0416667 0.375092
0 0.810677 0.37037 0.0109375 0.0555556 0.388569
0 0.776563 0.368519 0.0104167 0.0537037 0.393156
0 0.52526 0.380556 0.00989583 0.0481481 0.447136
0 0.0601562 0.449074 0.0109375 0.0388889 0.457869
0 0.209115 0.418981 0.0078125 0.037963 0.458268
0 0.127604 0.434259 0.00833333 0.0388889 0.52141
0 0.14349 0.438889 0.0078125 0.05 0.524387
0 0.783854 0.378241 0.0145833 0.0453704 0.536764
0 0.850521 0.369907 0.009375 0.0546296 0.54026
0 0.201302 0.425 0.00989583 0.0481481 0.567433
0 0.0351562 0.455556 0.0130208 0.0462963 0.571303
0 0.14974 0.436574 0.00989583 0.0564815 0.5963
0 0.683333 0.367593 0.00833333 0.0425926 0.622738
0 0.0830729 0.453704 0.00989583 0.0388889 0.629219
0 0.533073 0.399074 0.0151042 0.0481481 0.653151
0 0.229948 0.425926 0.0119792 0.0462963 0.680349
0 0.542448 0.404167 0.0171875 0.0546296 0.690944
0 0.120052 0.444907 0.0161458 0.0601852 0.693264
0 0.895052 0.389815 0.0130208 0.0296296 0.702611
0 0.248958 0.421759 0.0114583 0.0490741 0.707226
32 0.584635 0.463889 0.00989583 0.0166667 0.781946
0 0.566406 0.425926 0.0234375 0.0981481 0.798412
0 0.413281 0.440278 0.0328125 0.0990741 0.806257
0 0.584375 0.423148 0.0302083 0.0833333 0.837061
0 0.436198 0.412037 0.0265625 0.105556 0.839767
0 0.751562 0.399537 0.0145833 0.0768519 0.859426
0 0.711719 0.402778 0.0213542 0.0666667 0.884639
0 0.104427 0.499537 0.0265625 0.119444 0.902399
0 0.378646 0.447222 0.025 0.0981481 0.917039
