0 0.54974 0.380093 0.00989583 0.0453704 0.106267
0 0.766406 0.360648 0.0130208 0.0287037 0.108476
0 0.129948 0.437037 0.0078125 0.037037 0.134965
0 0.421094 0.389352 0.0109375 0.0361111 0.139662
0 0.00364583 0.476389 0.00729167 0.0416667 0.141133
0 0.364323 0.393056 0.00885417 0.0342593 0.146556
0 0.0721354 0.446759 0.0078125 0.0453704 0.153074
0 0.0989583 0.442593 0.0104167 0.0388889 0.185369
0 0.777865 0.372685 0.00989583 0.0435185 0.191063
0 0.0765625 0.446759 0.0114583 0.0435185 0.21382
0 0.528125 0.384722 0.0135417 0.0416667 0.213857
0 0.577604 0.375926 0.0104167 0.037037 0.231232
0 0.601302 0.377315 0.00677083 0.037963 0.231804
0 0.720833 0.385648 0.00625 0.0175926 0.236977
0 0.592188 0.376389 0.009375 0.0416667 0.244668
0 0.169271 0.433333 0.00833333 0.0425926 0.253716
0 0.829948 0.373611 0.0078125 0.0490741 0.257149
0 0.643229 0.369907 0.009375 0.0435185 0.292094
0 0.729688 0.368056 0.009375 0.0361111 0.30468
0 0.360156 0.451389 0.0192708 0.0972222 0.308607
0 0.792448 0.371296 0.00989583 0.0444444 0.321387
0 0.142448 0.431019 0.00677083 0.037963 0.324458
0 0.183594 0.436111 0.00885417 0.0462963 0.327598
0 0.841667 0.372222 0.0104167 0.0555556 0.337606
0 0.122135 0.445833 0.0078125 0.0435185 0.34614
0 0.394531 0.404167 0.0109375 0.037963 0.357441
0 0.176563 0.437037 0.009375 0.0444444 0.371232
0 0.266146 0.42037 0.0104167 0.0481481 0.406825
0 0.559896 0.37963 0.0114583 0.0444444 0.413941
0 0.629427 0.366204 0.00572917 0.0305556 0.415127
0 0.90026 0.376389 0.0109375 0.0453704 0.428618
0 0.257812 0.416667 0.0104167 0.05 0.43509
0 0.88099 0.372685 0.00885417 0.0583333 0.469445
0 0.192448 0.423148 0.0109375 0.0425926 0.470998
0 0.244271 0.426852 0.009375 0.0481481 0.482546
0 0.80651 0.369907 0.00989583 0.0527778 0.486038
0 0.490625 0.385648 0.0114583 0.0435185 0.491615
0 0.813542 0.381481 0.015625 0.0481481 0.507602
0 0.215625 0.42037 0.00833333 0.0407407 0.513273
0 0.449219 0.388889 0.00989583 0.0407407 0.546887
0 0.161198 0.438889 0.0140625 0.0611111 0.614842
0 0.0325521 0.459259 0.0130208 0.05 0.652466
0 0.7125 0.371759 0.00833333 0.0416667 0.675953
0 0.926562 0.393056 0.0125 0.0305556 0.717633
32 0.539844 0.463426 0.0119792 0.0157407 0.744277
0 0.764063 0.40463 0.015625 0.0833333 0.842657
0 0.73099 0.410648 0.0192708 0.0675926 0.876889
0 0.527344 0.433333 0.0296875 0.0777778 0.878058
0 0.348437 0.462037 0.046875 0.114815 0.878443
0 0.0901042 0.505093 0.0302083 0.115741 0.880852
0 0.440625 0.414815 0.0270833 0.107407 0.8848
0 0.572135 0.421296 0.0286458 0.0851852 0.89323
