0 0.285156 0.396759 0.00989583 0.037963 0.101136
0 0.685938 0.349537 0.0114583 0.0212963 0.106347
0 0.733854 0.369444 0.00833333 0.0462963 0.107111
0 0.785417 0.366204 0.00729167 0.0453704 0.120166
0 0.699479 0.3625 0.009375 0.0416667 0.136794
0 0.677344 0.362037 0.0078125 0.0425926 0.143783
0 0.48125 0.378704 0.009375 0.037037 0.145842
0 0.0158854 0.457407 0.00885417 0.0444444 0.145939
0 0.664062 0.363889 0.00729167 0.037037 0.15163
37 0.32526 0.473148 0.0151042 0.00925926 0.15306
0 0.509115 0.366204 0.0078125 0.0324074 0.162518
0 0.817187 0.365741 0.009375 0.0407407 0.163718
0 0.218229 0.412037 0.00520833 0.0296296 0.166127
0 0.335417 0.387963 0.00833333 0.0314815 0.181547
0 0.422917 0.381944 0.0104167 0.0453704 0.184299
0 0.265104 0.325926 0.00625 0.0259259 0.196991
0 0.471875 0.379167 0.009375 0.0398148 0.197271
0 0.0268229 0.456481 0.00989583 0.0351852 0.20396
0 0.758854 0.3625 0.0104167 0.0546296 0.21339
0 0.267448 0.402315 0.0078125 0.0416667 0.222459
0 0.93099 0.378241 0.00677083 0.0305556 0.22836
0 0.641667 0.377315 0.00625 0.0157407 0.259229
0 0.596354 0.364815 0.0104167 0.0407407 0.260877
0 0.31224 0.398148 0.0109375 0.0407407 0.287488
0 0.240885 0.419444 0.00989583 0.0425926 0.292876
0 0.500521 0.369907 0.00833333 0.0398148 0.307115
0 0.0328125 0.440278 0.009375 0.025 0.320942
0 0.410156 0.380093 0.00677083 0.0324074 0.321912
0 0.386458 0.388426 0.009375 0.0398148 0.323368
0 0.65 0.364352 0.00833333 0.0416667 0.328984
0 0.373177 0.396296 0.0078125 0.0407407 0.334296
0 0.436719 0.381944 0.0109375 0.0490741 0.359552
0 0.167708 0.338889 0.00729167 0.0407407 0.369671
0 0.711979 0.362037 0.009375 0.0444444 0.373826
0 0.277083 0.406481 0.0114583 0.05 0.392654
0 0.0817708 0.450463 0.009375 0.0490741 0.400481
0 0.797917 0.361574 0.00833333 0.0527778 0.404152
0 0.582292 0.382407 0.009375 0.0425926 0.43689
0 0.0875 0.450463 0.0104167 0.0490741 0.464048
0 0.0518229 0.448148 0.00989583 0.0388889 0.472566
0 0.138802 0.343519 0.00572917 0.0259259 0.492533
0 0.72526 0.359722 0.00989583 0.0490741 0.53668
0 0.739583 0.382407 0.0166667 0.0537037 0.59688
0 0.0078125 0.460648 0.0145833 0.0509259 0.604735
0 0.258073 0.415741 0.0130208 0.0462963 0.615149
0 0.632812 0.3625 0.00833333 0.0416667 0.682968
0 0.841667 0.380093 0.0125 0.0287037 0.686597
0 0.530469 0.40463 0.0119792 0.0685185 0.717009
0 0.688281 0.384722 0.0151042 0.0472222 0.731101
32 0.542448 0.440741 0.0078125 0.012963 0.764806
0 0.542188 0.412037 0.0239583 0.0759259 0.767582
0 0.957812 0.364815 0.0104167 0.0574074 0.776034
0 0.571094 0.392593 0.0151042 0.0722222 0.79049
0 0.455208 0.398148 0.0177083 0.0981481 0.795385
0 0.324479 0.439815 0.01875 0.0703704 0.855358
0 0.141146 0.488889 0.0302083 0.12037 0.901786
0 0.989323 0.427778 0.0213542 0.218519 0.915919
