0 0.465365 0.378704 0.00885417 0.0407407 0.100696
0 0.323438 0.389815 0.009375 0.0314815 0.103086
0 0.394792 0.381019 0.00833333 0.0342593 0.104444
0 0.155208 0.341667 0.00729167 0.0351852 0.110916
0 0.303385 0.393981 0.00885417 0.0305556 0.111557
0 0.552604 0.366204 0.00729167 0.0361111 0.116145
0 0.779688 0.363889 0.00729167 0.0462963 0.116624
0 0.253125 0.325926 0.00625 0.0259259 0.121703
0 0.25625 0.412037 0.0125 0.0481481 0.133576
0 0.773438 0.364815 0.00729167 0.0462963 0.143289
0 0.00338542 0.458796 0.00677083 0.0435185 0.149611
0 0.406771 0.383333 0.00729167 0.0462963 0.157951
0 0.803646 0.365278 0.009375 0.0416667 0.186784
0 0.457292 0.378241 0.00833333 0.0416667 0.193657
0 0.665625 0.3625 0.00833333 0.0435185 0.19776
0 0.49375 0.366667 0.00833333 0.0314815 0.198053
0 0.629948 0.377315 0.00572917 0.0157407 0.202144
0 0.21849 0.411111 0.00572917 0.0277778 0.223745
0 0.918229 0.376852 0.00625 0.0277778 0.229228
0 0.745573 0.3625 0.0109375 0.0546296 0.231367
0 0.00755208 0.460648 0.0140625 0.0342593 0.231463
0 0.639323 0.363889 0.00989583 0.0407407 0.233657
0 0.67474 0.360185 0.0109375 0.0425926 0.234954
0 0.422656 0.383333 0.00989583 0.0462963 0.236291
0 0.890885 0.364352 0.00989583 0.0453704 0.240545
36 0.44974 0.443981 0.0151042 0.00833333 0.266434
0 0.364323 0.394444 0.0078125 0.0444444 0.27448
0 0.432813 0.38287 0.009375 0.0435185 0.320502
0 0.484635 0.370833 0.0078125 0.0398148 0.339261
0 0.370313 0.387963 0.00729167 0.037037 0.3405
0 0.0739583 0.453704 0.00833333 0.0481481 0.347844
0 0.785417 0.362037 0.00833333 0.0537037 0.352341
0 0.275521 0.399074 0.009375 0.0388889 0.352936
36 0.30651 0.473611 0.0171875 0.012037 0.367839
0 0.296354 0.397685 0.009375 0.0416667 0.368162
0 0.7 0.3625 0.009375 0.0435185 0.390406
0 0.725 0.372685 0.009375 0.0435185 0.410351
0 0.0174479 0.448148 0.00989583 0.0388889 0.437425
0 0.571875 0.381944 0.0104167 0.0435185 0.456032
0 0.126302 0.344444 0.00572917 0.0259259 0.467083
0 0.0361979 0.45 0.00989583 0.0388889 0.486933
0 0.713542 0.359722 0.0104167 0.0490741 0.558035
0 0.250781 0.412963 0.0109375 0.0537037 0.595755
0 0.53151 0.394907 0.0119792 0.0509259 0.597754
0 0.0695312 0.453704 0.0130208 0.0518519 0.601724
32 0.540104 0.446296 0.009375 0.0148148 0.620291
0 0.621354 0.3625 0.00833333 0.0416667 0.626223
0 0.828906 0.378704 0.0119792 0.0277778 0.688112
0 0.563021 0.392593 0.0114583 0.0685185 0.718087
0 0.235677 0.418519 0.0109375 0.0462963 0.73566
0 0.734115 0.381481 0.0119792 0.0592593 0.757881
0 0.944531 0.364815 0.0109375 0.0611111 0.765556
0 0.682552 0.381481 0.0130208 0.05 0.777432
0 0.518229 0.406481 0.015625 0.0666667 0.79576
0 0.449219 0.396759 0.0161458 0.0990741 0.800013
0 0.539844 0.410185 0.0265625 0.0740741 0.847179
0 0.120052 0.491204 0.0192708 0.121296 0.890227
0 0.302344 0.4375 0.0223958 0.0805556 0.892143
0 0.982552 0.424537 0.0338542 0.215741 0.918098
