0 0.24974 0.397222 0.00885417 0.0296296 0.101974
0 0.63151 0.362963 0.00677083 0.0444444 0.107594
0 0.257031 0.401852 0.00989583 0.037037 0.130108
36 0.102865 0.549537 0.0109375 0.012037 0.137379
32 0.579427 0.456019 0.0109375 0.0101852 0.159755
38 0.936198 0.407407 0.0119792 0.0222222 0.189903
0 0.73724 0.3625 0.0078125 0.0435185 0.190946
0 0.289323 0.389815 0.00885417 0.0314815 0.195295
0 0.361719 0.385185 0.00885417 0.0481481 0.19969
0 0.423177 0.380093 0.0109375 0.0435185 0.202428
0 0.0252604 0.460185 0.0078125 0.0481481 0.209014
0 0.378125 0.385185 0.0104167 0.0462963 0.209914
0 0.665885 0.361111 0.00885417 0.0425926 0.215558
0 0.414062 0.381019 0.0104167 0.0416667 0.219259
0 0.640365 0.359722 0.0119792 0.0453704 0.229225
0 0.332031 0.385648 0.00989583 0.0435185 0.248157
0 0.345052 0.394444 0.0119792 0.0462963 0.253294
0 0.679167 0.356481 0.0104167 0.0462963 0.267421
0 0.385938 0.386574 0.00729167 0.0453704 0.270493
0 0.604427 0.363426 0.00885417 0.0416667 0.279199
0 0.45026 0.369907 0.00885417 0.0324074 0.279247
0 0.217708 0.328241 0.00625 0.025 0.318218
0 0.844792 0.362037 0.0125 0.0462963 0.318312
0 0.88125 0.374537 0.00625 0.0287037 0.336363
0 0.477344 0.373148 0.0161458 0.0425926 0.345859
0 0.58776 0.363889 0.00885417 0.0388889 0.366559
0 0.320573 0.391667 0.00677083 0.0388889 0.396711
0 0.769271 0.362963 0.0114583 0.0444444 0.396945
0 0.501823 0.369444 0.00885417 0.037037 0.405655
0 0.56901 0.386111 0.0109375 0.0574074 0.436526
0 0.75026 0.358796 0.00885417 0.0546296 0.465776
0 0.271354 0.396296 0.00833333 0.037037 0.472015
0 0.995833 0.365278 0.00833333 0.0453704 0.473265
0 0.523958 0.39213 0.00729167 0.0509259 0.475802
0 0.79401 0.377315 0.0130208 0.0287037 0.502433
0 0.692448 0.37037 0.00989583 0.0444444 0.503431
0 0.217448 0.416204 0.00989583 0.0490741 0.533917
0 0.198177 0.411574 0.00677083 0.0435185 0.539033
0 0.0895833 0.348148 0.00625 0.0277778 0.547563
0 0.232292 0.414815 0.0125 0.05 0.597823
0 0.983073 0.378241 0.00885417 0.0398148 0.60107
0 0.545573 0.380556 0.00885417 0.0425926 0.611061
0 0.185937 0.42037 0.0104167 0.0518519 0.65017
0 0.0307292 0.459722 0.0135417 0.0509259 0.690191
0 0.710156 0.383333 0.0140625 0.0611111 0.760484
0 0.67474 0.384259 0.0151042 0.0481481 0.767468
0 0.90651 0.361574 0.0109375 0.0583333 0.779019
32 0.590625 0.453704 0.009375 0.0166667 0.852826
0 0.438281 0.397222 0.0265625 0.1 0.860723
0 0.515365 0.405556 0.0213542 0.0796296 0.868787
0 0.95026 0.42037 0.0307292 0.209259 0.87277
0 0.579427 0.412037 0.0255208 0.0981481 0.873473
0 0.25026 0.446759 0.0161458 0.0916667 0.881587
0 0.10026 0.493519 0.0192708 0.124074 0.890945
