0 0.770833 0.362963 0.00833333 0.0388889 0.101222
0 0.923177 0.349074 0.0078125 0.0222222 0.105944
0 0.63724 0.358333 0.0130208 0.0444444 0.131353
0 0.123177 0.336111 0.0119792 0.05 0.139466
0 0.211979 0.406481 0.00833333 0.0388889 0.146415
0 0.128125 0.416667 0.00729167 0.0203704 0.160149
0 0.43724 0.372222 0.00885417 0.0333333 0.16042
0 0.746094 0.355093 0.0130208 0.0490741 0.163626
0 0.396615 0.383796 0.0109375 0.0416667 0.169512
0 0.411979 0.377315 0.0104167 0.0472222 0.19691
0 0.286198 0.392593 0.0078125 0.0351852 0.20107
0 0.99349 0.353241 0.00677083 0.0212963 0.20941
0 0.765104 0.362037 0.009375 0.0425926 0.225269
0 0.407813 0.378704 0.0104167 0.0481481 0.225798
0 0.43151 0.37037 0.00677083 0.0333333 0.228119
0 0.877865 0.373611 0.00572917 0.0287037 0.230935
0 0.66276 0.360648 0.00885417 0.0435185 0.253344
0 0.828385 0.356944 0.00989583 0.0527778 0.254603
0 0.35599 0.388426 0.00989583 0.0490741 0.256655
0 0.361979 0.388889 0.009375 0.0462963 0.273897
0 0.324219 0.388426 0.00989583 0.0324074 0.282482
0 0.270312 0.394907 0.0114583 0.0416667 0.284384
0 0.214844 0.328241 0.00572917 0.025 0.294052
0 0.315104 0.388426 0.00729167 0.0361111 0.302507
0 0.736198 0.362037 0.0078125 0.0462963 0.329174
0 0.676302 0.35787 0.0109375 0.0490741 0.331511
0 0.292969 0.39537 0.0078125 0.0407407 0.337375
0 0.236458 0.411111 0.0114583 0.0518519 0.337717
0 0.0864583 0.348611 0.00625 0.0268519 0.345373
0 0.601823 0.3625 0.0078125 0.0416667 0.390062
0 0.689062 0.368056 0.009375 0.0453704 0.447367
0 0.226042 0.40787 0.0104167 0.0472222 0.473869
0 0.584375 0.361574 0.009375 0.0416667 0.485072
0 0.00442708 0.469444 0.00885417 0.0481481 0.487898
0 0.979688 0.374537 0.00833333 0.0435185 0.54119
0 0.167708 0.419444 0.0104167 0.0425926 0.563097
0 0.790885 0.375926 0.0119792 0.0296296 0.567589
0 0.746615 0.384722 0.0130208 0.0675926 0.624772
0 0.903125 0.358796 0.0104167 0.0564815 0.642633
0 0.54349 0.379167 0.0078125 0.0435185 0.643264
0 0.724479 0.392593 0.01875 0.0574074 0.667684
0 0.56875 0.386111 0.0104167 0.0444444 0.682328
0 0.617448 0.37963 0.0130208 0.0574074 0.693257
0 0.0127604 0.463889 0.0140625 0.0537037 0.776354
0 0.707552 0.399537 0.0223958 0.0842593 0.85651
0 0.484635 0.389352 0.0192708 0.0953704 0.890269
0 0.134115 0.485185 0.0296875 0.122222 0.901906
0 0.946875 0.415278 0.0302083 0.202778 0.903514
0 0.645833 0.400463 0.03125 0.0768519 0.909851
0 0.247396 0.461574 0.0260417 0.115741 0.917773
