0 0.815885 0.372222 0.0078125 0.0444444 0.113029
0 0.0921875 0.433796 0.0104167 0.0305556 0.116823
0 0.741146 0.365278 0.009375 0.0398148 0.119901
0 0.691406 0.366667 0.00677083 0.037037 0.120952
0 0.356771 0.384259 0.00833333 0.0222222 0.122254
0 0.821875 0.369444 0.00833333 0.05 0.129137
0 0.705729 0.367593 0.00729167 0.0425926 0.129271
0 0.486979 0.380556 0.0135417 0.0425926 0.143034
0 0.170052 0.341204 0.00572917 0.0268519 0.165756
0 0.314844 0.39537 0.00677083 0.0333333 0.165984
0 0.00442708 0.452315 0.0078125 0.025 0.171462
0 0.294531 0.325463 0.00572917 0.0268519 0.178586
0 0.670313 0.381019 0.00625 0.0175926 0.198252
0 0.847135 0.370833 0.00989583 0.0453704 0.248224
0 0.715365 0.365278 0.0119792 0.0435185 0.255569
0 0.966146 0.372685 0.0125 0.0527778 0.260241
0 0.778646 0.37037 0.0104167 0.05 0.273977
0 0.788542 0.368981 0.0104167 0.0527778 0.293333
0 0.0632813 0.446296 0.0078125 0.0388889 0.296161
0 0.420833 0.387963 0.0166667 0.0648148 0.303419
0 0.754167 0.365741 0.0114583 0.05 0.317226
0 0.502344 0.379167 0.00989583 0.0453704 0.337979
0 0.0338542 0.453241 0.0135417 0.0398148 0.342615
0 0.148698 0.431481 0.00677083 0.0296296 0.374423
0 0.525781 0.396759 0.0109375 0.0435185 0.376579
0 0.463281 0.381019 0.0078125 0.0342593 0.401583
0 0.679167 0.368519 0.00833333 0.0425926 0.412531
0 0.126042 0.443519 0.00833333 0.0481481 0.412682
0 0.365885 0.397222 0.00885417 0.0481481 0.420593
0 0.38724 0.391204 0.0119792 0.0416667 0.463219
0 0.103646 0.4375 0.009375 0.0398148 0.477237
0 0.828385 0.368056 0.0078125 0.0546296 0.481706
0 0.7625 0.377315 0.015625 0.0435185 0.508895
0 0.120312 0.443519 0.00729167 0.05 0.527074
0 0.195052 0.419907 0.0078125 0.0398148 0.629589
0 0.66276 0.368056 0.00885417 0.0416667 0.640161
0 0.872135 0.387037 0.0130208 0.0296296 0.668175
0 0.211458 0.427315 0.0135417 0.0490741 0.692503
0 0.0575521 0.458796 0.00989583 0.0435185 0.709094
0 0.989844 0.372685 0.0109375 0.0638889 0.71896
0 0.23099 0.422685 0.0130208 0.0472222 0.769737
0 0.171354 0.428241 0.0145833 0.0490741 0.778892
0 0.535417 0.402778 0.01875 0.0537037 0.793333
0 0.588021 0.41713 0.0302083 0.087963 0.812569
0 0.697917 0.401389 0.0177083 0.062037 0.843081
0 0.0989583 0.499074 0.0270833 0.122222 0.846615
0 0.574219 0.427315 0.0317708 0.087963 0.848517
0 0.421615 0.4375 0.0338542 0.100926 0.871954
0 0.361458 0.444907 0.0208333 0.0916667 0.911381
0 0.735677 0.401389 0.0213542 0.0657407 0.930381
