34 0.932292 0.406481 0.0104167 0.0222222 0.104409
0 0.435156 0.367593 0.0109375 0.0259259 0.108306
0 0.698698 0.3625 0.00989583 0.0453704 0.114063
0 0.627604 0.360648 0.00729167 0.0398148 0.121071
0 0.690365 0.363426 0.00885417 0.0342593 0.128716
0 0.970312 0.362037 0.00729167 0.0407407 0.131636
0 0.345313 0.3875 0.009375 0.0490741 0.143718
0 0.651302 0.363889 0.0078125 0.0388889 0.147845
0 0.278125 0.396759 0.00833333 0.0287037 0.150577
36 0.134375 0.541667 0.0145833 0.00925926 0.151245
0 0.259115 0.400463 0.00677083 0.025 0.167011
0 0.453385 0.369907 0.0078125 0.0324074 0.171643
0 0.997135 0.355556 0.00572917 0.0259259 0.176416
0 0.611719 0.373611 0.0109375 0.0416667 0.176602
0 0.215104 0.328241 0.00520833 0.025 0.183405
0 0.421615 0.377778 0.0130208 0.0444444 0.192495
0 0.765625 0.363426 0.009375 0.0398148 0.194333
0 0.63724 0.359259 0.0119792 0.0444444 0.197197
0 0.36849 0.387963 0.00989583 0.0444444 0.208855
0 0.239063 0.405556 0.00833333 0.0425926 0.210725
0 0.878385 0.373148 0.00677083 0.0296296 0.229115
0 0.742448 0.359259 0.0078125 0.05 0.23727
0 0.247135 0.410185 0.00989583 0.0462963 0.239092
0 0.676302 0.353704 0.00989583 0.0407407 0.278827
0 0.663021 0.361111 0.009375 0.0444444 0.289181
0 0.330208 0.387037 0.00729167 0.0314815 0.296456
0 0.411719 0.380556 0.0109375 0.0444444 0.30399
0 0.602083 0.361574 0.00833333 0.0416667 0.33941
0 0.285937 0.399074 0.0125 0.0518519 0.340556
0 0.360677 0.3875 0.0109375 0.0490741 0.357095
0 0.0864583 0.349074 0.00625 0.0277778 0.379033
0 0.979948 0.370833 0.00885417 0.0509259 0.412963
0 0.926562 0.353704 0.00729167 0.0296296 0.41796
0 0.747917 0.35787 0.00833333 0.0527778 0.428502
0 0.398698 0.38287 0.00885417 0.0416667 0.456757
0 0.230729 0.410648 0.0104167 0.0453704 0.478732
0 0.3 0.394907 0.0104167 0.0398148 0.481787
0 0.584896 0.362037 0.009375 0.0425926 0.615346
0 0.791406 0.376389 0.0119792 0.0287037 0.625862
0 0.903385 0.358796 0.00989583 0.0546296 0.627874
0 0.544271 0.37963 0.009375 0.0444444 0.647888
0 0.564583 0.386574 0.0104167 0.0453704 0.686096
0 0.173958 0.416667 0.00729167 0.0425926 0.69319
0 0.0148437 0.463426 0.0151042 0.0546296 0.701272
0 0.708333 0.389352 0.015625 0.0564815 0.713053
0 0.144271 0.428704 0.0145833 0.0518519 0.75969
0 0.685677 0.399537 0.0348958 0.075 0.816771
0 0.604167 0.414815 0.028125 0.0740741 0.816951
32 0.707031 0.434722 0.00885417 0.0157407 0.840856
0 0.729948 0.388889 0.0171875 0.0611111 0.854318
0 0.128125 0.485648 0.025 0.121296 0.891718
0 0.470313 0.393519 0.025 0.1 0.892846
0 0.238802 0.4625 0.0223958 0.106481 0.899859
0 0.947135 0.415741 0.0296875 0.203704 0.902696
