0 0.116146 0.351852 0.00625 0.0240741 0.112441
0 0.81875 0.372685 0.0114583 0.0212963 0.112833
0 0.828906 0.357407 0.00989583 0.05 0.13253
0 0.747656 0.344907 0.00885417 0.0268519 0.135191
0 0.25 0.39537 0.00833333 0.0185185 0.140502
0 0.129167 0.416204 0.00833333 0.0212963 0.141459
0 0.63724 0.35787 0.0119792 0.0435185 0.152538
0 0.922917 0.349074 0.00625 0.0185185 0.156498
0 0.133073 0.435648 0.0161458 0.0509259 0.174928
0 0.286458 0.392593 0.00833333 0.0333333 0.182381
0 0.36224 0.388426 0.00989583 0.0453704 0.203157
0 0.766927 0.362037 0.0119792 0.0407407 0.212281
0 0.355208 0.387963 0.009375 0.05 0.22484
0 0.736458 0.361574 0.00833333 0.0453704 0.237228
0 0.663281 0.360648 0.00885417 0.0416667 0.242534
0 0.407552 0.379167 0.00989583 0.0453704 0.267112
0 0.270573 0.394907 0.00989583 0.0416667 0.267842
0 0.214844 0.328704 0.00572917 0.0259259 0.276613
0 0.99401 0.352778 0.00677083 0.0203704 0.286287
0 0.325521 0.388426 0.00833333 0.0305556 0.289087
0 0.314063 0.389352 0.00833333 0.0361111 0.290182
0 0.395052 0.383796 0.0078125 0.0416667 0.293475
0 0.29349 0.396296 0.00677083 0.0388889 0.314587
0 0.431771 0.37037 0.00729167 0.0351852 0.317963
0 0.878125 0.373611 0.00625 0.0287037 0.325149
0 0.676562 0.35787 0.0104167 0.0490741 0.33125
0 0.441146 0.375463 0.0114583 0.0416667 0.365633
0 0.413802 0.374537 0.00989583 0.0416667 0.378185
0 0.601823 0.362963 0.0078125 0.0425926 0.388186
0 0.0046875 0.468056 0.009375 0.0509259 0.396244
0 0.689323 0.368981 0.00885417 0.0435185 0.449887
0 0.0864583 0.348611 0.00625 0.0268519 0.464004
0 0.236458 0.4125 0.0125 0.0509259 0.477537
0 0.16901 0.418981 0.0109375 0.0435185 0.4886
0 0.226823 0.407407 0.00885417 0.0462963 0.510575
0 0.584896 0.361111 0.009375 0.0425926 0.539265
0 0.790885 0.375926 0.0119792 0.0296296 0.571299
0 0.979688 0.374537 0.00833333 0.0416667 0.583614
0 0.617188 0.379167 0.0125 0.0583333 0.612886
0 0.54375 0.379167 0.00833333 0.0435185 0.621135
0 0.903385 0.358796 0.0109375 0.0564815 0.625865
0 0.56875 0.386111 0.009375 0.0444444 0.648608
0 0.724219 0.393981 0.0171875 0.0546296 0.667322
0 0.0132813 0.463889 0.0151042 0.0537037 0.737937
0 0.744531 0.383796 0.0161458 0.0694444 0.757355
0 0.707031 0.401389 0.0192708 0.0805556 0.854844
0 0.133854 0.485185 0.0302083 0.122222 0.895198
0 0.642969 0.403704 0.0296875 0.0814815 0.897226
0 0.482292 0.388889 0.015625 0.0944444 0.898974
0 0.946875 0.415741 0.0302083 0.203704 0.901091
0 0.247135 0.4625 0.0265625 0.115741 0.919032
