0 0.776563 0.365278 0.00729167 0.0453704 0.10047
0 0.652083 0.362963 0.00729167 0.0388889 0.100792
0 0.15651 0.339352 0.0078125 0.0398148 0.103234
0 0.27526 0.397685 0.00677083 0.0342593 0.104514
0 0.0442708 0.448611 0.00729167 0.0361111 0.105232
0 0.489062 0.377315 0.00729167 0.0342593 0.107468
13 0.371875 0.402315 0.0666667 0.037963 0.11022
0 0.78099 0.364352 0.0078125 0.0453704 0.11588
0 0.255729 0.401852 0.00729167 0.0388889 0.122133
0 0.003125 0.456019 0.00625 0.0453704 0.136259
26 0.124479 0.487037 0.0135417 0.0407407 0.158877
0 0.631771 0.378241 0.00625 0.0157407 0.159569
0 0.55026 0.375 0.00885417 0.0333333 0.164482
0 0.478646 0.375926 0.0114583 0.0425926 0.174321
0 0.332031 0.393519 0.00677083 0.037037 0.185304
0 0.128125 0.343981 0.00625 0.0268519 0.187877
0 0.688542 0.363426 0.009375 0.0416667 0.195634
0 0.714583 0.352778 0.0104167 0.037037 0.223481
0 0.292188 0.398148 0.00729167 0.0407407 0.22381
0 0.402865 0.383796 0.0078125 0.0361111 0.224486
32 0.526823 0.441204 0.0078125 0.0138889 0.234105
0 0.317708 0.393519 0.00833333 0.0351852 0.245892
0 0.747135 0.3625 0.0119792 0.0546296 0.247677
0 0.254427 0.327315 0.00572917 0.025 0.266038
0 0.464844 0.37963 0.0078125 0.0444444 0.266666
0 0.0585938 0.44537 0.00677083 0.0425926 0.311391
0 0.325781 0.395833 0.00989583 0.0453704 0.314581
0 0.805208 0.365278 0.00833333 0.0416667 0.322178
32 0.529167 0.440741 0.00416667 0.012963 0.323754
0 0.786979 0.3625 0.00833333 0.0546296 0.346692
0 0.447917 0.381019 0.0114583 0.0472222 0.350198
0 0.702344 0.3625 0.00885417 0.0435185 0.367904
0 0.0830729 0.450926 0.0109375 0.0481481 0.403872
0 0.723958 0.369907 0.009375 0.0435185 0.407334
0 0.640104 0.364815 0.00833333 0.0407407 0.413492
0 0.0635417 0.448148 0.00833333 0.0518519 0.415666
0 0.208333 0.419907 0.0104167 0.0546296 0.46377
0 0.0716146 0.453241 0.00989583 0.0490741 0.523337
32 0.523698 0.44213 0.00885417 0.0138889 0.54493
0 0.198437 0.425926 0.0125 0.0462963 0.58613
0 0.830469 0.37963 0.0119792 0.0296296 0.616965
0 0.217448 0.421296 0.0119792 0.05 0.627374
0 0.622917 0.362963 0.009375 0.0425926 0.635309
0 0.0179687 0.464815 0.0151042 0.0648148 0.720182
0 0.523438 0.410185 0.01875 0.0740741 0.760095
0 0.945833 0.365741 0.0104167 0.0611111 0.767268
0 0.676042 0.388889 0.0177083 0.0611111 0.786123
0 0.71875 0.389352 0.01875 0.0601852 0.832478
0 0.501823 0.416667 0.0265625 0.0777778 0.833792
0 0.416406 0.405556 0.0255208 0.105556 0.839414
0 0.542969 0.407407 0.0203125 0.0796296 0.847212
0 0.131771 0.494907 0.0302083 0.123148 0.898722
0 0.304427 0.443981 0.0151042 0.0842593 0.903584
0 0.982031 0.426852 0.0317708 0.218519 0.910948
