0 0.104427 0.348611 0.00677083 0.0287037 0.100059
0 0.607552 0.361574 0.00677083 0.0398148 0.110298
0 0.632552 0.364815 0.0078125 0.0351852 0.113324
0 0.286198 0.386111 0.00572917 0.0203704 0.138345
0 0.195052 0.329167 0.00572917 0.025 0.143093
0 0.334635 0.386574 0.00677083 0.037963 0.143419
0 0.595052 0.363426 0.00677083 0.037963 0.147826
0 0.0947917 0.352315 0.00625 0.025 0.148662
0 0.267708 0.392593 0.00833333 0.0296296 0.15081
0 0.19401 0.413426 0.0109375 0.0490741 0.15532
0 0.303125 0.391204 0.00625 0.0416667 0.159937
0 0.66875 0.363889 0.00833333 0.0481481 0.160122
0 0.958854 0.350926 0.00625 0.0203704 0.191563
0 0.958333 0.368056 0.00833333 0.0564815 0.192722
0 0.321875 0.392593 0.009375 0.05 0.200741
0 0.197656 0.410185 0.0109375 0.0462963 0.221886
0 0.369271 0.386111 0.00833333 0.0407407 0.232682
38 0.911198 0.405556 0.0119792 0.0222222 0.241943
0 0.377344 0.385648 0.00885417 0.0416667 0.250495
0 0.64375 0.360648 0.009375 0.0416667 0.299908
0 0.617969 0.360185 0.0119792 0.0444444 0.311306
0 0.727344 0.358333 0.00885417 0.0518519 0.332239
0 0.397656 0.374074 0.0078125 0.0351852 0.368946
0 0.583073 0.362963 0.00885417 0.0425926 0.37468
0 0.688542 0.360648 0.0104167 0.0527778 0.396002
0 0.360938 0.387963 0.009375 0.0425926 0.421055
0 0.771875 0.376389 0.0104167 0.0287037 0.435452
0 0.657031 0.359259 0.00989583 0.0481481 0.472178
0 0.675 0.37037 0.009375 0.0444444 0.475061
0 0.250521 0.408333 0.009375 0.0462963 0.475863
0 0.35 0.393519 0.0114583 0.0425926 0.476254
0 0.565365 0.3625 0.00885417 0.0416667 0.500022
0 0.882031 0.359722 0.0109375 0.0546296 0.515378
0 0.206771 0.406481 0.009375 0.0351852 0.517302
0 0.121615 0.425926 0.0078125 0.0425926 0.567466
0 0.0648438 0.35 0.00677083 0.0277778 0.58061
0 0.236458 0.411574 0.009375 0.0453704 0.589377
0 0.555729 0.38287 0.00833333 0.0472222 0.609826
0 0.189063 0.413889 0.0114583 0.0481481 0.718402
0 0.625781 0.380556 0.0161458 0.05 0.72987
0 0.0682292 0.445833 0.0145833 0.0527778 0.739402
0 0.760417 0.381481 0.0145833 0.0611111 0.739881
0 0.719271 0.386574 0.0125 0.062037 0.753531
0 0.533854 0.37963 0.0114583 0.0462963 0.781586
0 0.696615 0.39213 0.0151042 0.075 0.805181
32 0.810938 0.400463 0.00625 0.012037 0.838984
0 0.739583 0.395833 0.01875 0.0768519 0.845586
0 0.115104 0.487963 0.0260417 0.125926 0.869758
0 0.503125 0.386574 0.0260417 0.0898148 0.878885
0 0.926042 0.414352 0.0333333 0.199074 0.884592
0 0.291927 0.458333 0.0317708 0.122222 0.90095
