0 0.323698 0.393519 0.0078125 0.0351852 0.100608
0 0.669271 0.362963 0.00729167 0.0388889 0.105584
0 0.60599 0.362963 0.00989583 0.0407407 0.114961
37 0.324479 0.470833 0.015625 0.0101852 0.123575
0 0.0372396 0.453704 0.00885417 0.05 0.12476
29 0.324219 0.470833 0.0161458 0.0101852 0.129174
0 0.688542 0.356944 0.0114583 0.0361111 0.136355
0 0.727344 0.348611 0.00989583 0.0268519 0.139249
0 0.664583 0.362963 0.00729167 0.0388889 0.148934
0 0.169531 0.339815 0.0078125 0.0351852 0.151339
0 0.64349 0.377315 0.00572917 0.0157407 0.151705
0 0.0591146 0.444907 0.00677083 0.037963 0.160306
0 0.529948 0.375463 0.00885417 0.0342593 0.168342
36 0.454167 0.446296 0.01875 0.00740741 0.178122
0 0.371094 0.405093 0.00677083 0.025 0.182603
0 0.33776 0.388889 0.00885417 0.0314815 0.183057
0 0.511198 0.368056 0.00677083 0.0398148 0.183481
0 0.0382813 0.439815 0.0078125 0.0240741 0.184522
0 0.701042 0.364352 0.009375 0.0435185 0.193148
0 0.517187 0.369444 0.009375 0.0388889 0.204633
0 0.419531 0.378704 0.00572917 0.0314815 0.206525
0 0.488802 0.377778 0.00677083 0.037037 0.207115
0 0.266406 0.401852 0.00677083 0.037037 0.207426
0 0.479948 0.378704 0.0109375 0.0388889 0.228089
0 0.00286458 0.468981 0.00572917 0.0564815 0.245029
0 0.28151 0.400463 0.00989583 0.0416667 0.246127
0 0.295833 0.400926 0.00729167 0.0407407 0.24741
0 0.714323 0.362963 0.00885417 0.0444444 0.289292
0 0.20026 0.415278 0.00572917 0.0287037 0.324581
0 0.261719 0.402778 0.00677083 0.037037 0.332588
0 0.616667 0.363889 0.00625 0.037037 0.337071
0 0.317187 0.393981 0.00729167 0.0342593 0.340799
0 0.397656 0.385185 0.0078125 0.0351852 0.360026
0 0.817708 0.365741 0.009375 0.0425926 0.367956
0 0.933594 0.377778 0.00677083 0.0277778 0.389631
0 0.8 0.360648 0.00833333 0.0546296 0.395957
0 0.03125 0.458796 0.0114583 0.0472222 0.416858
0 0.141146 0.343056 0.00625 0.0287037 0.457302
0 0.652344 0.363426 0.00885417 0.0416667 0.475708
0 0.0838542 0.451389 0.009375 0.0490741 0.506538
0 0.736979 0.371759 0.009375 0.0472222 0.519373
0 0.635417 0.362963 0.00833333 0.0425926 0.569628
0 0.84401 0.380556 0.0130208 0.0296296 0.585563
0 0.55599 0.40463 0.0151042 0.0648148 0.607539
0 0.584375 0.38287 0.009375 0.0416667 0.623293
32 0.533073 0.437963 0.0078125 0.012963 0.643449
0 0.0940104 0.444444 0.0119792 0.0592593 0.658192
0 0.25 0.416204 0.0125 0.0472222 0.665986
0 0.564583 0.398148 0.0166667 0.0722222 0.689344
0 0.00885417 0.47037 0.0125 0.0592593 0.691896
0 0.727865 0.382407 0.0130208 0.0555556 0.692025
0 0.233594 0.419907 0.0109375 0.0472222 0.699564
0 0.545313 0.404167 0.0166667 0.0657407 0.725804
0 0.959896 0.36713 0.0114583 0.0638889 0.787222
0 0.685938 0.385648 0.0135417 0.0509259 0.791419
0 0.325521 0.437963 0.0166667 0.0722222 0.833737
0 0.452604 0.400926 0.0208333 0.0962963 0.84063
0 0.149479 0.490741 0.0239583 0.116667 0.874496
0 0.989844 0.428704 0.0203125 0.22037 0.905255
