0 0.742448 0.361111 0.0078125 0.0462963 0.100234
13 0.0166667 0.461111 0.0333333 0.0481481 0.100509
0 0.614583 0.362037 0.00729167 0.037037 0.105774
0 0.917708 0.364352 0.00833333 0.0509259 0.110212
0 0.352344 0.388426 0.0161458 0.0490741 0.111353
0 0.23724 0.405093 0.0078125 0.0435185 0.114248
0 0.934896 0.377315 0.009375 0.0287037 0.116311
0 0.628125 0.361111 0.00833333 0.0425926 0.119462
0 0.244792 0.402315 0.00833333 0.0398148 0.125367
0 0.34349 0.393056 0.00885417 0.0435185 0.142751
0 0.116667 0.344444 0.00729167 0.037037 0.149224
0 0.250781 0.403241 0.0109375 0.037963 0.157709
0 0.935938 0.360648 0.00729167 0.0435185 0.158272
0 0.638281 0.360185 0.0119792 0.0425926 0.16004
0 0.651302 0.362963 0.00885417 0.0425926 0.166236
0 0.28724 0.39213 0.0078125 0.0305556 0.168982
35 0.109115 0.500463 0.00677083 0.0138889 0.180408
0 0.4625 0.375 0.0114583 0.0425926 0.20566
0 0.232812 0.411574 0.0104167 0.0472222 0.215603
0 0.990365 0.361111 0.0109375 0.0388889 0.220465
0 0.379948 0.386574 0.00989583 0.0435185 0.227824
0 0.278906 0.393981 0.00885417 0.0361111 0.249491
0 0.878906 0.374074 0.00677083 0.0259259 0.279372
0 0.48776 0.369444 0.00677083 0.0351852 0.292878
0 0.676823 0.351852 0.00989583 0.037037 0.315495
0 0.766146 0.363426 0.0104167 0.0435185 0.324481
0 0.664062 0.362037 0.009375 0.0444444 0.325783
0 0.935938 0.350463 0.00625 0.0212963 0.331464
0 0.980208 0.376389 0.00833333 0.0416667 0.340892
0 0.407813 0.381481 0.0114583 0.0425926 0.370274
0 0.215625 0.328241 0.00520833 0.025 0.396061
0 0.748438 0.358796 0.00833333 0.0527778 0.416145
0 0.371094 0.386111 0.00989583 0.0481481 0.435489
0 0.690104 0.37037 0.00833333 0.0425926 0.440049
32 0.620313 0.448148 0.0104167 0.012963 0.482746
0 0.0869792 0.348148 0.00625 0.0277778 0.493321
0 0.316927 0.390741 0.0151042 0.0481481 0.542911
0 0.544531 0.380093 0.00989583 0.0435185 0.54471
0 0.219531 0.41713 0.0119792 0.0453704 0.557602
0 0.791667 0.377315 0.0125 0.0287037 0.559942
0 0.680208 0.385185 0.0114583 0.0518519 0.703618
0 0.904167 0.3625 0.0104167 0.0601852 0.705974
0 0.191927 0.413426 0.0109375 0.0435185 0.718964
0 0.58151 0.384259 0.0171875 0.0685185 0.748956
0 0.174219 0.421759 0.0130208 0.0527778 0.755685
0 0.709896 0.384259 0.0135417 0.062963 0.786245
0 0.44401 0.395833 0.0140625 0.0972222 0.845629
0 0.602344 0.413889 0.0453125 0.101852 0.859172
0 0.527083 0.406944 0.0229167 0.0824074 0.865132
0 0.947917 0.418519 0.0302083 0.205556 0.867125
0 0.245052 0.453704 0.0234375 0.0981481 0.899303
0 0.111719 0.493981 0.0328125 0.126852 0.906902
