0 0.619531 0.361111 0.00677083 0.0407407 0.105203
0 0.701042 0.350463 0.0104167 0.0324074 0.105219
0 0.278385 0.387963 0.00885417 0.0240741 0.111006
0 0.215625 0.409722 0.009375 0.037963 0.113909
0 0.107813 0.345833 0.00729167 0.037963 0.118772
0 0.904948 0.348148 0.00677083 0.0166667 0.119613
0 0.567448 0.359722 0.00677083 0.0324074 0.127343
0 0.585677 0.375926 0.00572917 0.0148148 0.130054
0 0.60625 0.3625 0.00729167 0.0398148 0.145702
0 0.680469 0.3625 0.0078125 0.0453704 0.149075
0 0.657031 0.361111 0.00989583 0.0425926 0.155781
36 0.13125 0.540741 0.0208333 0.012963 0.202932
0 0.686719 0.369907 0.0078125 0.037963 0.208765
0 0.345313 0.39213 0.00833333 0.0435185 0.212944
0 0.976302 0.35787 0.0078125 0.0342593 0.213889
0 0.338542 0.39213 0.0104167 0.0472222 0.221809
0 0.225 0.408796 0.00833333 0.0416667 0.231169
0 0.757552 0.361574 0.00885417 0.0416667 0.247678
0 0.332292 0.39213 0.00729167 0.0490741 0.253367
0 0.270573 0.4 0.0078125 0.0388889 0.2617
0 0.357292 0.389815 0.0104167 0.0425926 0.317086
0 0.870313 0.3625 0.009375 0.0472222 0.345753
0 0.66875 0.358333 0.0104167 0.05 0.348698
0 0.738802 0.35787 0.00989583 0.0527778 0.354776
0 0.320312 0.387963 0.00729167 0.0407407 0.356241
0 0.413802 0.372222 0.00677083 0.0351852 0.371833
0 0.783333 0.375926 0.0125 0.0296296 0.377835
0 0.376823 0.386111 0.00885417 0.0444444 0.433095
0 0.594271 0.362963 0.00833333 0.0425926 0.469795
0 0.304167 0.390741 0.00729167 0.0351852 0.47723
0 0.09375 0.44213 0.0145833 0.0527778 0.496623
0 0.39401 0.383796 0.0119792 0.0453704 0.503663
0 0.971354 0.375926 0.009375 0.0407407 0.504611
0 0.204688 0.412037 0.0114583 0.0481481 0.526657
0 0.577083 0.3625 0.00833333 0.0435185 0.552355
0 0.00390625 0.463889 0.0078125 0.0574074 0.560999
0 0.0778646 0.349074 0.00677083 0.0277778 0.564822
0 0.258073 0.410185 0.0119792 0.0425926 0.568099
0 0.894792 0.361111 0.0104167 0.0592593 0.626057
0 0.245312 0.411574 0.0104167 0.0453704 0.637167
0 0.539844 0.380556 0.0109375 0.0425926 0.64529
0 0.627865 0.377778 0.0151042 0.0555556 0.665949
0 0.56224 0.384259 0.0109375 0.0444444 0.681845
0 0.141927 0.422222 0.0109375 0.0462963 0.713549
0 0.729167 0.387963 0.0135417 0.062963 0.71461
0 0.767969 0.381481 0.0130208 0.0611111 0.735689
32 0.8 0.396759 0.00625 0.0101852 0.778049
0 0.696354 0.395833 0.0177083 0.0731481 0.797121
0 0.748958 0.401852 0.0260417 0.0685185 0.832611
0 0.500521 0.387037 0.0166667 0.0925926 0.843253
0 0.127083 0.484722 0.021875 0.126852 0.853216
0 0.939062 0.415741 0.0322917 0.201852 0.887767
0 0.285156 0.459722 0.0296875 0.119444 0.925356
