0 0.684375 0.359722 0.00729167 0.0453704 0.108532
0 0.615365 0.3625 0.00885417 0.0398148 0.11003
0 0.928646 0.349074 0.00729167 0.0203704 0.113876
17 0.34974 0.389815 0.0140625 0.0462963 0.129094
0 0.742448 0.359722 0.0078125 0.0490741 0.130032
0 0.229427 0.413889 0.00885417 0.0407407 0.131655
0 0.627604 0.360648 0.00833333 0.0416667 0.133494
0 0.370313 0.387037 0.00729167 0.0444444 0.141203
35 0.126042 0.502315 0.00833333 0.012037 0.142898
0 0.235938 0.405556 0.009375 0.0444444 0.155735
0 0.215365 0.328241 0.00572917 0.025 0.167049
0 0.295833 0.391667 0.009375 0.0333333 0.178706
0 0.63724 0.359259 0.0119792 0.0425926 0.180108
0 0.66276 0.359722 0.00885417 0.0416667 0.216101
0 0.241146 0.410185 0.015625 0.0462963 0.218658
0 0.347396 0.387963 0.0114583 0.0462963 0.219367
0 0.708854 0.360185 0.0114583 0.0537037 0.252339
0 0.285937 0.390278 0.00833333 0.0305556 0.254931
0 0.364844 0.387963 0.0130208 0.0462963 0.261173
0 0.41224 0.381944 0.00989583 0.0416667 0.264381
0 0.43724 0.372685 0.00885417 0.0416667 0.269634
0 0.766927 0.360185 0.0109375 0.0462963 0.283686
0 0.979427 0.371759 0.0109375 0.0509259 0.295731
0 0.676302 0.359259 0.0109375 0.05 0.309627
17 0.365625 0.387963 0.015625 0.0462963 0.309816
0 0.878646 0.374074 0.00625 0.0277778 0.311547
0 0.0864583 0.348611 0.00625 0.0268519 0.322452
0 0.333333 0.386111 0.00833333 0.0333333 0.325474
0 0.928906 0.363889 0.0078125 0.0537037 0.337162
0 0.420833 0.375 0.009375 0.0444444 0.346434
0 0.747917 0.358333 0.00833333 0.0537037 0.399943
0 0.401302 0.383333 0.00989583 0.0407407 0.453784
0 0.585156 0.360648 0.00989583 0.0398148 0.480806
0 0.689844 0.370833 0.00989583 0.0435185 0.492101
0 0.544531 0.37963 0.00885417 0.0444444 0.53044
0 0.791146 0.376389 0.0114583 0.0287037 0.632
0 0.607552 0.38287 0.0119792 0.0601852 0.657696
0 0.179167 0.417593 0.0125 0.0425926 0.690208
0 0.0174479 0.4625 0.0130208 0.0527778 0.699797
0 0.903125 0.360185 0.0114583 0.0574074 0.70038
0 0.558073 0.387037 0.0192708 0.0481481 0.728711
0 0.15 0.426852 0.0104167 0.05 0.750709
0 0.7 0.392593 0.0145833 0.0481481 0.7899
0 0.664062 0.405556 0.0208333 0.087037 0.830476
32 0.689583 0.4375 0.00833333 0.0157407 0.851758
0 0.464844 0.392593 0.0161458 0.0962963 0.852768
0 0.720312 0.391204 0.0260417 0.0601852 0.871197
0 0.580208 0.407407 0.034375 0.0833333 0.881319
0 0.235938 0.461111 0.0197917 0.0962963 0.884479
0 0.946615 0.41713 0.0307292 0.20463 0.894606
0 0.127344 0.486574 0.0296875 0.121296 0.914655
