0 0.327344 0.39537 0.00989583 0.037037 0.11215
36 0.326302 0.472685 0.0109375 0.00833333 0.118757
0 0.933594 0.378241 0.00677083 0.0287037 0.119766
0 0.2875 0.40463 0.009375 0.0462963 0.124493
0 0.321354 0.396296 0.00729167 0.0407407 0.146915
0 0.64349 0.377778 0.00572917 0.0148148 0.156013
0 0.664844 0.363426 0.00677083 0.037963 0.157469
0 0.688542 0.357407 0.0114583 0.037037 0.167807
0 0.477604 0.378704 0.009375 0.0407407 0.17335
0 0.600781 0.36713 0.0078125 0.037963 0.176437
0 0.515885 0.371296 0.00885417 0.0425926 0.190908
0 0.727604 0.349074 0.0104167 0.0277778 0.192796
0 0.33776 0.388889 0.00885417 0.0296296 0.210712
0 0.701563 0.364815 0.009375 0.0444444 0.225021
0 0.169531 0.340741 0.0078125 0.0351852 0.227131
36 0.151302 0.541204 0.0244792 0.0138889 0.247421
0 0.316146 0.395833 0.00729167 0.037963 0.248438
0 0.817708 0.365741 0.009375 0.0425926 0.263654
0 0.510677 0.371296 0.0109375 0.0462963 0.303953
0 0.418229 0.378704 0.00520833 0.0333333 0.321685
0 0.714323 0.362963 0.00885417 0.0444444 0.329733
0 0.279167 0.401389 0.00729167 0.037963 0.332783
0 0.614844 0.362963 0.00885417 0.037037 0.357338
0 0.0369792 0.45 0.00833333 0.0425926 0.358053
0 0.372135 0.395833 0.0078125 0.0435185 0.366349
0 0.8 0.361574 0.00833333 0.0546296 0.416523
0 0.141406 0.34213 0.00572917 0.0287037 0.432464
0 0.396094 0.385648 0.00989583 0.0361111 0.444262
0 0.652604 0.363889 0.00833333 0.0407407 0.448072
0 0.0583333 0.444907 0.00729167 0.0398148 0.484743
0 0.0929687 0.45 0.0109375 0.0462963 0.488537
0 0.295052 0.403704 0.0140625 0.0481481 0.513621
0 0.0841146 0.451852 0.00885417 0.0481481 0.556373
0 0.235156 0.418981 0.00885417 0.0472222 0.571614
0 0.736979 0.371759 0.009375 0.0490741 0.573288
0 0.0273438 0.457407 0.0151042 0.05 0.578316
0 0.265365 0.402315 0.00885417 0.037963 0.579462
0 0.844271 0.380556 0.0135417 0.0296296 0.602766
0 0.542969 0.404167 0.0130208 0.0675926 0.614558
0 0.635417 0.362963 0.009375 0.0425926 0.628632
0 0.251042 0.416204 0.0125 0.0490741 0.645194
0 0.584635 0.382407 0.00885417 0.0407407 0.651361
32 0.533073 0.437963 0.0078125 0.012963 0.715647
0 0.73151 0.385185 0.0192708 0.0518519 0.738724
0 0.959635 0.366667 0.0119792 0.062963 0.764119
0 0.552604 0.403704 0.0177083 0.0703704 0.767658
0 0.685156 0.385648 0.0130208 0.0490741 0.768699
0 0.0078125 0.469444 0.0145833 0.062963 0.784999
0 0.566146 0.396296 0.0166667 0.0722222 0.801577
0 0.453906 0.399074 0.0161458 0.1 0.847267
0 0.328646 0.440278 0.021875 0.0731481 0.855033
0 0.148958 0.489815 0.0239583 0.116667 0.871635
0 0.989844 0.428704 0.0203125 0.22037 0.902544
