0 0.152344 0.338426 0.00989583 0.0398148 0.102936
0 0.305469 0.393519 0.00885417 0.0277778 0.109751
0 0.770573 0.360648 0.00885417 0.0527778 0.124978
0 0.0046875 0.452778 0.009375 0.0388889 0.134861
0 0.640885 0.364352 0.0078125 0.037963 0.140694
0 0.620052 0.377315 0.00677083 0.0157407 0.145021
0 0.216927 0.410648 0.00572917 0.025 0.145665
0 0.453385 0.379167 0.00989583 0.0398148 0.154217
0 0.761719 0.3625 0.0078125 0.0453704 0.171527
0 0.396094 0.383796 0.00989583 0.0435185 0.173718
0 0.313542 0.390741 0.00833333 0.0296296 0.174073
0 0.563802 0.388889 0.0078125 0.0555556 0.175523
0 0.551562 0.360648 0.00625 0.0268519 0.18996
0 0.735677 0.362037 0.0119792 0.0537037 0.199253
0 0.14401 0.340278 0.0078125 0.0416667 0.212032
0 0.655208 0.362963 0.00833333 0.0444444 0.212223
0 0.0236979 0.452778 0.0109375 0.0407407 0.21377
0 0.878385 0.364352 0.00989583 0.0453704 0.226601
0 0.409375 0.383333 0.0104167 0.0462963 0.248844
0 0.41849 0.383333 0.00885417 0.0407407 0.254807
0 0.289583 0.393519 0.00729167 0.0277778 0.262848
0 0.282813 0.398148 0.00833333 0.0407407 0.282905
0 0.48151 0.368519 0.00677083 0.0333333 0.284315
0 0.664323 0.360185 0.0109375 0.0425926 0.291558
0 0.79375 0.364815 0.0104167 0.0425926 0.30154
0 0.907552 0.377778 0.00677083 0.0277778 0.310955
0 0.242448 0.327315 0.00572917 0.025 0.319134
0 0.271615 0.398148 0.0078125 0.0388889 0.348528
38 0.96224 0.412037 0.0119792 0.0203704 0.369363
0 0.77474 0.360185 0.00885417 0.0537037 0.371532
0 0.471615 0.370833 0.00989583 0.0398148 0.377316
0 0.703646 0.359722 0.0104167 0.0490741 0.382442
0 0.690104 0.362963 0.00833333 0.0425926 0.383713
0 0.383333 0.383796 0.0114583 0.0453704 0.401535
0 0.715885 0.371759 0.00989583 0.0435185 0.424416
0 0.233333 0.416204 0.0104167 0.0509259 0.459062
0 0.628646 0.362963 0.00833333 0.0425926 0.485434
0 0.0619792 0.45463 0.009375 0.0481481 0.517354
0 0.115625 0.344907 0.00625 0.0268519 0.523847
0 0.81875 0.379167 0.0125 0.0287037 0.566265
0 0.0557292 0.455093 0.0114583 0.0509259 0.58911
0 0.229167 0.417593 0.0114583 0.0462963 0.595653
0 0.356771 0.394444 0.0104167 0.0462963 0.59606
0 0.526042 0.393056 0.0135417 0.0546296 0.618198
0 0.611458 0.3625 0.009375 0.0416667 0.626171
0 0.244271 0.414815 0.0104167 0.0481481 0.632309
0 0.933073 0.364352 0.0109375 0.062037 0.732221
0 0.678646 0.384259 0.0145833 0.0462963 0.739514
0 0.557813 0.393519 0.01875 0.062963 0.748567
0 0.727604 0.381944 0.0166667 0.0601852 0.759257
0 0.511198 0.406019 0.0161458 0.0657407 0.831811
0 0.445052 0.398611 0.0244792 0.0990741 0.860705
32 0.551562 0.448611 0.00833333 0.0157407 0.867893
0 0.538281 0.414815 0.0203125 0.0851852 0.868275
0 0.110156 0.491667 0.0192708 0.122222 0.903588
0 0.972917 0.424074 0.0375 0.211111 0.909906
0 0.28776 0.44213 0.0255208 0.0805556 0.923188
