0 0.934115 0.376852 0.0078125 0.0277778 0.108583
0 0.619792 0.361111 0.00625 0.037037 0.114008
0 0.985417 0.358796 0.00833333 0.0342593 0.128642
0 0.286719 0.393981 0.00989583 0.0305556 0.130456
0 0.742448 0.361111 0.0078125 0.0481481 0.136019
0 0.650781 0.3625 0.00885417 0.0416667 0.147046
0 0.627604 0.360185 0.00729167 0.0388889 0.173841
0 0.735156 0.3625 0.00885417 0.0453704 0.175284
0 0.699219 0.363889 0.0109375 0.0444444 0.198277
0 0.427604 0.374537 0.009375 0.0435185 0.199993
0 0.932552 0.350463 0.00677083 0.0212963 0.20903
36 0.11901 0.54213 0.0182292 0.012037 0.219148
0 0.878646 0.375 0.00625 0.0296296 0.220557
0 0.614583 0.362037 0.00729167 0.0388889 0.224111
0 0.2125 0.405556 0.009375 0.0407407 0.233554
0 0.63724 0.360648 0.0119792 0.0416667 0.249119
0 0.2375 0.402778 0.009375 0.037037 0.251
0 0.339063 0.391204 0.00729167 0.0435185 0.253275
0 0.476562 0.372222 0.00625 0.0407407 0.255937
0 0.308073 0.392593 0.00885417 0.0444444 0.266032
0 0.215365 0.328241 0.00572917 0.025 0.289365
0 0.376042 0.386111 0.00833333 0.0425926 0.298976
0 0.663281 0.361111 0.00885417 0.0425926 0.308532
0 0.766406 0.364352 0.00989583 0.0398148 0.331993
0 0.36849 0.386574 0.0109375 0.0453704 0.351384
0 0.415104 0.381019 0.009375 0.0416667 0.360477
0 0.676562 0.358796 0.009375 0.0490741 0.362758
0 0.0867188 0.348611 0.00677083 0.0268519 0.367482
0 0.602344 0.362037 0.00885417 0.0407407 0.370909
0 0.348177 0.390741 0.0119792 0.05 0.391404
0 0.1625 0.422685 0.009375 0.0472222 0.391471
0 0.903646 0.360648 0.009375 0.0583333 0.425157
0 0.747917 0.358796 0.00833333 0.0527778 0.449617
0 0.584896 0.362037 0.009375 0.0425926 0.482371
0 0.542448 0.386574 0.0130208 0.0527778 0.484819
0 0.405208 0.382407 0.0104167 0.0425926 0.487715
0 0.246354 0.406019 0.0104167 0.0453704 0.508605
0 0.980208 0.373611 0.00833333 0.0472222 0.518177
0 0.185156 0.414815 0.00677083 0.0425926 0.576646
0 0.0205729 0.462963 0.0119792 0.05 0.643938
0 0.791146 0.376389 0.0125 0.0287037 0.677659
0 0.223698 0.416667 0.00989583 0.0444444 0.702488
0 0.713542 0.385648 0.0145833 0.0638889 0.738597
0 0.688802 0.3875 0.0171875 0.0490741 0.744194
0 0.594531 0.385648 0.0130208 0.0546296 0.786738
32 0.652865 0.444444 0.00989583 0.0166667 0.853923
0 0.238021 0.453704 0.0166667 0.0981481 0.861604
0 0.547656 0.408796 0.0213542 0.0824074 0.885087
0 0.946875 0.41713 0.0322917 0.202778 0.892643
0 0.116146 0.4875 0.0177083 0.121296 0.895726
0 0.452865 0.39537 0.0286458 0.0981481 0.910889
0 0.628906 0.415741 0.0338542 0.0907407 0.944308
