0 0.669531 0.359259 0.00677083 0.0203704 0.101904
0 0.109896 0.440741 0.00729167 0.037037 0.111454
0 0.365885 0.398611 0.00885417 0.0490741 0.112433
0 0.229167 0.337963 0.00625 0.0259259 0.112459
0 0.605729 0.375926 0.00833333 0.0407407 0.125105
0 0.764063 0.371759 0.00729167 0.0453704 0.129841
0 0.87526 0.376389 0.00885417 0.0490741 0.149115
0 0.907812 0.377315 0.0104167 0.0472222 0.150709
0 0.847396 0.373611 0.0114583 0.0546296 0.151953
0 0.785156 0.372222 0.00885417 0.0444444 0.154535
0 0.261458 0.420833 0.009375 0.0472222 0.155754
0 0.427865 0.387963 0.0078125 0.0351852 0.159643
0 0.286719 0.416667 0.0171875 0.0592593 0.167416
0 0.61276 0.376852 0.0078125 0.037037 0.185269
0 0.881771 0.373611 0.00833333 0.0509259 0.204717
0 0.773698 0.368981 0.0109375 0.0453704 0.218959
0 0.113802 0.441204 0.00989583 0.037963 0.219056
0 0.510938 0.381019 0.009375 0.037963 0.219322
0 0.144531 0.434259 0.0078125 0.037037 0.233569
0 0.369792 0.401852 0.0104167 0.0537037 0.237633
0 0.234115 0.429167 0.00885417 0.0416667 0.244128
0 0.0515625 0.449074 0.00729167 0.0277778 0.265859
0 0.641146 0.364815 0.00729167 0.0296296 0.268591
0 0.736458 0.37037 0.00833333 0.0425926 0.270844
0 0.522135 0.387963 0.00989583 0.037037 0.30291
0 0.194792 0.433796 0.00833333 0.0472222 0.305009
0 0.153906 0.429167 0.0078125 0.0398148 0.320463
0 0.202344 0.423611 0.00989583 0.0398148 0.323741
0 0.391927 0.406944 0.0109375 0.037963 0.337646
0 0.284635 0.464815 0.0203125 0.0944444 0.340534
0 0.460938 0.386574 0.0104167 0.0416667 0.342416
0 0.540625 0.376852 0.0104167 0.037037 0.344606
0 0.238542 0.426852 0.0177083 0.0462963 0.347207
0 0.0953125 0.444444 0.009375 0.0444444 0.352517
0 0.0851562 0.442593 0.0078125 0.0425926 0.354566
0 0.186458 0.436574 0.0114583 0.0509259 0.368428
0 0.213281 0.419907 0.00885417 0.0416667 0.397203
0 0.440365 0.3875 0.00885417 0.037963 0.404697
0 0.178906 0.436574 0.0151042 0.0601852 0.407305
0 0.8 0.371759 0.009375 0.0435185 0.416218
0 0.813281 0.369907 0.0109375 0.0527778 0.433366
0 0.888281 0.373148 0.00885417 0.0574074 0.469429
0 0.135677 0.444907 0.0078125 0.0416667 0.502548
0 0.508854 0.406944 0.0125 0.0490741 0.525975
0 0.71875 0.370833 0.00833333 0.0435185 0.552865
0 0.933333 0.394907 0.0125 0.0305556 0.566252
0 0.820573 0.38287 0.0151042 0.0453704 0.566594
0 0.65625 0.368519 0.00833333 0.0388889 0.574284
0 0.0174479 0.467593 0.0171875 0.0462963 0.648488
32 0.513802 0.471296 0.00989583 0.0166667 0.779075
0 0.421354 0.41713 0.0208333 0.112037 0.799432
0 0.753125 0.40787 0.0166667 0.0861111 0.812752
0 0.733073 0.410185 0.0203125 0.0777778 0.825381
0 0.498437 0.436111 0.025 0.0907407 0.862798
0 0.577083 0.419907 0.0208333 0.0842593 0.871716
0 0.268229 0.472685 0.0447917 0.108333 0.885344
0 0.0549479 0.508796 0.0296875 0.112037 0.913051
