0 0.65026 0.3625 0.00885417 0.0416667 0.100781
0 0.613281 0.362037 0.0078125 0.0388889 0.102486
0 0.919792 0.352778 0.00625 0.0296296 0.103143
0 0.122656 0.335648 0.0109375 0.0490741 0.111778
0 0.229687 0.409259 0.009375 0.0425926 0.138636
0 0.990885 0.35787 0.00677083 0.0324074 0.14461
0 0.592708 0.375926 0.00520833 0.0166667 0.146982
0 0.115104 0.340741 0.00729167 0.0425926 0.163274
0 0.253125 0.406944 0.00833333 0.0435185 0.166364
0 0.00338542 0.474537 0.00677083 0.0416667 0.176387
0 0.1625 0.418981 0.00833333 0.0435185 0.177492
0 0.636979 0.359259 0.0114583 0.0425926 0.177984
0 0.260417 0.390278 0.00833333 0.0287037 0.183292
0 0.826823 0.358333 0.0119792 0.0481481 0.203239
0 0.745833 0.356019 0.0104167 0.0509259 0.209148
0 0.697135 0.364352 0.00989583 0.0472222 0.217345
0 0.661979 0.35787 0.009375 0.0416667 0.219569
0 0.708073 0.360185 0.0109375 0.0518519 0.234774
0 0.767448 0.361111 0.0130208 0.0407407 0.245532
0 0.241406 0.412037 0.00885417 0.0462963 0.29627
0 0.233073 0.408333 0.0109375 0.0481481 0.299499
0 0.320312 0.387963 0.00833333 0.037037 0.305409
0 0.877604 0.374537 0.00625 0.0287037 0.306451
0 0.430208 0.375463 0.0104167 0.0416667 0.321153
0 0.214323 0.328241 0.00572917 0.025 0.333625
0 0.404948 0.382407 0.00989583 0.0425926 0.33499
0 0.360156 0.389815 0.00989583 0.0444444 0.336989
0 0.352865 0.388889 0.00989583 0.05 0.37024
0 0.979427 0.375463 0.0078125 0.037963 0.383402
0 0.676042 0.357407 0.0114583 0.05 0.384695
0 0.689062 0.368056 0.009375 0.0435185 0.40224
0 0.392448 0.383796 0.00989583 0.0435185 0.422745
0 0.601302 0.362963 0.0078125 0.0407407 0.437497
0 0.211198 0.407407 0.00885417 0.0407407 0.442078
0 0.0859375 0.348611 0.00625 0.0287037 0.481749
0 0.223438 0.408333 0.0104167 0.0444444 0.511129
0 0.73151 0.39213 0.0130208 0.0546296 0.51769
0 0.583594 0.359722 0.0109375 0.0416667 0.547767
0 0.790365 0.375926 0.0119792 0.0296296 0.58139
0 0.288281 0.396759 0.0119792 0.0398148 0.586906
0 0.543229 0.379167 0.00833333 0.0453704 0.602924
0 0.753646 0.38287 0.0166667 0.0657407 0.610953
0 0.567969 0.384259 0.00989583 0.0444444 0.632375
0 0.902344 0.360185 0.0119792 0.0592593 0.706764
0 0.621875 0.37963 0.0135417 0.0555556 0.722998
0 0.661719 0.399074 0.0140625 0.0796296 0.800029
0 0.710938 0.399537 0.0385417 0.0824074 0.802601
0 0.0111979 0.463889 0.0119792 0.0555556 0.81412
0 0.133073 0.480556 0.0296875 0.131481 0.859647
0 0.488021 0.389815 0.0270833 0.0944444 0.864725
0 0.946094 0.415741 0.0307292 0.203704 0.89537
0 0.258073 0.461111 0.0223958 0.116667 0.93559
