0 0.142188 0.426852 0.00520833 0.0277778 0.103336
0 0.652865 0.363889 0.0078125 0.0388889 0.104605
0 0.0763021 0.451852 0.00677083 0.0462963 0.107576
0 0.0671875 0.432407 0.00625 0.0222222 0.107766
0 0.676302 0.35 0.0109375 0.0203704 0.109072
0 0.128385 0.344444 0.00677083 0.0277778 0.109554
0 0.78099 0.365741 0.0078125 0.0444444 0.111724
0 0.775781 0.366667 0.0078125 0.0444444 0.124143
0 0.425521 0.377315 0.00729167 0.0305556 0.129724
0 0.338281 0.399074 0.0140625 0.0481481 0.133246
0 0.255469 0.403241 0.0078125 0.037963 0.137933
0 0.518229 0.367593 0.009375 0.0407407 0.142919
0 0.00338542 0.456019 0.00677083 0.0509259 0.163116
0 0.434375 0.380556 0.0104167 0.0407407 0.182786
0 0.479427 0.377778 0.00885417 0.0388889 0.190692
0 0.631771 0.378241 0.00625 0.0157407 0.193219
0 0.27526 0.396759 0.0078125 0.0342593 0.193936
0 0.714844 0.352778 0.00989583 0.0314815 0.214252
0 0.254948 0.327315 0.00572917 0.025 0.234018
0 0.690104 0.365278 0.00833333 0.0416667 0.239017
0 0.29401 0.398148 0.00677083 0.0407407 0.255297
0 0.466667 0.380093 0.00833333 0.0435185 0.265896
0 0.746875 0.362963 0.0114583 0.0537037 0.276391
0 0.317448 0.39213 0.00989583 0.0342593 0.307509
0 0.78724 0.362037 0.00885417 0.0518519 0.361131
0 0.805469 0.365278 0.00885417 0.0435185 0.369888
0 0.701823 0.363426 0.00885417 0.0435185 0.412996
0 0.723698 0.367593 0.00989583 0.0388889 0.427482
0 0.0833333 0.451389 0.0114583 0.0472222 0.441091
0 0.328125 0.397222 0.0104167 0.0518519 0.451599
0 0.195833 0.425463 0.00729167 0.0472222 0.478175
0 0.448698 0.380556 0.0119792 0.0462963 0.478361
0 0.0591146 0.444444 0.0078125 0.0388889 0.482708
0 0.0476562 0.447222 0.00989583 0.0462963 0.502822
0 0.203906 0.42037 0.00989583 0.0555556 0.538489
0 0.0190104 0.463889 0.0151042 0.0685185 0.540013
0 0.640365 0.365278 0.00885417 0.0416667 0.556546
0 0.0708333 0.450926 0.0114583 0.0537037 0.562624
36 0.414323 0.454167 0.0192708 0.0101852 0.623222
0 0.83099 0.380093 0.0119792 0.0287037 0.660634
0 0.623177 0.363889 0.00885417 0.0425926 0.682437
0 0.215365 0.420833 0.0109375 0.0490741 0.720951
0 0.945833 0.366667 0.0104167 0.062963 0.779777
0 0.676042 0.390741 0.01875 0.0592593 0.830116
0 0.720573 0.393056 0.0223958 0.0564815 0.844036
0 0.411458 0.405093 0.021875 0.10463 0.866661
0 0.305729 0.443519 0.0135417 0.0851852 0.868966
0 0.547396 0.415741 0.0260417 0.0851852 0.873286
0 0.520573 0.413889 0.0244792 0.0796296 0.879111
0 0.49375 0.418056 0.0364583 0.0824074 0.910557
0 0.131771 0.494444 0.03125 0.124074 0.911082
0 0.982031 0.427778 0.0317708 0.218519 0.916342
