13 0.152344 0.444444 0.0494792 0.0388889 0.10618
0 0.757812 0.366204 0.0104167 0.0546296 0.106352
0 0.447396 0.375926 0.00833333 0.0314815 0.110354
0 0.725 0.350926 0.009375 0.0240741 0.110442
0 0.791406 0.367593 0.0078125 0.0481481 0.114532
0 0.532552 0.386574 0.00989583 0.0342593 0.115007
0 0.0695312 0.44213 0.0078125 0.0398148 0.115119
0 0.663021 0.366667 0.00729167 0.037037 0.118516
0 0.666667 0.366204 0.00625 0.0361111 0.135989
0 0.513802 0.375463 0.00885417 0.0398148 0.145618
36 0.459115 0.475463 0.0151042 0.00833333 0.148341
36 0.417188 0.455556 0.0145833 0.0111111 0.151384
0 0.264583 0.326389 0.00625 0.025 0.159127
0 0.677865 0.365278 0.0078125 0.0416667 0.175125
0 0.785417 0.369907 0.00729167 0.0453704 0.189372
0 0.508594 0.375 0.00989583 0.0425926 0.190649
0 0.641146 0.380556 0.00625 0.0148148 0.194602
0 0.139062 0.343519 0.00625 0.0277778 0.196141
0 0.816146 0.367593 0.0104167 0.0444444 0.26165
0 0.498177 0.376852 0.0109375 0.0407407 0.264496
0 0.128646 0.431944 0.00729167 0.0324074 0.266486
0 0.486979 0.378704 0.009375 0.0407407 0.270183
0 0.540104 0.368056 0.0114583 0.0416667 0.28056
0 0.0260417 0.455556 0.009375 0.0407407 0.29049
0 0.467969 0.37963 0.0119792 0.0462963 0.293086
0 0.525 0.386574 0.0177083 0.0398148 0.294726
0 0.929427 0.368519 0.00989583 0.0518519 0.317369
0 0.711458 0.365278 0.009375 0.0453704 0.332078
0 0.65 0.366667 0.00833333 0.0425926 0.339827
0 0.0736979 0.441667 0.0130208 0.0444444 0.345241
0 0.354167 0.393056 0.00729167 0.0398148 0.346741
0 0.183854 0.418981 0.00833333 0.0398148 0.354531
0 0.797396 0.365741 0.00833333 0.0555556 0.360217
0 0.73724 0.375926 0.00885417 0.0425926 0.365203
0 0.426823 0.38287 0.00885417 0.0342593 0.37407
0 0.0929687 0.44537 0.0109375 0.0555556 0.378341
0 0.349219 0.394444 0.00677083 0.0425926 0.393626
0 0.0859375 0.448611 0.009375 0.0509259 0.404627
0 0.188802 0.428241 0.0109375 0.0509259 0.465521
0 0.368229 0.393519 0.0135417 0.0462963 0.468891
0 0.634896 0.366204 0.00833333 0.0398148 0.484736
0 0.335938 0.399537 0.0114583 0.0490741 0.526282
0 0.114844 0.436111 0.0130208 0.0518519 0.570831
0 0.196615 0.430093 0.0109375 0.0435185 0.579808
0 0.0192708 0.463426 0.0104167 0.0472222 0.589209
32 0.527604 0.468519 0.00729167 0.0111111 0.611525
0 0.0479167 0.45787 0.015625 0.0657407 0.684389
0 0.210938 0.423611 0.0125 0.0490741 0.717085
0 0.841146 0.38287 0.0125 0.0305556 0.724534
0 0.957292 0.368519 0.0104167 0.062963 0.810494
0 0.686198 0.397222 0.0151042 0.0574074 0.819694
0 0.728125 0.393981 0.0208333 0.0675926 0.821646
32 0.535677 0.4625 0.00989583 0.0157407 0.825934
0 0.323958 0.443056 0.01875 0.087963 0.830391
0 0.455729 0.434259 0.01875 0.0888889 0.846697
0 0.414062 0.407407 0.01875 0.107407 0.859068
0 0.540104 0.433333 0.04375 0.0833333 0.883644
0 0.988802 0.431019 0.0223958 0.219444 0.899035
0 0.107031 0.497222 0.0255208 0.124074 0.912588
0 0.590885 0.423611 0.0369792 0.0953704 0.935893
