0 0.438281 0.377778 0.0078125 0.0388889 0.100035
0 0.323698 0.385185 0.0078125 0.0203704 0.106307
2 0.922656 0.353704 0.0151042 0.0148148 0.107671
0 0.340625 0.383796 0.00625 0.0194444 0.108824
0 0.277083 0.398611 0.00729167 0.0342593 0.113038
13 0.0148437 0.464352 0.0151042 0.0268519 0.118106
0 0.654688 0.365741 0.00729167 0.037037 0.124101
0 0.525 0.358796 0.00729167 0.0212963 0.132422
0 0.432292 0.377778 0.00729167 0.0314815 0.133181
0 0.472135 0.379167 0.00989583 0.0416667 0.15267
0 0.485417 0.376852 0.009375 0.0407407 0.157942
0 0.130729 0.343981 0.00625 0.025 0.168166
0 0.740625 0.366204 0.009375 0.0490741 0.190151
0 0.257552 0.402778 0.0078125 0.0388889 0.207993
0 0.0554687 0.444444 0.0109375 0.0444444 0.222447
0 0.783333 0.364815 0.00729167 0.0481481 0.243336
0 0.633594 0.379167 0.00572917 0.0157407 0.244888
0 0.749479 0.364815 0.0114583 0.0537037 0.260613
0 0.776823 0.368056 0.00885417 0.0435185 0.268829
0 0.204948 0.423611 0.00989583 0.0472222 0.272732
0 0.454688 0.37963 0.0125 0.0462963 0.317056
0 0.717448 0.361574 0.00989583 0.0490741 0.339835
0 0.807813 0.368056 0.00833333 0.0398148 0.340838
0 0.703646 0.364815 0.009375 0.0425926 0.3424
0 0.0627604 0.444444 0.00885417 0.0425926 0.354425
0 0.302344 0.397222 0.00677083 0.0407407 0.392147
0 0.642448 0.364352 0.0078125 0.0416667 0.431522
0 0.530729 0.394444 0.009375 0.05 0.438045
0 0.0760417 0.451852 0.00833333 0.05 0.520237
0 0.789323 0.363426 0.00885417 0.0546296 0.53937
0 0.199479 0.425926 0.0135417 0.0481481 0.539713
0 0.53724 0.386111 0.00989583 0.0518519 0.546092
0 0.626042 0.365278 0.00833333 0.0398148 0.582283
0 0.191927 0.423148 0.0119792 0.0555556 0.618807
0 0.0864583 0.445833 0.0145833 0.0601852 0.653275
0 0.00494792 0.468056 0.00989583 0.0398148 0.685038
0 0.2125 0.423148 0.0114583 0.0462963 0.728448
0 0.833073 0.381481 0.0119792 0.0296296 0.768378
0 0.0317708 0.463426 0.0208333 0.0694444 0.771122
0 0.948438 0.367593 0.0104167 0.062963 0.777278
0 0.730208 0.386574 0.0166667 0.075 0.779889
0 0.679688 0.391204 0.015625 0.062037 0.801441
0 0.521354 0.424537 0.0208333 0.0861111 0.837155
0 0.311458 0.444444 0.0166667 0.0851852 0.868623
0 0.569792 0.421759 0.0260417 0.0805556 0.874084
0 0.410937 0.406019 0.015625 0.108333 0.886636
0 0.984375 0.428241 0.03125 0.219444 0.914127
0 0.477865 0.427315 0.0223958 0.087963 0.914308
0 0.133073 0.497685 0.0317708 0.119444 0.923981
