38 0.901302 0.404167 0.0109375 0.0212963 0.100279
0 0.564583 0.376389 0.00520833 0.0157407 0.103006
0 0.59974 0.3625 0.00677083 0.0416667 0.104678
0 0.763021 0.373611 0.0104167 0.0324074 0.107641
0 0.348177 0.389815 0.0078125 0.0425926 0.10852
0 0.584635 0.363426 0.0078125 0.037963 0.119368
0 0.963802 0.352778 0.00677083 0.0185185 0.133649
0 0.305469 0.394444 0.0130208 0.05 0.137261
0 0.941927 0.35 0.0046875 0.0185185 0.15541
0 0.258073 0.394907 0.00677083 0.0324074 0.155899
0 0.735937 0.362037 0.0104167 0.0425926 0.205667
0 0.359115 0.385648 0.00885417 0.0453704 0.224216
0 0.608594 0.359259 0.0119792 0.0444444 0.275141
0 0.555729 0.354167 0.00833333 0.0231481 0.289634
0 0.679167 0.360185 0.0114583 0.0537037 0.289924
0 0.331771 0.389352 0.00833333 0.0416667 0.295355
0 0.23125 0.406944 0.00729167 0.0416667 0.298701
0 0.266927 0.39537 0.00989583 0.0333333 0.302337
0 0.184635 0.330556 0.00572917 0.0259259 0.315636
0 0.572917 0.364352 0.00833333 0.0398148 0.339461
0 0.236458 0.410648 0.00833333 0.0435185 0.342989
0 0.380208 0.375463 0.00729167 0.0361111 0.367244
0 0.342187 0.387963 0.0104167 0.0462963 0.375844
0 0.196615 0.407407 0.00885417 0.0314815 0.387415
0 0.657552 0.3625 0.00989583 0.0453704 0.394051
0 0.160677 0.421296 0.0109375 0.05 0.402222
0 0.647396 0.35787 0.009375 0.0490741 0.414091
0 0.717188 0.358333 0.0104167 0.0518519 0.43902
0 0.179167 0.413889 0.00729167 0.0388889 0.44151
0 0.283073 0.397222 0.0078125 0.05 0.4478
0 0.253125 0.408333 0.0145833 0.0462963 0.49183
0 0.0541667 0.351389 0.00625 0.0287037 0.513315
0 0.169792 0.418519 0.0125 0.0462963 0.560356
0 0.947396 0.373611 0.00729167 0.0416667 0.571804
0 0.982813 0.360648 0.00729167 0.0342593 0.593615
0 0.669271 0.369907 0.0104167 0.0435185 0.607824
0 0.758854 0.388426 0.0135417 0.0490741 0.608518
0 0.63099 0.374074 0.0140625 0.0574074 0.657984
0 0.870833 0.359259 0.0104167 0.0592593 0.664596
0 0.558073 0.383333 0.00989583 0.0425926 0.702447
0 0.535937 0.378704 0.0114583 0.0462963 0.708532
32 0.8375 0.401389 0.00625 0.012037 0.720982
0 0.0325521 0.454167 0.0151042 0.0564815 0.757184
0 0.704948 0.387963 0.0130208 0.0648148 0.78473
0 0.748177 0.390741 0.0151042 0.0796296 0.786036
0 0.104427 0.490741 0.0276042 0.125926 0.867758
0 0.510677 0.384259 0.0203125 0.0888889 0.876524
0 0.914844 0.412963 0.0348958 0.198148 0.895146
0 0.310677 0.457407 0.0338542 0.125926 0.913041
