0 0.947656 0.352778 0.00885417 0.0240741 0.101649
25 0.0341146 0.276389 0.0671875 0.132407 0.109107
0 0.0877604 0.351389 0.00677083 0.0287037 0.121859
0 0.738281 0.362037 0.0119792 0.0462963 0.128932
0 0.601302 0.362037 0.0078125 0.0425926 0.13469
0 0.976562 0.368519 0.00625 0.05 0.157375
0 0.5875 0.363426 0.00729167 0.0398148 0.166072
0 0.107813 0.428704 0.0104167 0.0444444 0.211781
0 0.789323 0.359722 0.00989583 0.0472222 0.213093
0 0.1875 0.330556 0.00625 0.0240741 0.220926
0 0.290885 0.390741 0.00885417 0.0407407 0.235607
0 0.997135 0.36713 0.00572917 0.0324074 0.249134
0 0.334635 0.383796 0.00572917 0.0342593 0.252472
0 0.85 0.373148 0.00625 0.0259259 0.253774
0 0.558073 0.356019 0.00885417 0.0287037 0.26533
0 0.365365 0.386111 0.00989583 0.0462963 0.2689
0 0.338021 0.383333 0.00833333 0.037037 0.270484
0 0.260417 0.394444 0.00729167 0.0333333 0.274939
0 0.543229 0.361111 0.00625 0.0259259 0.280446
0 0.611198 0.359259 0.0109375 0.0444444 0.330772
0 0.273958 0.394444 0.00729167 0.0333333 0.350435
0 0.660417 0.361111 0.009375 0.0481481 0.357973
0 0.681771 0.360185 0.0114583 0.0537037 0.374593
0 0.636979 0.360185 0.009375 0.0425926 0.396782
0 0.719792 0.357407 0.0104167 0.0518519 0.40071
0 0.575781 0.363889 0.00885417 0.0407407 0.401828
0 0.764583 0.375926 0.0114583 0.0296296 0.425214
0 0.754427 0.384722 0.0119792 0.0546296 0.450135
0 0.64974 0.358333 0.00989583 0.05 0.484621
0 0.386198 0.375926 0.00989583 0.0351852 0.484953
0 0.347656 0.388426 0.0109375 0.0453704 0.493349
0 0.949219 0.36713 0.00989583 0.0546296 0.497377
0 0.3125 0.393981 0.0145833 0.0490741 0.501912
0 0.670052 0.368519 0.00989583 0.0444444 0.525953
0 0.199479 0.406481 0.00833333 0.0333333 0.52702
0 0.0572917 0.350926 0.00625 0.0296296 0.555643
0 0.176563 0.417593 0.0135417 0.05 0.591316
0 0.25 0.40787 0.0135417 0.0490741 0.595906
0 0.711198 0.385185 0.0109375 0.0555556 0.618857
0 0.628646 0.376389 0.0104167 0.0564815 0.631064
0 0.235938 0.410648 0.0125 0.0453704 0.636511
0 0.989323 0.3625 0.00572917 0.0361111 0.667318
0 0.533333 0.380556 0.00833333 0.0444444 0.735588
0 0.554688 0.382407 0.0125 0.0462963 0.739209
0 0.874219 0.359259 0.0109375 0.0574074 0.745267
0 0.0473958 0.450463 0.0166667 0.0546296 0.755118
0 0.700781 0.389815 0.0130208 0.0648148 0.790042
32 0.826042 0.402315 0.00625 0.012037 0.80244
0 0.741667 0.393519 0.0260417 0.0759259 0.803604
0 0.50599 0.384259 0.0151042 0.0907407 0.840585
0 0.107552 0.489352 0.0255208 0.126852 0.862989
0 0.917969 0.412963 0.0359375 0.2 0.891065
0 0.298698 0.45787 0.0317708 0.126852 0.921152
