0 0.896354 0.355556 0.00729167 0.0388889 0.100163
0 0.593229 0.376389 0.00625 0.0157407 0.105841
0 0.770833 0.363889 0.00833333 0.0351852 0.10902
0 0.247917 0.393981 0.00833333 0.0175926 0.109834
0 0.684896 0.359259 0.00833333 0.0444444 0.119928
0 0.996094 0.354167 0.0078125 0.0231481 0.147517
0 0.829687 0.357407 0.0114583 0.0518519 0.149029
0 0.651042 0.3625 0.009375 0.0435185 0.158495
0 0.215365 0.328241 0.00572917 0.025 0.166849
0 0.341927 0.388426 0.00885417 0.0472222 0.17002
0 0.366146 0.388426 0.0114583 0.0453704 0.184954
0 0.6375 0.359722 0.0125 0.0435185 0.195212
0 0.235417 0.413889 0.009375 0.0481481 0.209936
0 0.286458 0.391667 0.00833333 0.0333333 0.210217
0 0.766667 0.361574 0.0104167 0.0416667 0.211671
0 0.92526 0.348611 0.00677083 0.0231481 0.239521
0 0.66276 0.361111 0.00885417 0.0425926 0.268343
0 0.408854 0.380093 0.009375 0.0453704 0.269152
0 0.358594 0.3875 0.0109375 0.0490741 0.271839
26 0.123438 0.486111 0.0114583 0.0333333 0.277004
0 0.878385 0.374074 0.00572917 0.0296296 0.29655
0 0.676042 0.357407 0.0104167 0.05 0.310835
0 0.560156 0.366204 0.00677083 0.0324074 0.327075
32 0.720312 0.4125 0.00833333 0.0157407 0.33356
0 0.415104 0.375463 0.00833333 0.0398148 0.341665
0 0.228385 0.40787 0.0078125 0.0453704 0.360052
0 0.690104 0.368981 0.00833333 0.0398148 0.369154
0 0.585156 0.362037 0.00885417 0.0407407 0.379118
0 0.445052 0.372685 0.00677083 0.0342593 0.383714
0 0.432813 0.369907 0.00729167 0.0324074 0.394643
0 0.0864583 0.349074 0.00625 0.0277778 0.405317
0 0.296094 0.394907 0.00989583 0.0416667 0.410254
0 0.309635 0.389352 0.00885417 0.0361111 0.414218
0 0.327083 0.3875 0.00625 0.0324074 0.431651
0 0.602083 0.363426 0.00833333 0.0416667 0.451247
36 0.476302 0.429167 0.0151042 0.0157407 0.453058
0 0.746875 0.358796 0.0104167 0.0546296 0.456809
0 0.396354 0.38287 0.0104167 0.0435185 0.463856
0 0.716146 0.394907 0.0177083 0.0490741 0.464532
0 0.791406 0.375 0.0109375 0.0277778 0.574773
0 0.54375 0.379167 0.00833333 0.0453704 0.589304
0 0.615365 0.380556 0.0119792 0.0555556 0.596111
0 0.136198 0.430093 0.0109375 0.0490741 0.616929
0 0.979948 0.374074 0.00885417 0.0444444 0.62143
0 0.567969 0.385648 0.00989583 0.0453704 0.644966
0 0.903646 0.360185 0.0104167 0.0574074 0.664788
0 0.0140625 0.463426 0.015625 0.0546296 0.750638
0 0.170573 0.417593 0.0109375 0.0444444 0.758001
0 0.629427 0.411574 0.0140625 0.0657407 0.825647
0 0.702344 0.408333 0.0234375 0.0666667 0.829868
0 0.132292 0.485185 0.0291667 0.122222 0.875486
0 0.740104 0.388426 0.0197917 0.062037 0.877569
0 0.476562 0.388889 0.0135417 0.0925926 0.887704
0 0.946615 0.415741 0.0307292 0.203704 0.895061
0 0.245312 0.460185 0.021875 0.111111 0.919157
