0 0.780469 0.363889 0.0078125 0.0462963 0.100925
0 0.27526 0.397222 0.00677083 0.0333333 0.105061
0 0.156771 0.338889 0.00833333 0.0407407 0.10665
32 0.530208 0.439815 0.00520833 0.00925926 0.127064
0 0.003125 0.456944 0.00625 0.0453704 0.127903
0 0.255729 0.402778 0.00729167 0.037037 0.131461
0 0.4875 0.377315 0.009375 0.037963 0.132782
0 0.477604 0.375926 0.0125 0.0407407 0.137614
0 0.342708 0.403704 0.00729167 0.037037 0.138342
0 0.631771 0.377778 0.00625 0.0166667 0.151677
0 0.689323 0.363889 0.00885417 0.0407407 0.156903
0 0.128385 0.343981 0.00677083 0.0268519 0.16124
0 0.317969 0.394907 0.00885417 0.037963 0.200337
0 0.714583 0.353704 0.0104167 0.0351852 0.204626
0 0.254427 0.326852 0.00572917 0.0240741 0.216489
0 0.464323 0.37963 0.00885417 0.0425926 0.241531
0 0.332031 0.39537 0.00677083 0.0407407 0.243241
0 0.746875 0.3625 0.0114583 0.0564815 0.259689
0 0.32526 0.396296 0.00989583 0.0462963 0.271213
0 0.402865 0.383796 0.0078125 0.0342593 0.293575
0 0.291667 0.398148 0.00625 0.0407407 0.315672
0 0.551042 0.375463 0.009375 0.037963 0.321344
0 0.702083 0.362963 0.009375 0.0444444 0.346472
0 0.805208 0.364815 0.009375 0.0425926 0.355314
0 0.78724 0.362037 0.00885417 0.0537037 0.357471
0 0.447917 0.380556 0.0114583 0.0462963 0.371631
0 0.0833333 0.451389 0.0114583 0.0472222 0.423433
0 0.723698 0.369907 0.00989583 0.0453704 0.425181
0 0.640625 0.364815 0.00833333 0.0407407 0.460362
0 0.0611979 0.446759 0.0109375 0.0527778 0.474555
0 0.209115 0.419907 0.00885417 0.0509259 0.503157
32 0.523698 0.441667 0.00989583 0.012963 0.511114
0 0.0710938 0.452778 0.0109375 0.05 0.578692
0 0.83099 0.380093 0.0130208 0.0287037 0.600692
0 0.622917 0.362963 0.009375 0.0425926 0.609446
0 0.199219 0.425 0.0130208 0.0462963 0.641197
0 0.21901 0.421296 0.0140625 0.05 0.645751
0 0.0182292 0.46713 0.015625 0.0638889 0.706635
0 0.946094 0.365278 0.0109375 0.0601852 0.718067
0 0.523177 0.409722 0.0192708 0.0768519 0.750038
0 0.677083 0.388426 0.015625 0.062037 0.782905
0 0.502865 0.415278 0.0213542 0.0768519 0.804138
0 0.717188 0.389352 0.0166667 0.0583333 0.814848
0 0.541146 0.409722 0.0208333 0.0842593 0.826237
0 0.41849 0.405093 0.0244792 0.10463 0.843651
0 0.304427 0.443519 0.0161458 0.0833333 0.897592
0 0.132031 0.494444 0.0296875 0.122222 0.898059
0 0.982292 0.426852 0.0322917 0.218519 0.911268
