0 0.410417 0.377778 0.0104167 0.0444444 0.109484
0 0.627344 0.360185 0.0078125 0.0407407 0.110125
0 0.708333 0.358333 0.0135417 0.05 0.11265
0 0.636979 0.358796 0.0125 0.0435185 0.117292
0 0.430469 0.363889 0.00572917 0.0203704 0.119309
0 0.771615 0.3625 0.0078125 0.0398148 0.120553
0 0.339063 0.388889 0.00625 0.0444444 0.121314
0 0.921615 0.351389 0.00572917 0.025 0.131916
0 0.43099 0.373611 0.00677083 0.0398148 0.15174
0 0.394531 0.384259 0.00885417 0.0425926 0.155942
0 0.746875 0.345833 0.0104167 0.0305556 0.159876
0 0.233854 0.408796 0.00833333 0.0472222 0.165711
0 0.406771 0.378704 0.0104167 0.0462963 0.17366
0 0.26875 0.393981 0.0104167 0.0398148 0.188352
0 0.697656 0.366204 0.00885417 0.0490741 0.192975
0 0.286719 0.394907 0.00885417 0.0361111 0.194903
0 0.735937 0.361574 0.00833333 0.0453704 0.236256
0 0.828646 0.357407 0.0104167 0.0518519 0.241139
0 0.877865 0.373611 0.00572917 0.0287037 0.241972
0 0.6625 0.360648 0.009375 0.0416667 0.2748
0 0.214583 0.328241 0.00625 0.025 0.280309
0 0.21224 0.406019 0.00885417 0.0416667 0.28873
0 0.353906 0.387963 0.00989583 0.05 0.297489
0 0.435677 0.375 0.00677083 0.0407407 0.305506
0 0.238542 0.412037 0.009375 0.0462963 0.316898
0 0.765625 0.3625 0.009375 0.0416667 0.318921
0 0.0859375 0.348611 0.00625 0.0268519 0.319483
0 0.601823 0.3625 0.0078125 0.0416667 0.349121
0 0.291927 0.395833 0.0078125 0.0398148 0.353864
0 0.361458 0.388426 0.009375 0.0453704 0.356122
0 0.99349 0.352315 0.00677083 0.0212963 0.362466
0 0.323438 0.388426 0.009375 0.0342593 0.372729
0 0.676302 0.357407 0.00989583 0.0481481 0.378552
0 0.315104 0.388889 0.00833333 0.037037 0.37996
0 0.689062 0.368981 0.009375 0.0435185 0.429965
0 0.00416667 0.470833 0.00833333 0.0435185 0.430307
0 0.225781 0.40787 0.0109375 0.0453704 0.444296
0 0.584375 0.361111 0.009375 0.0425926 0.455647
0 0.979688 0.373611 0.00833333 0.0453704 0.47996
0 0.790885 0.375926 0.0119792 0.0296296 0.596299
0 0.166927 0.418981 0.00989583 0.0435185 0.643353
0 0.54349 0.378704 0.0078125 0.0444444 0.654383
0 0.726302 0.393056 0.0151042 0.0564815 0.658395
0 0.747396 0.384259 0.0135417 0.0666667 0.681726
0 0.617708 0.37963 0.0145833 0.0574074 0.704243
0 0.56849 0.385185 0.00989583 0.0444444 0.722819
0 0.902865 0.360648 0.0109375 0.0601852 0.732163
0 0.0127604 0.463426 0.0140625 0.0527778 0.77528
0 0.708333 0.39537 0.0291667 0.0888889 0.875845
0 0.24974 0.463426 0.0244792 0.113889 0.894281
0 0.133854 0.485185 0.0302083 0.122222 0.903554
0 0.946875 0.415278 0.0302083 0.202778 0.904004
0 0.485938 0.389352 0.021875 0.0953704 0.905743
0 0.648438 0.400463 0.0302083 0.0768519 0.930267
