0 0.691406 0.3625 0.0109375 0.0398148 0.106337
0 0.336458 0.4 0.009375 0.0481481 0.126222
0 0.954948 0.360185 0.0078125 0.0296296 0.126292
0 0.753646 0.368056 0.009375 0.0472222 0.134461
0 0.763542 0.366204 0.0104167 0.0546296 0.138898
0 0.790625 0.370833 0.00729167 0.0435185 0.159687
0 0.453906 0.376852 0.00677083 0.0314815 0.160692
0 0.716927 0.364815 0.00885417 0.0425926 0.16348
0 0.796615 0.367593 0.0078125 0.0481481 0.174508
13 0.0182292 0.461574 0.034375 0.0342593 0.175563
0 0.463021 0.381944 0.0135417 0.0435185 0.188694
0 0.820833 0.369444 0.009375 0.0425926 0.227037
0 0.378906 0.391667 0.0078125 0.0425926 0.255941
0 0.495833 0.37963 0.0114583 0.0407407 0.256088
0 0.363281 0.39213 0.0078125 0.0398148 0.265684
0 0.505208 0.376389 0.00833333 0.0416667 0.266151
0 0.144531 0.343056 0.00572917 0.0268519 0.267711
0 0.730208 0.362037 0.0114583 0.0481481 0.27435
0 0.548177 0.366667 0.0109375 0.0388889 0.2759
0 0.646875 0.381019 0.00729167 0.0175926 0.28595
0 0.0330729 0.452315 0.00885417 0.0416667 0.290256
0 0.181771 0.421296 0.00833333 0.0407407 0.320684
0 0.358854 0.392593 0.00833333 0.0407407 0.328182
32 0.545052 0.465278 0.0130208 0.0175926 0.332321
0 0.00442708 0.459259 0.00885417 0.0407407 0.37799
0 0.0867188 0.437963 0.0078125 0.0462963 0.403601
0 0.802604 0.365741 0.00833333 0.0537037 0.409409
0 0.654948 0.366667 0.0078125 0.0444444 0.431757
0 0.433854 0.381481 0.00729167 0.0351852 0.450607
0 0.341667 0.399537 0.00833333 0.0509259 0.466425
0 0.740885 0.377315 0.00989583 0.0435185 0.498563
0 0.936198 0.37037 0.0109375 0.0518519 0.539144
0 0.475781 0.380093 0.0109375 0.0453704 0.549251
0 0.0760417 0.440741 0.009375 0.037037 0.555317
0 0.0268229 0.4625 0.00885417 0.0453704 0.597449
0 0.639583 0.366667 0.00833333 0.0407407 0.598103
0 0.520052 0.392593 0.0119792 0.0481481 0.605709
0 0.846875 0.384259 0.0125 0.0296296 0.621163
0 0.194531 0.429167 0.0109375 0.0435185 0.626957
0 0.963021 0.369444 0.0104167 0.062963 0.713747
0 0.2125 0.423148 0.0114583 0.05 0.738145
0 0.131771 0.433333 0.015625 0.0518519 0.763357
0 0.411719 0.411111 0.0234375 0.107407 0.794227
0 0.0575521 0.456481 0.0171875 0.0648148 0.79725
0 0.53125 0.398611 0.0208333 0.0527778 0.79917
0 0.727865 0.396296 0.0182292 0.0648148 0.833199
0 0.685938 0.395833 0.0177083 0.0657407 0.844393
0 0.991667 0.432407 0.0166667 0.218519 0.87203
0 0.441406 0.431944 0.0421875 0.0935185 0.889294
0 0.554948 0.435185 0.0328125 0.0833333 0.909173
0 0.0947917 0.500463 0.03125 0.123148 0.914514
0 0.327604 0.443519 0.0354167 0.0907407 0.923922
0 0.592708 0.426389 0.0385417 0.0916667 0.952778
