0 0.535156 0.575 0.0171875 0.062963
0 0.236458 0.4375 0.0125 0.0453704
0 0.00416667 0.395833 0.00833333 0.0509259
0 0.710938 0.367593 0.0114583 0.0462963
6 0.594792 0.380093 0.00833333 0.0361111
4 0.971875 0.360648 0.0541667 0.0453704
0 0.594792 0.380556 0.00833333 0.0351852
0 0.871094 0.387963 0.0140625 0.0462963
0 0.573438 0.386111 0.0104167 0.0425926
0 0.52474 0.412963 0.0109375 0.0555556
0 0.355469 0.403704 0.0130208 0.0518519
0 0.518229 0.413426 0.0114583 0.0509259
0 0.55625 0.388889 0.009375 0.0388889
0 0.071875 0.506019 0.021875 0.0935185
0 0.78125 0.419444 0.0177083 0.0814815
0 0.763021 0.415741 0.01875 0.087037
0 0.445312 0.41713 0.0239583 0.106481
0 0.263281 0.470833 0.0192708 0.0805556
0 0.245312 0.477778 0.025 0.0888889
0 0.627344 0.42037 0.0223958 0.0796296
0 0.500781 0.441204 0.0213542 0.102778
1 0.520052 0.477315 0.0130208 0.0212963
