0 0.581771 0.403241 0.0135417 0.0435185
0 0.704427 0.369907 0.00677083 0.0324074
0 0.355208 0.394907 0.0104167 0.0435185
0 0.186198 0.411574 0.0109375 0.0398148
0 0.577604 0.423611 0.021875 0.0768519
0 0.575521 0.402778 0.0125 0.0444444
0 0.0658854 0.440278 0.0140625 0.0509259
0 0.534375 0.394444 0.0177083 0.0481481
0 0.0395833 0.473148 0.0125 0.0407407
0 0.116146 0.501389 0.021875 0.108333
0 0.984375 0.422685 0.0291667 0.232407
0 0.73099 0.400463 0.0140625 0.0509259
0 0.585417 0.429167 0.0208333 0.0731481
0 0.683073 0.398148 0.0140625 0.0518519
0 0.31875 0.446296 0.0177083 0.0740741
0 0.4625 0.437037 0.0302083 0.087037
0 0.411719 0.408796 0.0203125 0.100926
0 0.528125 0.434259 0.0229167 0.0814815
