6 0.724219 0.369444 0.0130208 0.0388889
0 0.467969 0.37963 0.0109375 0.0462963
0 0.698958 0.36713 0.009375 0.0361111
0 0.27526 0.396296 0.00885417 0.0333333
0 0.980208 0.420833 0.0375 0.225
0 0.130729 0.498611 0.0260417 0.115741
0 0.678646 0.39537 0.015625 0.0537037
0 0.30599 0.445833 0.0151042 0.0805556
0 0.549479 0.418519 0.021875 0.0814815
0 0.489844 0.421759 0.0234375 0.0824074
0 0.722396 0.393519 0.0197917 0.0555556
0 0.521875 0.417593 0.0166667 0.0722222
0 0.411198 0.405093 0.0223958 0.10463
1 0.713802 0.4125 0.0046875 0.00833333
