0 0.103906 0.438889 0.0130208 0.0555556
0 0.21224 0.406019 0.0140625 0.0509259
0 0.506771 0.680556 0.021875 0.0685185
0 0.65599 0.3625 0.0078125 0.0287037
6 0.420312 0.371759 0.0104167 0.0324074
0 0.672656 0.353241 0.0109375 0.0416667
0 0.761979 0.359259 0.009375 0.0388889
0 0.598958 0.356481 0.0104167 0.037037
0 0.311458 0.389815 0.00833333 0.0333333
0 0.409375 0.374074 0.0104167 0.0351852
0 0.921875 0.625 0.0166667 0.0685185
0 0.396094 0.650926 0.0140625 0.0518519
4 0.81224 0.352315 0.129688 0.075
0 0.727865 0.381481 0.00989583 0.0407407
0 0.74349 0.3625 0.0140625 0.062037
0 0.540625 0.382407 0.009375 0.0407407
0 0.946094 0.412963 0.0421875 0.2
0 0.130469 0.493056 0.0223958 0.10463
0 0.769271 0.3875 0.0135417 0.0546296
0 0.49974 0.386574 0.0213542 0.0935185
0 0.565625 0.385185 0.0104167 0.0407407
0 0.276823 0.464815 0.0255208 0.111111
0 0.688802 0.395833 0.0182292 0.075
0 0.736719 0.402778 0.0223958 0.0722222
0 0.627604 0.379167 0.0125 0.0509259
1 0.78776 0.395833 0.00885417 0.0138889
