0 0.630729 0.391667 0.009375 0.0407407
0 0.153125 0.64213 0.01875 0.0675926
0 0.0046875 0.4875 0.009375 0.0490741
0 0.36875 0.418056 0.0104167 0.0416667
0 0.0557292 0.475926 0.0104167 0.0407407
0 0.372656 0.410185 0.0109375 0.0388889
0 0.570052 0.388889 0.0109375 0.0407407
0 0.266406 0.430093 0.0140625 0.0490741
0 0.854688 0.446296 0.021875 0.0851852
0 0.071875 0.475 0.009375 0.0333333
0 0.34974 0.462037 0.0140625 0.0685185
0 0.604948 0.420833 0.0109375 0.0435185
0 0.875 0.444444 0.021875 0.0981481
0 0.619531 0.430093 0.0130208 0.0564815
0 0.759115 0.429167 0.0161458 0.0805556
0 0.164323 0.487037 0.0161458 0.0777778
0 0.55026 0.424537 0.0223958 0.108333
0 0.507031 0.4625 0.0286458 0.10463
0 0.335677 0.465741 0.0151042 0.0666667
1 0.522135 0.502778 0.0151042 0.0259259
