0 0.68125 0.365278 0.0104167 0.0398148
0 0.705469 0.391667 0.0140625 0.0277778
0 0.284896 0.564815 0.021875 0.062963
4 0.920313 0.37037 0.144792 0.0907407
0 0.145052 0.436111 0.0151042 0.0611111
0 0.503646 0.381481 0.0125 0.0462963
0 0.104427 0.503704 0.0244792 0.109259
0 0.417969 0.426389 0.0140625 0.0527778
0 0.779948 0.37963 0.0130208 0.0425926
0 0.532031 0.396296 0.0130208 0.0444444
0 0.416406 0.447222 0.0213542 0.0833333
0 0.58776 0.408796 0.0171875 0.0509259
0 0.569792 0.426852 0.0291667 0.0907407
0 0.541406 0.409259 0.0119792 0.0425926
0 0.75 0.408333 0.015625 0.0555556
0 0.377604 0.451389 0.0229167 0.0935185
0 0.434375 0.408796 0.021875 0.0990741
0 0.709896 0.406944 0.025 0.0583333
1 0.585417 0.4625 0.0125 0.0194444
1 0.785417 0.39537 0.00625 0.00925926
