0 0.152604 0.611574 0.015625 0.0601852
0 0.0330729 0.480556 0.0109375 0.0444444
0 0.245833 0.593982 0.0145833 0.0657407
0 0.457292 0.506481 0.0125 0.0314815
0 0.447917 0.443981 0.0145833 0.0527778
0 0.0466146 0.472222 0.0119792 0.0481481
0 0.0106771 0.471759 0.00989583 0.037963
0 0.00234375 0.493056 0.0046875 0.0416667
6 0.59375 0.420833 0.0114583 0.0490741
0 0.474479 0.4 0.0114583 0.0481481
0 0.279687 0.425926 0.0135417 0.0537037
0 0.0726563 0.474537 0.00885417 0.0324074
0 0.0549479 0.477315 0.0109375 0.0398148
0 0.580729 0.393981 0.009375 0.0416667
0 0.634375 0.390278 0.009375 0.0361111
0 0.422917 0.412037 0.0125 0.0537037
0 0.573958 0.391667 0.009375 0.037037
0 0.593229 0.419907 0.0114583 0.0490741
0 0.378646 0.417593 0.009375 0.037037
0 0.840625 0.444444 0.025 0.0944444
0 0.448698 0.47037 0.0234375 0.0944444
0 0.605729 0.431019 0.0135417 0.0564815
0 0.336719 0.464815 0.0140625 0.0592593
0 0.147135 0.486111 0.0161458 0.0777778
0 0.353385 0.456019 0.0161458 0.0657407
0 0.75 0.424074 0.01875 0.087037
0 0.54349 0.424074 0.0265625 0.114815
1 0.457292 0.50463 0.0125 0.0259259
