0 0.411198 0.379167 0.0078125 0.0305556
0 0.257552 0.415741 0.0119792 0.0481481
0 0.0226563 0.244907 0.0140625 0.0527778
0 0.5875 0.550926 0.0177083 0.0703704
0 0.9875 0.422685 0.0229167 0.232407
0 0.596875 0.361574 0.0104167 0.0361111
0 0.532292 0.40463 0.0125 0.0611111
0 0.739323 0.385185 0.0140625 0.0537037
0 0.547396 0.402315 0.009375 0.037963
0 0.583854 0.383796 0.009375 0.037963
0 0.45625 0.398148 0.0197917 0.0962963
0 0.539323 0.419907 0.0171875 0.0564815
0 0.688281 0.3875 0.0171875 0.0435185
0 0.323958 0.439815 0.0177083 0.0740741
0 0.138021 0.493981 0.025 0.112037
0 0.570312 0.39537 0.0135417 0.0592593
1 0.541667 0.439815 0.009375 0.0148148
