0 0.529167 0.399074 0.0104167 0.0462963
0 0.542188 0.388426 0.0114583 0.0435185
0 0.275521 0.395833 0.009375 0.0324074
0 0.0236979 0.466204 0.0161458 0.0694444
0 0.426562 0.378241 0.009375 0.0361111
0 0.698698 0.366204 0.0078125 0.0305556
0 0.198437 0.422222 0.015625 0.0592593
0 0.980208 0.421759 0.0375 0.225
0 0.678906 0.39537 0.0171875 0.0537037
0 0.724219 0.393056 0.0161458 0.0564815
0 0.554167 0.418056 0.025 0.0768519
0 0.30651 0.444444 0.0151042 0.0796296
0 0.486719 0.424537 0.0255208 0.0805556
0 0.13099 0.499074 0.0255208 0.112963
0 0.410937 0.40463 0.021875 0.103704
0 0.522135 0.421759 0.0171875 0.0712963
