0 0.179688 0.434722 0.0125 0.0527778
4 0.354688 0.368056 0.146875 0.0768519
0 0.709375 0.367593 0.0104167 0.0425926
5 0.939583 0.374537 0.120833 0.0861111
0 0.635938 0.3625 0.00833333 0.0305556
0 0.249479 0.412037 0.0104167 0.0425926
2 0.354948 0.368981 0.150521 0.0768519
0 0.810417 0.382407 0.0125 0.0425926
0 0.717969 0.384259 0.00572917 0.0203704
4 0.939844 0.373611 0.120312 0.087963
0 0.521615 0.38287 0.00885417 0.0398148
0 0.273958 0.541204 0.0125 0.0527778
6 0.521615 0.38287 0.00885417 0.0398148
0 0.55625 0.379167 0.0104167 0.0453704
0 0.234115 0.55 0.0130208 0.0518519
0 0.370833 0.434722 0.0177083 0.0546296
0 0.734896 0.397685 0.009375 0.0361111
0 0.138542 0.430093 0.0104167 0.0398148
0 0.361458 0.396296 0.0114583 0.0518519
0 0.392969 0.408333 0.00989583 0.037037
0 0.156771 0.447222 0.0145833 0.0537037
0 0.532292 0.401389 0.0125 0.0398148
0 0.483854 0.386111 0.009375 0.0388889
0 0.369271 0.45787 0.0239583 0.100926
0 0.216146 0.41713 0.0114583 0.0435185
0 0.723698 0.397685 0.0078125 0.0305556
0 0.730208 0.421296 0.0125 0.0462963
0 0.35625 0.461574 0.0302083 0.100926
0 0.0945313 0.508796 0.0244792 0.112037
0 0.53125 0.433796 0.0291667 0.0787037
0 0.764063 0.406481 0.015625 0.0740741
0 0.438802 0.415741 0.0296875 0.107407
0 0.571094 0.424537 0.0328125 0.0787037
1 0.103385 0.492593 0.00677083 0.0111111
1 0.550781 0.460648 0.0119792 0.0194444
