0 0.0239583 0.450463 0.0197917 0.0731481
0 0.710156 0.36713 0.0078125 0.0305556
0 0.417708 0.379167 0.00833333 0.0324074
0 0.736979 0.371296 0.0114583 0.0388889
0 0.395573 0.387037 0.0109375 0.0388889
0 0.00729167 0.470833 0.0145833 0.0657407
0 0.535937 0.375 0.00833333 0.0333333
0 0.988021 0.421759 0.021875 0.234259
0 0.611458 0.359259 0.00833333 0.0314815
6 0.736719 0.370833 0.0119792 0.0398148
0 0.539583 0.405556 0.009375 0.0388889
0 0.548958 0.410185 0.0125 0.0537037
0 0.733333 0.390278 0.0208333 0.0490741
0 0.68724 0.3875 0.00989583 0.037963
0 0.584896 0.383796 0.009375 0.037963
0 0.32526 0.440278 0.0161458 0.0731481
0 0.147396 0.493981 0.0239583 0.108333
0 0.453906 0.399074 0.0192708 0.0981481
0 0.566927 0.397222 0.0182292 0.0648148
1 0.532812 0.436111 0.0104167 0.0166667
1 0.0210938 0.424074 0.00885417 0.0148148
