6 0.530729 0.402778 0.009375 0.0425926
0 0.275781 0.395833 0.00989583 0.0342593
0 0.195833 0.425 0.015625 0.0555556
0 0.0257812 0.475926 0.0140625 0.0462963
0 0.529948 0.39537 0.0109375 0.05
0 0.540365 0.389352 0.0109375 0.0435185
0 0.980208 0.422685 0.0375 0.225
0 0.725521 0.39213 0.015625 0.0583333
0 0.678906 0.395833 0.0171875 0.0527778
0 0.307552 0.446759 0.0151042 0.0768519
0 0.13151 0.498148 0.0255208 0.112963
0 0.484896 0.422685 0.0239583 0.0824074
0 0.558073 0.41713 0.0265625 0.0768519
0 0.522396 0.422222 0.0177083 0.0777778
0 0.410417 0.405093 0.0208333 0.102778
