0 0.605729 0.357407 0.009375 0.0351852
0 0.414323 0.383333 0.0109375 0.0407407
0 0.18776 0.418981 0.0130208 0.0546296
0 0.517969 0.391667 0.00989583 0.0388889
0 0.510156 0.385185 0.0119792 0.0351852
4 0.822135 0.354167 0.133854 0.0805556
0 0.589063 0.360185 0.009375 0.037037
0 0.34974 0.384722 0.00989583 0.0361111
0 0.532812 0.368981 0.00729167 0.0324074
0 0.69349 0.371759 0.0109375 0.0435185
0 0.56849 0.385648 0.00989583 0.0435185
0 0.503125 0.365741 0.009375 0.0351852
6 0.69349 0.372222 0.0109375 0.0425926
0 0.952344 0.415278 0.0421875 0.210185
0 0.51276 0.408796 0.0151042 0.0675926
0 0.575 0.416204 0.021875 0.0916667
0 0.1 0.496296 0.021875 0.114815
0 0.523438 0.393519 0.009375 0.0444444
0 0.546354 0.383333 0.009375 0.0388889
0 0.67474 0.386111 0.0161458 0.0462963
0 0.252865 0.452778 0.0161458 0.0759259
0 0.710938 0.388426 0.0114583 0.0472222
0 0.438021 0.399074 0.025 0.0925926
1 0.910156 0.880556 0.0140625 0.0240741
1 0.589063 0.45 0.0114583 0.0222222
1 0.724219 0.401852 0.0046875 0.00740741
