0 0.676302 0.356481 0.0109375 0.0481481
0 0.28724 0.396296 0.00885417 0.0351852
0 0.161198 0.418981 0.0119792 0.0509259
0 0.666406 0.374074 0.0109375 0.0314815
4 0.713021 0.353704 0.0635417 0.0574074
0 0.258073 0.610185 0.0244792 0.111111
6 0.734115 0.390278 0.0151042 0.0546296
0 0.763542 0.361111 0.0104167 0.0407407
0 0.583594 0.361111 0.0119792 0.0444444
6 0.747656 0.356019 0.0119792 0.0472222
6 0.733333 0.362963 0.0125 0.0462963
0 0.748438 0.358796 0.0125 0.0509259
0 0.592188 0.376389 0.00625 0.0194444
4 0.814844 0.354167 0.135937 0.0805556
0 0.427865 0.372685 0.00989583 0.037963
6 0.689323 0.369907 0.0119792 0.0435185
0 0.75651 0.389815 0.0151042 0.0518519
0 0.733854 0.393056 0.015625 0.0546296
0 0.689323 0.369444 0.0119792 0.0425926
0 0.658594 0.364352 0.0078125 0.0342593
0 0.946875 0.412037 0.04375 0.203704
0 0.13125 0.489815 0.0270833 0.112963
0 0.543229 0.380556 0.009375 0.0388889
0 0.567969 0.386574 0.0119792 0.0416667
0 0.665625 0.402315 0.0208333 0.075
0 0.714583 0.403241 0.03125 0.0768519
0 0.489062 0.389815 0.0239583 0.0925926
0 0.622135 0.381481 0.0151042 0.0518519
0 0.263542 0.468056 0.025 0.10463
