0 0.334635 0.721759 0.0151042 0.0601852
0 0.461979 0.397685 0.009375 0.0435185
0 0.0570313 0.476389 0.00989583 0.0398148
6 0.604427 0.419907 0.0140625 0.0490741
0 0.560417 0.388889 0.009375 0.037037
0 0.00494792 0.486111 0.00989583 0.0537037
0 0.26875 0.429167 0.0145833 0.0490741
0 0.374219 0.408333 0.0109375 0.0425926
0 0.0731771 0.474074 0.00885417 0.0333333
0 0.854688 0.456481 0.01875 0.0666667
0 0.871875 0.443056 0.0208333 0.0972222
0 0.848437 0.427778 0.0197917 0.0592593
0 0.35026 0.4625 0.0151042 0.0657407
0 0.604427 0.419907 0.0130208 0.0453704
0 0.163542 0.487963 0.015625 0.0796296
0 0.759115 0.428241 0.0171875 0.0824074
0 0.500781 0.462963 0.0223958 0.101852
0 0.335938 0.468519 0.0145833 0.0648148
0 0.550781 0.423611 0.0223958 0.110185
0 0.61901 0.430093 0.0140625 0.0583333
1 0.516406 0.503241 0.0140625 0.025
