0 0.539062 0.932407 0.00729167 0.0425926
0 0.285937 0.394444 0.0114583 0.05
0 0.576042 0.374537 0.00625 0.025
0 0.717969 0.353704 0.0119792 0.0462963
0 0.775 0.35 0.00729167 0.0296296
0 0.0385417 0.591204 0.0302083 0.0972222
0 0.715104 0.364352 0.0135417 0.0546296
0 0.763281 0.372685 0.00989583 0.0398148
0 0.0348958 0.451389 0.0145833 0.0601852
0 0.669271 0.369444 0.0114583 0.0444444
6 0.669271 0.369444 0.0114583 0.0444444
0 0.759635 0.383333 0.0109375 0.0481481
0 0.917188 0.410648 0.04375 0.210185
0 0.649219 0.356019 0.00989583 0.0453704
4 0.784375 0.352315 0.128125 0.075
0 0.103125 0.493981 0.0239583 0.117593
0 0.307031 0.464352 0.0317708 0.115741
0 0.629687 0.377778 0.0166667 0.0518519
0 0.535677 0.38287 0.0109375 0.0398148
0 0.557292 0.384259 0.009375 0.0425926
0 0.746615 0.39537 0.0151042 0.0648148
0 0.703906 0.387963 0.0161458 0.0648148
0 0.510417 0.384722 0.0229167 0.0898148
1 0.835156 0.400926 0.0078125 0.012963
1 0.692187 0.400463 0.00625 0.0101852
