0 0.239063 0.562037 0.015625 0.0611111
0 0.526823 0.371296 0.00677083 0.0296296
0 0.548437 0.390278 0.00833333 0.0398148
0 0.55651 0.390278 0.00989583 0.0416667
0 0.563542 0.385185 0.0125 0.0407407
0 0.736719 0.372685 0.0109375 0.0435185
6 0.735937 0.372222 0.0114583 0.0425926
0 0.988021 0.423611 0.021875 0.228704
0 0.149219 0.493056 0.0234375 0.113889
0 0.723437 0.385185 0.0114583 0.0481481
0 0.563281 0.410648 0.0182292 0.0564815
0 0.450521 0.397222 0.021875 0.105556
0 0.583854 0.383796 0.009375 0.037963
0 0.685156 0.393056 0.00989583 0.0361111
0 0.542969 0.404167 0.0130208 0.0583333
0 0.322135 0.439352 0.0140625 0.0694444
1 0.532552 0.437037 0.0109375 0.0185185
1 0.0208333 0.424537 0.009375 0.0157407
