0 0.138281 0.444444 0.0109375 0.0444444
4 0.945312 0.366204 0.109375 0.0694444
0 0.238802 0.427778 0.0130208 0.05
0 0.441146 0.388426 0.009375 0.0398148
0 0.820312 0.383796 0.0125 0.0416667
0 0.214583 0.419444 0.0125 0.0462963
0 0.72474 0.396296 0.0078125 0.0314815
0 0.179167 0.436574 0.0145833 0.0601852
0 0.288802 0.409722 0.0140625 0.0490741
0 0.154948 0.428241 0.00989583 0.0398148
0 0.0164062 0.464815 0.0130208 0.0462963
0 0.541146 0.376852 0.009375 0.037037
0 0.266927 0.481019 0.0223958 0.0861111
0 0.255208 0.476389 0.025 0.0990741
0 0.504948 0.403241 0.0130208 0.0527778
0 0.0494792 0.515278 0.0229167 0.0972222
0 0.418229 0.419907 0.021875 0.108333
0 0.492969 0.44213 0.0192708 0.087963
0 0.732813 0.414352 0.0145833 0.0675926
0 0.752083 0.415741 0.015625 0.0722222
0 0.577344 0.419907 0.0223958 0.0842593
1 0.509896 0.471296 0.0135417 0.0240741
