0 0.425 0.369444 0.00833333 0.0333333
0 0.583594 0.361574 0.0119792 0.0453704
0 0.157292 0.419907 0.0125 0.0453704
0 0.739583 0.365278 0.0125 0.0527778
0 0.658073 0.362037 0.00677083 0.0296296
0 0.591667 0.375463 0.00625 0.0194444
0 0.745313 0.360185 0.0135417 0.0555556
4 0.813281 0.354167 0.135937 0.0805556
0 0.420312 0.372685 0.00729167 0.0324074
0 0.689844 0.369444 0.0119792 0.0444444
0 0.735677 0.392593 0.0140625 0.0555556
6 0.689844 0.369907 0.0119792 0.0435185
0 0.946875 0.4125 0.0416667 0.200926
0 0.492969 0.386574 0.0192708 0.0935185
0 0.761979 0.383796 0.01875 0.062037
0 0.542188 0.381019 0.009375 0.0398148
0 0.725 0.397685 0.0197917 0.0768519
0 0.13125 0.491667 0.0239583 0.109259
0 0.270052 0.469907 0.0223958 0.100926
0 0.674479 0.392593 0.0260417 0.0759259
0 0.567187 0.384722 0.0114583 0.0435185
0 0.623438 0.380093 0.0125 0.0509259
1 0.717969 0.431019 0.0078125 0.0138889
1 0.768229 0.393056 0.00729167 0.0138889
