6 0.499479 0.371759 0.009375 0.0305556
0 0.015625 0.245833 0.015625 0.0527778
0 0.340885 0.399074 0.0109375 0.05
0 0.763281 0.600463 0.0203125 0.0712963
0 0.328125 0.394444 0.0104167 0.0425926
0 0.435937 0.377315 0.00833333 0.0305556
0 0.0335938 0.447222 0.0130208 0.0425926
6 0.335938 0.40787 0.0114583 0.0398148
6 0.73125 0.372685 0.0104167 0.0361111
0 0.00833333 0.469907 0.0125 0.0472222
0 0.0927083 0.436111 0.0114583 0.05
0 0.335938 0.406944 0.0114583 0.0416667
0 0.0346354 0.463426 0.0171875 0.0657407
0 0.572917 0.406019 0.0104167 0.037963
0 0.73125 0.396759 0.0166667 0.0601852
0 0.535156 0.395833 0.0151042 0.0564815
0 0.350521 0.394907 0.0114583 0.0435185
0 0.58151 0.431019 0.0213542 0.0675926
0 0.124479 0.498611 0.0260417 0.113889
0 0.982813 0.422222 0.0322917 0.233333
0 0.68125 0.397222 0.0166667 0.0537037
0 0.524219 0.427315 0.0244792 0.0861111
0 0.46849 0.43287 0.0276042 0.087963
0 0.411198 0.408333 0.0192708 0.101852
0 0.314323 0.445833 0.0171875 0.0787037
