0 0.511719 0.378241 0.00885417 0.0324074
0 0.234635 0.414815 0.00989583 0.0407407
0 0.229167 0.554167 0.0125 0.0527778
0 0.0239583 0.375926 0.009375 0.0351852
0 0.520573 0.385648 0.0078125 0.0361111
0 0.129948 0.428241 0.00989583 0.0361111
0 0.472917 0.3875 0.0125 0.0453704
0 0.355469 0.393981 0.00989583 0.037963
0 0.730729 0.393981 0.009375 0.0324074
0 0.723698 0.396759 0.0192708 0.0398148
0 0.717188 0.393981 0.0104167 0.0268519
4 0.938542 0.376389 0.122917 0.0953704
4 0.346875 0.365278 0.145833 0.087963
0 0.216927 0.417593 0.0109375 0.0425926
0 0.145833 0.44537 0.0145833 0.0592593
0 0.536458 0.405556 0.0166667 0.0611111
0 0.725521 0.413889 0.015625 0.0537037
0 0.370573 0.456481 0.0276042 0.0962963
0 0.7625 0.412037 0.0145833 0.0592593
0 0.572135 0.426852 0.0265625 0.0759259
0 0.101823 0.506944 0.0234375 0.102778
0 0.391927 0.45 0.0255208 0.0962963
0 0.54375 0.42963 0.0239583 0.0777778
0 0.439063 0.412037 0.021875 0.105556
1 0.357552 0.493519 0.00885417 0.0203704
1 0.566927 0.461574 0.0119792 0.0194444
