0 0.61901 0.626389 0.0109375 0.0453704
0 0.216146 0.416667 0.0104167 0.0462963
0 0.227344 0.43287 0.0109375 0.0416667
0 0.428906 0.389352 0.00885417 0.0361111
0 0.443229 0.387037 0.009375 0.037037
0 0.251823 0.473611 0.0255208 0.0972222
0 0.720312 0.400463 0.009375 0.0398148
0 0.542188 0.377315 0.00833333 0.0361111
0 0.516406 0.387037 0.0109375 0.0444444
0 0.0395833 0.517593 0.0197917 0.0981481
0 0.241406 0.480556 0.0276042 0.0962963
0 0.496354 0.405556 0.0125 0.0518519
0 0.727083 0.416667 0.0145833 0.0666667
0 0.576302 0.421296 0.0255208 0.0796296
0 0.411719 0.419907 0.0234375 0.108333
0 0.746615 0.417593 0.0203125 0.0722222
0 0.483854 0.44537 0.021875 0.087037
1 0.499219 0.471759 0.0119792 0.0212963
