0 0.741406 0.37963 0.00885417 0.0351852
6 0.915625 0.414815 0.04375 0.2
6 0.667969 0.369444 0.0109375 0.0425926
0 0.66849 0.369444 0.0109375 0.0425926
0 0.647917 0.355093 0.0104167 0.0435185
0 0.716927 0.359722 0.0130208 0.0527778
0 0.915625 0.412963 0.04375 0.2
0 0.763542 0.384259 0.0125 0.0481481
0 0.101302 0.494444 0.0244792 0.118519
4 0.783854 0.353704 0.128125 0.0759259
0 0.511198 0.383796 0.0203125 0.0916667
0 0.3125 0.457407 0.025 0.12963
0 0.632031 0.376389 0.0130208 0.0509259
0 0.535677 0.382407 0.0109375 0.0407407
0 0.749219 0.397222 0.0130208 0.0592593
0 0.557552 0.38287 0.0109375 0.0416667
0 0.704687 0.388426 0.0135417 0.062037
1 0.839844 0.398611 0.0078125 0.0138889
