0 0.376302 0.414352 0.0119792 0.0472222
0 0.00286458 0.488889 0.00572917 0.0481481
0 0.84375 0.430556 0.01875 0.0722222
0 0.0473958 0.474074 0.0125 0.0481481
4 0.457031 0.368981 0.155729 0.0842593
0 0.585156 0.390741 0.0109375 0.0444444
0 0.623698 0.391204 0.00677083 0.0268519
0 0.0559896 0.476389 0.00989583 0.0398148
0 0.0729167 0.474537 0.00833333 0.0324074
0 0.848437 0.44537 0.0302083 0.1
0 0.634115 0.391667 0.00885417 0.0351852
0 0.573438 0.392593 0.0114583 0.0407407
0 0.597656 0.42037 0.0109375 0.0425926
0 0.152344 0.487963 0.0171875 0.0759259
0 0.464844 0.465278 0.0223958 0.100926
0 0.335417 0.466667 0.015625 0.0592593
0 0.351562 0.457407 0.0166667 0.0648148
0 0.753125 0.426389 0.0208333 0.087963
0 0.545313 0.422685 0.0260417 0.113889
0 0.611719 0.430556 0.0161458 0.0537037
1 0.482292 0.50463 0.015625 0.0277778
1 0.127865 0.476852 0.00677083 0.0111111
