4 0.85026 0.355556 0.133854 0.0759259
0 0.13724 0.569444 0.0130208 0.05
0 0.272917 0.397685 0.0114583 0.0416667
0 0.720052 0.373611 0.0119792 0.0416667
0 0.231771 0.418981 0.0125 0.0472222
0 0.542969 0.398611 0.0119792 0.0509259
6 0.720052 0.373611 0.0119792 0.0435185
0 0.567187 0.38287 0.0104167 0.0453704
0 0.732813 0.389815 0.0114583 0.0462963
0 0.113542 0.494444 0.0197917 0.111111
0 0.679688 0.384722 0.0135417 0.0472222
0 0.527865 0.395833 0.0109375 0.0472222
0 0.536979 0.417593 0.0135417 0.0537037
0 0.978906 0.422685 0.0390625 0.221296
0 0.511719 0.410185 0.0151042 0.0592593
0 0.295833 0.445833 0.0239583 0.075
0 0.559635 0.394444 0.0140625 0.0592593
0 0.446094 0.397222 0.0234375 0.0981481
1 0.546094 0.446296 0.0109375 0.0203704
