0 0.21875 0.421296 0.0104167 0.0425926
0 0.983854 0.210185 0.015625 0.0555556
0 0.597135 0.396296 0.0140625 0.0407407
4 0.818229 0.356019 0.134375 0.0824074
0 0.690885 0.370833 0.00989583 0.0416667
6 0.690625 0.370833 0.0104167 0.0416667
0 0.489062 0.368056 0.009375 0.0361111
0 0.948438 0.415278 0.04375 0.210185
0 0.680469 0.390278 0.00989583 0.0435185
0 0.443229 0.395833 0.01875 0.0935185
0 0.545313 0.381481 0.0104167 0.0407407
0 0.52526 0.408796 0.0213542 0.075
0 0.579427 0.388426 0.0140625 0.0546296
0 0.598958 0.418981 0.03125 0.0861111
0 0.245312 0.458796 0.0197917 0.0787037
0 0.709896 0.388889 0.0114583 0.0537037
0 0.107552 0.498148 0.0276042 0.111111
1 0.0791667 0.991667 0.00729167 0.012963
1 0.616406 0.446759 0.0119792 0.0212963
