0 0.661719 0.394444 0.0109375 0.0407407
0 0.725521 0.494907 0.009375 0.0212963
0 0.223438 0.433796 0.0125 0.0453704
0 0.385156 0.636111 0.0171875 0.0722222
0 0.372135 0.411574 0.0119792 0.0490741
0 0.825781 0.612963 0.0171875 0.0537037
0 0.603646 0.412963 0.0135417 0.0462963
0 0.369271 0.422222 0.0125 0.0518519
0 0.504427 0.397685 0.0130208 0.0490741
0 0.338802 0.460185 0.0182292 0.0851852
0 0.161198 0.489352 0.0171875 0.0824074
0 0.610417 0.426389 0.0166667 0.062037
0 0.854688 0.441204 0.0239583 0.0861111
0 0.539062 0.418981 0.021875 0.106481
0 0.879167 0.44213 0.025 0.0935185
0 0.320052 0.47037 0.0213542 0.0759259
0 0.741146 0.424074 0.0197917 0.0851852
0 0.553125 0.45463 0.0291667 0.111111
1 0.567448 0.493519 0.0130208 0.0240741
