6 0.176823 0.242593 0.0151042 0.0481481
0 0.176563 0.242593 0.0135417 0.0481481
0 0.878906 0.388889 0.0140625 0.0481481
0 0.483594 0.387037 0.00885417 0.0351852
0 0.5625 0.389815 0.009375 0.0388889
0 0.0205729 0.464815 0.0171875 0.0666667
4 0.977344 0.365741 0.0453125 0.0555556
0 0.363281 0.404167 0.0140625 0.0527778
0 0.53099 0.412037 0.00989583 0.05
0 0.249219 0.475926 0.0265625 0.0907407
0 0.265625 0.474074 0.0197917 0.0796296
0 0.76849 0.416204 0.0203125 0.0861111
0 0.786458 0.42037 0.01875 0.0888889
0 0.523958 0.420833 0.0125 0.0564815
0 0.0770833 0.505093 0.0229167 0.0953704
0 0.450781 0.418056 0.0234375 0.108333
0 0.504687 0.44213 0.0208333 0.100926
0 0.634375 0.419444 0.0208333 0.0814815
1 0.524219 0.47963 0.0140625 0.0240741
