0 0.41849 0.379167 0.00885417 0.0324074
0 0.534375 0.375 0.009375 0.0333333
0 0.7375 0.370833 0.0104167 0.0416667
0 0.395833 0.3875 0.0104167 0.037963
0 0.00755208 0.470833 0.0151042 0.0638889
0 0.613021 0.360185 0.009375 0.0351852
0 0.0252604 0.453241 0.0171875 0.0657407
0 0.988281 0.422222 0.0234375 0.233333
6 0.736719 0.371759 0.0109375 0.0435185
0 0.732031 0.389815 0.0171875 0.0462963
0 0.549479 0.406481 0.0125 0.0555556
0 0.584635 0.383796 0.00989583 0.037963
0 0.540625 0.402778 0.0104167 0.05
0 0.686719 0.386574 0.0109375 0.0435185
0 0.32526 0.439352 0.0171875 0.0731481
0 0.453646 0.398611 0.0197917 0.0990741
0 0.147656 0.494444 0.0234375 0.109259
0 0.566406 0.397222 0.0171875 0.0648148
1 0.532812 0.436111 0.0104167 0.0166667
1 0.0210938 0.424074 0.00885417 0.0148148
