0 0.635938 0.3875 0.0114583 0.0324074
0 0.679167 0.362037 0.009375 0.0425926
0 0.558594 0.368056 0.0078125 0.0324074
4 0.710417 0.357407 0.0666667 0.0574074
0 0.683854 0.366667 0.009375 0.0407407
0 0.602344 0.366204 0.00989583 0.0398148
0 0.478385 0.4125 0.0151042 0.0490741
0 0.585417 0.3625 0.0104167 0.0416667
0 0.764583 0.359722 0.0104167 0.037963
0 0.44349 0.372222 0.00989583 0.037037
4 0.815104 0.343519 0.134375 0.062963
0 0.561458 0.365278 0.00833333 0.0324074
0 0.689062 0.369444 0.0114583 0.0425926
0 0.0322917 0.671759 0.0197917 0.108333
0 0.748438 0.356019 0.0114583 0.0490741
0 0.659635 0.364352 0.0078125 0.0305556
0 0.720312 0.39213 0.0125 0.0453704
6 0.689323 0.369444 0.0109375 0.0444444
0 0.947656 0.412963 0.0421875 0.198148
0 0.130729 0.488426 0.0291667 0.117593
0 0.569531 0.388426 0.0109375 0.0398148
0 0.616927 0.386111 0.0119792 0.0481481
0 0.54375 0.381481 0.009375 0.0407407
0 0.478646 0.388889 0.0197917 0.0944444
0 0.702344 0.406019 0.0161458 0.0657407
0 0.633854 0.410185 0.021875 0.0722222
0 0.245833 0.463889 0.025 0.105556
0 0.741146 0.388889 0.0177083 0.0592593
