0 0.548437 0.362037 0.009375 0.0444444
0 0.567708 0.3625 0.00833333 0.0398148
0 0.835938 0.590278 0.021875 0.0953704
0 0.623177 0.363889 0.00677083 0.0314815
0 0.816406 0.348611 0.0109375 0.0416667
0 0.304167 0.390278 0.0104167 0.0398148
0 0.726562 0.361574 0.00833333 0.037963
0 0.711979 0.354167 0.009375 0.0435185
6 0.664062 0.369444 0.0114583 0.0444444
0 0.663542 0.37037 0.0104167 0.0407407
0 0.908333 0.412037 0.04375 0.201852
0 0.0945313 0.496296 0.0244792 0.118519
4 0.777604 0.343981 0.129167 0.062037
0 0.694271 0.385185 0.009375 0.0462963
0 0.517187 0.381944 0.0229167 0.087963
0 0.78151 0.381944 0.0161458 0.0546296
0 0.536198 0.381019 0.0119792 0.0416667
0 0.633333 0.375463 0.0125 0.0490741
0 0.55599 0.381944 0.00989583 0.0416667
0 0.328125 0.461574 0.028125 0.112037
0 0.707552 0.383333 0.0130208 0.062963
0 0.752083 0.391204 0.015625 0.0712963
1 0.85 0.396759 0.00833333 0.012037
