0 0.569271 0.359722 0.009375 0.037963
0 0.236198 0.410648 0.0109375 0.0453704
0 0.015625 0.460185 0.0166667 0.0611111
0 0.520312 0.406019 0.00833333 0.0361111
0 0.665625 0.369444 0.0104167 0.0425926
0 0.729688 0.362963 0.00833333 0.0351852
0 0.911719 0.411574 0.0453125 0.20463
6 0.666406 0.368981 0.0119792 0.0435185
4 0.781771 0.34537 0.130208 0.0611111
0 0.0979167 0.498148 0.025 0.114815
0 0.774219 0.386111 0.0140625 0.0462963
0 0.714063 0.358796 0.0114583 0.0527778
0 0.536198 0.380556 0.0109375 0.0425926
0 0.697917 0.387037 0.0104167 0.0481481
0 0.515625 0.381019 0.0177083 0.0861111
0 0.707292 0.389352 0.0125 0.0546296
0 0.556771 0.383796 0.009375 0.0398148
0 0.633854 0.376389 0.0114583 0.0472222
0 0.323698 0.460185 0.0286458 0.112963
0 0.751562 0.393056 0.015625 0.0694444
1 0.14349 0.572222 0.0078125 0.0148148
1 0.846875 0.397685 0.00833333 0.012037
