0 0.516927 0.367593 0.0130208 0.0425926
0 0.304427 0.401852 0.0109375 0.0462963
0 0.0135417 0.473148 0.015625 0.0611111
0 0.615365 0.360185 0.0078125 0.0314815
0 0.9875 0.424074 0.0229167 0.231481
0 0.734375 0.372222 0.0104167 0.0425926
0 0.554948 0.403704 0.0119792 0.0537037
0 0.149219 0.494444 0.0234375 0.112963
0 0.717188 0.391204 0.0114583 0.037963
0 0.582552 0.383796 0.0109375 0.0398148
0 0.446875 0.401389 0.021875 0.0953704
0 0.56276 0.406944 0.0151042 0.0564815
0 0.684375 0.391204 0.0104167 0.0361111
0 0.541146 0.405093 0.015625 0.0601852
0 0.320573 0.437963 0.0161458 0.0759259
1 0.53125 0.436111 0.0104167 0.0185185
