0 0.0695312 0.619444 0.0244792 0.111111
0 0.0536458 0.476852 0.0104167 0.0388889
0 0.409115 0.414352 0.0140625 0.0564815
0 0.454688 0.400463 0.0104167 0.0472222
0 0.369792 0.410185 0.0104167 0.0388889
0 0.0700521 0.474537 0.00885417 0.0324074
0 0.854688 0.44537 0.0197917 0.0851852
0 0.567708 0.391204 0.0104167 0.0398148
0 0.878906 0.447685 0.0234375 0.0972222
0 0.348958 0.460185 0.0145833 0.0722222
0 0.60625 0.419907 0.0125 0.0490741
0 0.334635 0.466667 0.0161458 0.0666667
0 0.164062 0.486574 0.01875 0.0805556
0 0.619531 0.42963 0.0140625 0.0555556
0 0.51276 0.460648 0.0338542 0.106481
0 0.758073 0.430556 0.0182292 0.0759259
0 0.55026 0.423148 0.0234375 0.107407
1 0.528906 0.502315 0.0140625 0.025
