0 0.815625 0.591204 0.0104167 0.0342593
0 0.543229 0.369907 0.0114583 0.0490741
0 0.217448 0.408796 0.0078125 0.0287037
0 0.707812 0.724537 0.0135417 0.0694444
0 0.273438 0.396296 0.0104167 0.0407407
0 0.232292 0.418981 0.0114583 0.0453704
0 0.721094 0.373611 0.0109375 0.0416667
6 0.721354 0.373148 0.0114583 0.0425926
0 0.544792 0.399537 0.00833333 0.037963
0 0.56875 0.383333 0.009375 0.0407407
0 0.114844 0.493519 0.0182292 0.105556
0 0.680208 0.385185 0.0125 0.0425926
0 0.979688 0.421759 0.0385417 0.217593
0 0.5125 0.410648 0.0145833 0.0583333
0 0.528385 0.395833 0.0109375 0.0453704
0 0.733333 0.390278 0.0104167 0.0416667
0 0.446354 0.398148 0.021875 0.0962963
0 0.536719 0.418056 0.0140625 0.0583333
0 0.297135 0.44537 0.0234375 0.0759259
0 0.560156 0.394444 0.0130208 0.0592593
1 0.54401 0.445833 0.0109375 0.0194444
