0 0.986979 0.372222 0.021875 0.103704
0 0.25599 0.418056 0.0130208 0.0527778
0 0.588021 0.367593 0.009375 0.0388889
6 0.483073 0.376852 0.0109375 0.0388889
0 0.483333 0.377778 0.0104167 0.0388889
0 0.414062 0.379167 0.009375 0.0361111
0 0.427604 0.38287 0.0135417 0.0509259
0 0.536458 0.394444 0.009375 0.0407407
0 0.602604 0.362037 0.009375 0.037037
0 0.988021 0.421296 0.021875 0.233333
0 0.547656 0.398148 0.0109375 0.0444444
0 0.738021 0.381944 0.0125 0.0564815
0 0.540885 0.4125 0.0171875 0.0583333
0 0.584635 0.386111 0.0078125 0.0333333
0 0.32526 0.439352 0.0161458 0.0731481
0 0.455729 0.397222 0.0197917 0.0981481
0 0.688542 0.384722 0.0166667 0.0472222
0 0.56901 0.396759 0.0161458 0.0638889
0 0.142448 0.493519 0.0255208 0.109259
1 0.535937 0.4375 0.0114583 0.0157407
1 0.0208333 0.424074 0.009375 0.0148148
