6 0.5625 0.361574 0.009375 0.0324074
0 0.598958 0.335648 0.00625 0.0212963
0 0.410677 0.37963 0.0130208 0.0518519
0 0.525 0.409722 0.0114583 0.0527778
0 0.545573 0.391204 0.0130208 0.0416667
4 0.984896 0.411574 0.0302083 0.243519
0 0.984896 0.41713 0.028125 0.230556
0 0.5625 0.365741 0.009375 0.0351852
0 0.535677 0.393981 0.0119792 0.0472222
0 0.728125 0.373611 0.0104167 0.0398148
0 0.579687 0.365278 0.009375 0.0398148
6 0.728385 0.373148 0.0109375 0.0407407
0 0.577604 0.384722 0.009375 0.037963
0 0.311979 0.443056 0.015625 0.0712963
0 0.125521 0.495833 0.021875 0.112037
0 0.520573 0.406481 0.0119792 0.0537037
0 0.541667 0.413889 0.01875 0.0722222
0 0.685156 0.383796 0.0119792 0.0453704
0 0.7375 0.386574 0.0145833 0.0472222
0 0.452865 0.398611 0.0203125 0.0972222
0 0.565625 0.396759 0.0125 0.0564815
1 0.542969 0.443056 0.0109375 0.0194444
1 0.7625 0.403241 0.00416667 0.00648148
