0 0.441146 0.3875 0.0125 0.0435185
6 0.73151 0.373611 0.0109375 0.037963
0 0.67474 0.38287 0.00885417 0.0324074
0 0.0359375 0.461574 0.0166667 0.0657407
0 0.329427 0.399074 0.0119792 0.05
0 0.0161458 0.244907 0.0145833 0.0490741
0 0.702604 0.368056 0.00729167 0.0305556
0 0.567969 0.396759 0.00677083 0.0231481
0 0.0950521 0.435648 0.0109375 0.0435185
0 0.340104 0.397222 0.0125 0.0518519
0 0.351302 0.394907 0.0130208 0.0490741
0 0.575 0.408796 0.0104167 0.0435185
0 0.536979 0.39537 0.015625 0.05
0 0.73099 0.396296 0.0151042 0.0592593
0 0.583333 0.430093 0.021875 0.0694444
0 0.983333 0.421759 0.03125 0.234259
0 0.682031 0.398148 0.0151042 0.0518519
0 0.121875 0.499537 0.0229167 0.115741
0 0.523958 0.429167 0.025 0.087963
0 0.411458 0.409259 0.01875 0.1
0 0.315625 0.445833 0.0177083 0.0787037
0 0.465885 0.434722 0.0296875 0.0861111
