0 0.741667 0.37963 0.00833333 0.0314815
0 0.653385 0.355556 0.00885417 0.0407407
0 0.225 0.405556 0.009375 0.0444444
0 0.432813 0.258796 0.009375 0.0268519
0 0.851562 0.555556 0.0125 0.05
6 0.667188 0.368981 0.0114583 0.0435185
0 0.667188 0.369444 0.0114583 0.0425926
0 0.715625 0.358796 0.0125 0.0527778
0 0.914062 0.408333 0.0447917 0.212963
0 0.646615 0.357407 0.00989583 0.0462963
0 0.0997396 0.496296 0.0255208 0.118519
4 0.783073 0.350926 0.130729 0.0722222
0 0.76875 0.384259 0.0145833 0.0555556
0 0.514323 0.381944 0.0182292 0.087963
0 0.633594 0.375926 0.0109375 0.0481481
0 0.535937 0.381481 0.009375 0.0425926
0 0.704167 0.386574 0.015625 0.0657407
0 0.557031 0.383333 0.00989583 0.0407407
0 0.317448 0.459259 0.0244792 0.114815
0 0.75026 0.393981 0.0171875 0.0675926
1 0.145833 0.570833 0.00833333 0.0175926
1 0.68776 0.401389 0.0046875 0.00648148
1 0.842969 0.398611 0.0078125 0.012037
