0 0.514583 0.367593 0.0104167 0.0388889
0 0.547135 0.393981 0.0109375 0.0435185
0 0.553125 0.418519 0.0104167 0.037037
0 0.325781 0.60463 0.00989583 0.0351852
0 0.4 0.383796 0.009375 0.037963
0 0.707552 0.366667 0.0078125 0.0333333
0 0.285677 0.4 0.0119792 0.0425926
0 0.542188 0.387963 0.009375 0.0314815
0 0.986458 0.422222 0.025 0.237037
0 0.147917 0.497685 0.0239583 0.113889
0 0.0143229 0.468981 0.0213542 0.0675926
0 0.73125 0.372222 0.0104167 0.0407407
0 0.560417 0.40787 0.01875 0.0564815
0 0.441667 0.405556 0.0208333 0.0962963
0 0.577865 0.381944 0.00989583 0.0416667
0 0.683333 0.389352 0.0125 0.0453704
0 0.536198 0.406944 0.0171875 0.0657407
0 0.713802 0.3875 0.0140625 0.0472222
0 0.316406 0.437963 0.0151042 0.0759259
1 0.529688 0.436574 0.0114583 0.0175926
