0 0.752865 0.403704 0.0109375 0.0444444
0 0.546875 0.661574 0.01875 0.0768519
0 0.853125 0.423148 0.015625 0.0462963
0 0.611719 0.394444 0.0109375 0.0388889
0 0.375 0.408796 0.0114583 0.0435185
0 0.269792 0.428704 0.0135417 0.0481481
0 0.00520833 0.486111 0.0104167 0.0537037
0 0.354167 0.448611 0.0135417 0.0416667
0 0.563542 0.394444 0.0125 0.05
0 0.0570313 0.475926 0.00989583 0.0388889
0 0.854688 0.455093 0.01875 0.0675926
0 0.870313 0.440741 0.0197917 0.0981481
0 0.0734375 0.474074 0.00833333 0.0314815
0 0.351042 0.462963 0.015625 0.0648148
0 0.846875 0.426389 0.0208333 0.0527778
0 0.16224 0.488889 0.0151042 0.0759259
0 0.603906 0.418056 0.0140625 0.0472222
0 0.336458 0.468981 0.0135417 0.062037
0 0.758594 0.42963 0.0171875 0.0796296
0 0.55 0.421759 0.0229167 0.108333
0 0.496875 0.464352 0.0208333 0.100926
0 0.618229 0.42963 0.0135417 0.0574074
1 0.513281 0.503241 0.0140625 0.025
