0 0.678646 0.360648 0.009375 0.0416667
0 0.133333 0.438426 0.015625 0.0583333
0 0.70651 0.37963 0.00885417 0.0314815
0 0.585417 0.360185 0.009375 0.0388889
0 0.603125 0.363889 0.0104167 0.0407407
0 0.722917 0.577315 0.0208333 0.0916667
0 0.480469 0.4125 0.0151042 0.0472222
0 0.561719 0.363426 0.0078125 0.0287037
0 0.764583 0.361111 0.009375 0.037037
0 0.442708 0.372222 0.009375 0.0333333
4 0.815625 0.34537 0.135417 0.0648148
0 0.0328125 0.671296 0.0208333 0.103704
0 0.689062 0.369444 0.0114583 0.0425926
0 0.748438 0.352778 0.0104167 0.0444444
6 0.689323 0.368981 0.0109375 0.0435185
0 0.719531 0.3875 0.0119792 0.0453704
0 0.659635 0.364352 0.0078125 0.0324074
0 0.722656 0.399537 0.0119792 0.0416667
0 0.947917 0.413426 0.04375 0.197222
0 0.13099 0.488889 0.0286458 0.116667
0 0.479427 0.3875 0.0192708 0.0935185
0 0.54375 0.381019 0.009375 0.0398148
0 0.617188 0.385185 0.0114583 0.0481481
0 0.56901 0.3875 0.0109375 0.0398148
0 0.702083 0.403704 0.0145833 0.0685185
0 0.636979 0.408333 0.025 0.0759259
0 0.246615 0.462963 0.0265625 0.107407
0 0.742448 0.388889 0.0171875 0.0592593
