0 0.184375 0.416204 0.0104167 0.0435185
0 0.367188 0.391667 0.0125 0.0462963
6 0.520833 0.393056 0.0125 0.0416667
0 0.995833 0.434722 0.00625 0.0731481
0 0.348437 0.393519 0.009375 0.0388889
0 0.436979 0.41713 0.015625 0.0546296
0 0.297396 0.39537 0.009375 0.0351852
0 0.746875 0.377778 0.0104167 0.0444444
0 0.0669271 0.453704 0.0151042 0.0648148
0 0.519792 0.393519 0.0125 0.0425926
0 0.389844 0.391667 0.0119792 0.0481481
0 0.729167 0.398611 0.0125 0.0583333
0 0.0958333 0.504167 0.025 0.112037
0 0.435156 0.437037 0.0244792 0.0888889
0 0.556771 0.431944 0.025 0.0805556
0 0.5875 0.420833 0.0291667 0.0898148
0 0.532552 0.401389 0.0119792 0.0490741
0 0.688021 0.402315 0.021875 0.0601852
0 0.340625 0.443519 0.025 0.087037
0 0.414062 0.408333 0.0239583 0.1
1 0.557292 0.4625 0.0125 0.0212963
1 0.544792 0.456944 0.00625 0.0101852
