0 0.5875 0.397685 0.0145833 0.0398148
4 0.953125 0.375926 0.0916667 0.0888889
0 0.739062 0.400926 0.009375 0.0351852
0 0.269271 0.421759 0.0135417 0.0509259
0 0.595052 0.394907 0.0119792 0.0361111
0 0.169531 0.428241 0.0109375 0.0416667
0 0.397396 0.411574 0.009375 0.0342593
0 0.832812 0.384259 0.0135417 0.0444444
0 0.73125 0.405556 0.009375 0.0388889
0 0.245833 0.478241 0.025 0.0916667
0 0.526042 0.3875 0.00833333 0.0361111
0 0.557292 0.379167 0.00833333 0.0342593
0 0.494271 0.423611 0.0135417 0.0527778
0 0.534115 0.386111 0.00989583 0.0407407
0 0.0450521 0.513889 0.0192708 0.0981481
0 0.234375 0.48287 0.0291667 0.0935185
0 0.483854 0.443981 0.0239583 0.0916667
0 0.735677 0.42037 0.0182292 0.0648148
0 0.502604 0.40463 0.0125 0.05
0 0.592188 0.423611 0.025 0.0768519
0 0.754427 0.419907 0.0182292 0.0712963
0 0.419531 0.420833 0.0307292 0.108333
1 0.502344 0.475926 0.0130208 0.0240741
