0 0.763281 0.371759 0.0109375 0.037963
0 0.586458 0.358796 0.0104167 0.0398148
0 0.642969 0.365278 0.0078125 0.0305556
0 0.496094 0.414815 0.00677083 0.0333333
0 0.730208 0.35787 0.0125 0.0546296
0 0.0747396 0.444907 0.0151042 0.0527778
4 0.797396 0.349074 0.128125 0.0703704
0 0.930208 0.409722 0.04375 0.221296
0 0.678385 0.37037 0.0109375 0.0425926
6 0.678125 0.37037 0.0104167 0.0425926
0 0.116667 0.493056 0.0229167 0.108333
0 0.500521 0.385185 0.0197917 0.0907407
0 0.534635 0.382407 0.00989583 0.0407407
0 0.765104 0.390278 0.0125 0.0453704
0 0.2875 0.462963 0.0270833 0.116667
0 0.626302 0.378241 0.0119792 0.0490741
0 0.557552 0.385185 0.0109375 0.0425926
0 0.74401 0.397222 0.0151042 0.0648148
0 0.722917 0.391204 0.0125 0.0527778
0 0.697135 0.393056 0.0161458 0.0675926
1 0.806771 0.398611 0.009375 0.0157407
