0 0.85625 0.566667 0.021875 0.0944444
0 0.213542 0.430093 0.0135417 0.0509259
0 0.0604167 0.456944 0.0114583 0.0453704
0 0.526563 0.395833 0.0125 0.0472222
0 0.390625 0.388426 0.0114583 0.0435185
0 0.466667 0.381481 0.009375 0.0351852
0 0.488281 0.381481 0.0119792 0.0444444
0 0.196615 0.416667 0.0109375 0.0444444
0 0.233594 0.422222 0.0140625 0.0555556
0 0.584375 0.422685 0.0229167 0.0953704
0 0.174219 0.426389 0.0151042 0.0546296
0 0.764323 0.378704 0.0130208 0.0407407
0 0.317187 0.394444 0.009375 0.0333333
0 0.700781 0.402315 0.0151042 0.062037
0 0.0989583 0.503704 0.0229167 0.111111
0 0.565885 0.422685 0.0140625 0.0601852
0 0.536458 0.403241 0.0145833 0.0527778
0 0.364583 0.45 0.0229167 0.0888889
0 0.422917 0.438889 0.028125 0.0925926
0 0.738802 0.406019 0.0203125 0.0564815
