0 0.294271 0.646759 0.0135417 0.0564815
0 0.705469 0.36713 0.00885417 0.0342593
0 0.545313 0.425926 0.0114583 0.0425926
0 0.723958 0.359259 0.009375 0.0462963
0 0.0356771 0.653704 0.0338542 0.15
0 0.0197917 0.24537 0.0145833 0.05
0 0.731771 0.372222 0.009375 0.0388889
0 0.547656 0.388426 0.0130208 0.037963
0 0.588542 0.363426 0.00833333 0.037963
0 0.986458 0.419444 0.025 0.235185
0 0.534375 0.412963 0.0114583 0.0574074
6 0.73151 0.371296 0.00989583 0.0388889
0 0.58125 0.383796 0.00833333 0.0398148
0 0.132031 0.493519 0.0234375 0.109259
0 0.54375 0.408796 0.0197917 0.0712963
0 0.740365 0.387963 0.0171875 0.0462963
0 0.454948 0.399537 0.0192708 0.0953704
0 0.68724 0.386111 0.0171875 0.0462963
0 0.526302 0.406019 0.0130208 0.0601852
0 0.318229 0.441667 0.0166667 0.0722222
0 0.569271 0.396296 0.0125 0.0611111
1 0.54401 0.44213 0.0109375 0.0175926
