0 0.21276 0.571759 0.0140625 0.0583333
4 0.841927 0.356481 0.134896 0.0814815
0 0.541667 0.394907 0.0125 0.0398148
0 0.5625 0.377778 0.00833333 0.0296296
0 0.546094 0.369444 0.0119792 0.0462963
0 0.467187 0.370833 0.0114583 0.0416667
0 0.7125 0.373148 0.0104167 0.0388889
6 0.713021 0.373611 0.0114583 0.0416667
0 0.558333 0.394444 0.015625 0.0537037
0 0.107552 0.496296 0.0213542 0.112963
0 0.538281 0.425463 0.0182292 0.0583333
0 0.974219 0.419444 0.0453125 0.22037
0 0.726302 0.3875 0.0119792 0.0453704
0 0.675781 0.384722 0.0182292 0.0472222
0 0.508854 0.40787 0.015625 0.0638889
0 0.523438 0.396759 0.0114583 0.0472222
0 0.284635 0.445833 0.0171875 0.075
0 0.441406 0.399074 0.0223958 0.0944444
1 0.554688 0.448148 0.0114583 0.0203704
