0 0.229687 0.431944 0.0114583 0.0416667
0 0.763281 0.900463 0.0109375 0.0398148
0 0.154687 0.429167 0.0114583 0.0435185
0 0.819792 0.383796 0.0125 0.0416667
0 0.369531 0.396296 0.0109375 0.0481481
0 0.463021 0.390741 0.0114583 0.0462963
0 0.610937 0.580556 0.025 0.1
0 0.442187 0.3875 0.00833333 0.037963
0 0.215104 0.41713 0.0104167 0.0453704
0 0.722135 0.397222 0.00885417 0.0351852
0 0.180469 0.437963 0.0161458 0.0592593
0 0.515885 0.387963 0.00989583 0.0388889
0 0.541667 0.376389 0.00833333 0.0361111
0 0.0455729 0.5125 0.0223958 0.106481
0 0.251563 0.479167 0.0270833 0.0990741
0 0.5 0.403241 0.0114583 0.0527778
0 0.575781 0.420833 0.0223958 0.0842593
0 0.486979 0.443981 0.021875 0.087963
0 0.414844 0.42037 0.0213542 0.103704
0 0.730208 0.415278 0.0145833 0.0712963
0 0.748698 0.416204 0.0182292 0.0712963
1 0.504687 0.470833 0.0114583 0.0212963
