0 0.398177 0.783796 0.00989583 0.0416667
0 0.50651 0.380093 0.00989583 0.0342593
0 0.351823 0.39213 0.0078125 0.0324074
0 0.140104 0.447222 0.0166667 0.0574074
0 0.535417 0.39537 0.0145833 0.0425926
6 0.506771 0.380093 0.009375 0.0342593
8 0.507031 0.380556 0.00885417 0.0333333
0 0.165625 0.561574 0.0125 0.0472222
0 0.799479 0.380556 0.0135417 0.0425926
0 0.717708 0.387963 0.015625 0.0351852
4 0.933333 0.373148 0.13125 0.0962963
0 0.466406 0.388426 0.0130208 0.0472222
0 0.379167 0.450926 0.0197917 0.0833333
0 0.00833333 0.461111 0.0145833 0.0518519
0 0.104427 0.505556 0.0223958 0.107407
0 0.552604 0.429167 0.0197917 0.075
0 0.539844 0.40787 0.0182292 0.0546296
0 0.722917 0.407407 0.01875 0.0648148
0 0.573177 0.429167 0.0255208 0.087963
0 0.39974 0.453704 0.0203125 0.0925926
0 0.760938 0.410185 0.015625 0.0611111
0 0.439844 0.410648 0.0223958 0.10463
1 0.573177 0.463889 0.0130208 0.0222222
