0 0.45625 0.370833 0.009375 0.037963
4 0.818229 0.35463 0.134375 0.0796296
0 0.483333 0.365741 0.009375 0.0314815
0 0.659635 0.363426 0.0078125 0.0305556
0 0.690885 0.370833 0.00989583 0.0416667
0 0.429688 0.371759 0.009375 0.0398148
6 0.690625 0.370833 0.0104167 0.0435185
0 0.536719 0.39213 0.00989583 0.037963
0 0.948438 0.414815 0.040625 0.2
0 0.545833 0.383796 0.009375 0.037963
0 0.530469 0.419907 0.0244792 0.0564815
0 0.684375 0.388889 0.0135417 0.0462963
0 0.6125 0.418519 0.0197917 0.0814815
0 0.241927 0.462963 0.0182292 0.0777778
0 0.711198 0.389352 0.0119792 0.0527778
0 0.586458 0.386111 0.0145833 0.0592593
0 0.111719 0.494907 0.0265625 0.117593
0 0.446875 0.393981 0.0208333 0.0935185
1 0.0789063 0.991667 0.00677083 0.0111111
1 0.633854 0.445833 0.0135417 0.0231481
1 0.580208 0.412037 0.00625 0.00925926
