4 0.456771 0.366667 0.155208 0.0888889
0 0.533594 0.736574 0.0234375 0.100926
0 0.478125 0.398148 0.0125 0.0444444
0 0.380729 0.416667 0.0104167 0.0388889
0 0.246094 0.598148 0.0182292 0.0796296
0 0.446875 0.514815 0.0166667 0.0407407
0 0.0455729 0.470833 0.0109375 0.0453704
0 0.00260417 0.489352 0.00520833 0.0546296
0 0.173698 0.44213 0.0119792 0.0490741
0 0.660417 0.397222 0.0104167 0.0388889
0 0.111979 0.452315 0.0135417 0.0472222
0 0.447135 0.535185 0.0213542 0.0944444
0 0.584896 0.391667 0.009375 0.0388889
0 0.573438 0.389815 0.00833333 0.0351852
0 0.0135417 0.471296 0.0104167 0.0425926
0 0.282292 0.425926 0.0125 0.05
0 0.0322917 0.481481 0.0104167 0.0462963
0 0.0544271 0.477778 0.00989583 0.0407407
0 0.634896 0.391667 0.009375 0.037037
0 0.071875 0.474537 0.009375 0.0361111
0 0.143229 0.487037 0.015625 0.0777778
0 0.590104 0.419444 0.0135417 0.05
0 0.835156 0.443519 0.0234375 0.0962963
0 0.434896 0.467593 0.021875 0.1
0 0.355208 0.456481 0.015625 0.0611111
0 0.338542 0.462963 0.0135417 0.0555556
0 0.602083 0.427778 0.015625 0.0611111
0 0.541927 0.421759 0.0265625 0.115741
0 0.746354 0.426389 0.021875 0.0842593
1 0.446615 0.505093 0.0140625 0.025
1 0.0380208 0.495833 0.00729167 0.0138889
