0 0.323958 0.39213 0.00729167 0.0305556
0 0.177083 0.54537 0.01875 0.0759259
0 0.542448 0.373611 0.0109375 0.0416667
0 0.0817708 0.583796 0.01875 0.0787037
6 0.723437 0.373148 0.0114583 0.0388889
0 0.544271 0.393056 0.0114583 0.0398148
0 0.275 0.395833 0.0104167 0.0435185
0 0.723437 0.373148 0.0104167 0.0407407
0 0.980469 0.418519 0.0359375 0.222222
0 0.571354 0.38287 0.009375 0.0416667
0 0.682813 0.3875 0.009375 0.0361111
0 0.118229 0.497222 0.0197917 0.111111
0 0.53125 0.393056 0.0104167 0.0472222
0 0.733594 0.387037 0.0109375 0.0481481
0 0.536979 0.417593 0.015625 0.0648148
0 0.561458 0.394444 0.0125 0.0611111
0 0.301562 0.44213 0.021875 0.0768519
0 0.448177 0.398148 0.0203125 0.0962963
0 0.515625 0.408333 0.0145833 0.0611111
1 0.540365 0.446759 0.00989583 0.0194444
