0 0.476823 0.4 0.0119792 0.0481481
0 0.280729 0.426389 0.0125 0.0472222
0 0.110417 0.453241 0.0114583 0.0435185
0 0.246354 0.593056 0.015625 0.0657407
0 0.0463542 0.472685 0.0114583 0.0490741
0 0.422396 0.413889 0.0125 0.0537037
0 0.66224 0.398148 0.00989583 0.0407407
0 0.00260417 0.489815 0.00520833 0.0518519
0 0.582812 0.392593 0.0104167 0.0407407
0 0.0322917 0.480556 0.0114583 0.0462963
0 0.0125 0.471296 0.009375 0.0388889
0 0.0544271 0.476852 0.0109375 0.0407407
0 0.573958 0.390741 0.009375 0.037037
0 0.379427 0.418519 0.00885417 0.037037
0 0.634375 0.390741 0.00833333 0.037037
0 0.0721354 0.475 0.00885417 0.0351852
0 0.836719 0.443056 0.0265625 0.0972222
0 0.592188 0.417593 0.0135417 0.05
0 0.33724 0.464352 0.0130208 0.0564815
0 0.441146 0.46713 0.0197917 0.0953704
0 0.603125 0.430093 0.0145833 0.0564815
0 0.145313 0.4875 0.015625 0.0768519
0 0.353646 0.455556 0.0145833 0.062963
0 0.542448 0.422222 0.0265625 0.114815
0 0.747656 0.425926 0.0192708 0.0833333
1 0.451823 0.505093 0.0140625 0.0268519
1 0.0375 0.49537 0.00729167 0.0148148
