0 0.5625 0.381944 0.0125 0.0416667
0 0.49375 0.36713 0.009375 0.037963
0 0.560677 0.394444 0.0130208 0.0444444
0 0.639063 0.371759 0.00729167 0.0324074
4 0.827344 0.349074 0.135937 0.0685185
6 0.554688 0.403241 0.0114583 0.037963
0 0.611198 0.35787 0.0109375 0.0398148
0 0.66875 0.36713 0.00833333 0.0324074
0 0.33125 0.390278 0.0114583 0.0398148
0 0.55625 0.4 0.0104167 0.0407407
0 0.68724 0.35787 0.00989583 0.0472222
6 0.698438 0.372685 0.0114583 0.0398148
0 0.957812 0.415278 0.0427083 0.221296
0 0.534115 0.370833 0.00885417 0.0361111
0 0.517448 0.365741 0.0109375 0.0425926
0 0.698438 0.372685 0.0114583 0.0416667
0 0.675781 0.388889 0.0140625 0.0388889
0 0.0997396 0.5 0.0244792 0.111111
0 0.56276 0.422222 0.0203125 0.0833333
0 0.549479 0.383333 0.009375 0.0388889
0 0.438281 0.399537 0.0192708 0.0916667
0 0.509375 0.40787 0.0166667 0.0638889
0 0.263542 0.453704 0.0166667 0.0722222
0 0.715365 0.389815 0.00989583 0.0425926
0 0.521094 0.395833 0.00989583 0.0453704
1 0.576563 0.45 0.0125 0.0222222
