0 0.272656 0.729167 0.0109375 0.0472222
0 0.0138021 0.244444 0.0140625 0.0481481
0 0.228385 0.561574 0.0161458 0.0824074
0 0.46901 0.468981 0.00989583 0.0324074
0 0.276823 0.39537 0.00885417 0.0333333
0 0.158073 0.422222 0.00885417 0.0314815
0 0.348698 0.399537 0.0109375 0.0435185
0 0.0145833 0.468056 0.0208333 0.0694444
0 0.724219 0.371296 0.00989583 0.0425926
0 0.05625 0.452778 0.01875 0.0666667
0 0.4 0.383333 0.009375 0.0351852
0 0.446354 0.378704 0.0125 0.0518519
0 0.463281 0.378704 0.0109375 0.0462963
0 0.136719 0.496759 0.0223958 0.113889
0 0.981771 0.418981 0.034375 0.228704
0 0.532812 0.402315 0.0135417 0.0564815
0 0.56276 0.386111 0.00989583 0.0388889
0 0.679427 0.39213 0.0119792 0.0435185
0 0.710156 0.3875 0.0109375 0.0509259
0 0.514063 0.411111 0.0177083 0.062963
0 0.542969 0.40463 0.0140625 0.0592593
0 0.425 0.406019 0.0229167 0.0972222
0 0.30599 0.441204 0.0161458 0.0787037
1 0.524479 0.436111 0.009375 0.0166667
