4 0.353646 0.368056 0.146875 0.0805556
0 0.181771 0.435185 0.0114583 0.0518519
4 0.941406 0.374074 0.117188 0.0888889
0 0.640104 0.365741 0.009375 0.0388889
0 0.36276 0.402778 0.0151042 0.062963
0 0.158854 0.424537 0.009375 0.0342593
0 0.734375 0.607407 0.015625 0.0481481
3 0.591146 0.286574 0.159375 0.25463
0 0.810938 0.381481 0.0135417 0.0444444
0 0.53099 0.402778 0.0140625 0.0425926
0 0.558594 0.378241 0.0119792 0.0472222
0 0.447396 0.390278 0.0135417 0.0527778
0 0.39375 0.408333 0.0104167 0.0351852
0 0.254167 0.411111 0.0104167 0.0388889
0 0.360938 0.436574 0.0177083 0.0490741
0 0.725 0.398148 0.0104167 0.037037
0 0.525 0.385648 0.0114583 0.0453704
0 0.141146 0.429167 0.0104167 0.0398148
0 0.159896 0.443981 0.015625 0.0564815
0 0.73099 0.413889 0.0161458 0.062963
0 0.216146 0.418056 0.0114583 0.0435185
0 0.48776 0.386574 0.00989583 0.0435185
0 0.354167 0.4625 0.040625 0.100926
0 0.0914062 0.509722 0.0244792 0.106481
0 0.529688 0.435185 0.0322917 0.0777778
0 0.438542 0.416667 0.0291667 0.105556
0 0.764063 0.40787 0.0145833 0.0712963
0 0.572135 0.423611 0.0286458 0.0805556
1 0.542969 0.4625 0.0119792 0.0212963
