0 0.123438 0.450463 0.0125 0.0472222
0 0.38776 0.425 0.0119792 0.0444444
0 0.0213542 0.481944 0.009375 0.0416667
0 0.0515625 0.601852 0.0177083 0.0814815
0 0.0427083 0.477778 0.0104167 0.0388889
0 0.0588542 0.475926 0.00833333 0.0333333
0 0.608594 0.416667 0.0109375 0.0444444
0 0.528646 0.396296 0.0114583 0.05
0 0.883594 0.441204 0.0203125 0.0990741
0 0.858854 0.441667 0.028125 0.0907407
0 0.328385 0.468519 0.0161458 0.0722222
0 0.165625 0.487963 0.0166667 0.0796296
0 0.542188 0.453241 0.0260417 0.106481
0 0.616146 0.42963 0.0197917 0.0592593
0 0.346354 0.4625 0.0197917 0.075
0 0.751823 0.427778 0.0255208 0.0833333
1 0.557031 0.497222 0.0140625 0.0240741
