4 0.795833 0.347685 0.133333 0.0657407
0 0.657812 0.354167 0.0104167 0.0398148
0 0.640625 0.365278 0.009375 0.0361111
0 0.0669271 0.447222 0.0151042 0.0518519
0 0.727083 0.358796 0.0125 0.0546296
0 0.926562 0.411111 0.04375 0.205556
0 0.67474 0.371296 0.00989583 0.0407407
0 0.1125 0.49213 0.0239583 0.115741
0 0.533073 0.381944 0.0119792 0.0416667
0 0.761198 0.3875 0.0130208 0.0527778
0 0.625 0.379167 0.0145833 0.0527778
0 0.719792 0.391667 0.0125 0.05
0 0.500781 0.387037 0.0255208 0.0925926
0 0.55625 0.384722 0.0104167 0.0453704
0 0.696875 0.39537 0.015625 0.0648148
0 0.288021 0.462963 0.028125 0.114815
0 0.741146 0.398148 0.015625 0.0685185
1 0.810938 0.397685 0.00729167 0.0138889
