0 0.36875 0.393056 0.009375 0.0342593
0 0.0408854 0.452315 0.0109375 0.037963
0 0.817187 0.38287 0.0135417 0.0435185
0 0.114844 0.243519 0.0151042 0.0481481
0 0.207292 0.55787 0.0177083 0.0787037
0 0.130729 0.446296 0.0114583 0.0462963
0 0.167448 0.44537 0.0140625 0.0537037
0 0.331771 0.44537 0.0177083 0.062963
0 0.21276 0.416667 0.0119792 0.0444444
0 0.72474 0.39213 0.0109375 0.037963
0 0.00442708 0.46713 0.00885417 0.0453704
0 0.549479 0.378704 0.009375 0.0407407
0 0.455208 0.3875 0.0104167 0.0453704
0 0.323438 0.469907 0.028125 0.0916667
0 0.0794271 0.508796 0.0203125 0.102778
0 0.49974 0.3875 0.0109375 0.0490741
0 0.432813 0.416204 0.021875 0.106481
0 0.733854 0.411574 0.021875 0.0731481
0 0.763281 0.412037 0.0171875 0.0685185
0 0.519792 0.4375 0.0229167 0.0824074
0 0.578646 0.423611 0.03125 0.0805556
1 0.533854 0.463889 0.0125 0.0222222
