0 0.636458 0.390741 0.00833333 0.0351852
0 0.151823 0.44537 0.0109375 0.0462963
0 0.294271 0.424074 0.0114583 0.0444444
0 0.197656 0.758333 0.0182292 0.0796296
0 0.575 0.3875 0.0104167 0.0361111
0 0.771615 0.631944 0.0296875 0.110185
0 0.589323 0.409722 0.0109375 0.0324074
0 0.0697917 0.475463 0.00833333 0.0324074
0 0.0526042 0.478241 0.0104167 0.0398148
0 0.491927 0.396296 0.0119792 0.0425926
0 0.609375 0.389352 0.0104167 0.0398148
0 0.822656 0.435648 0.0203125 0.0935185
0 0.129167 0.487963 0.0145833 0.0722222
0 0.814062 0.44213 0.0260417 0.0935185
0 0.5375 0.423148 0.0229167 0.114815
0 0.360677 0.45 0.0140625 0.0592593
0 0.348177 0.45463 0.0130208 0.0574074
0 0.740625 0.424537 0.0177083 0.0861111
0 0.382552 0.46713 0.0203125 0.0935185
0 0.585417 0.42963 0.0229167 0.062963
1 0.513281 0.530556 0.0078125 0.012963
1 0.401042 0.50463 0.0135417 0.0240741
