0 0.13125 0.427778 0.0104167 0.037037
0 0.804427 0.381481 0.0130208 0.0425926
0 0.147135 0.428704 0.0109375 0.0425926
4 0.348177 0.365741 0.149479 0.0907407
0 0.731771 0.397222 0.009375 0.0351852
0 0.216667 0.416204 0.0104167 0.0435185
4 0.938281 0.374537 0.123438 0.0935185
0 0.35599 0.393519 0.0109375 0.0388889
0 0.148177 0.446296 0.0130208 0.0537037
0 0.717708 0.396296 0.009375 0.0296296
0 0.725 0.410185 0.0197917 0.0648148
0 0.535937 0.408333 0.0145833 0.0592593
0 0.367448 0.456944 0.0255208 0.0972222
0 0.388281 0.446296 0.0265625 0.0962963
0 0.10026 0.506019 0.0244792 0.10463
0 0.763281 0.412037 0.0151042 0.0611111
0 0.543229 0.430093 0.021875 0.0768519
0 0.571354 0.426389 0.028125 0.075
0 0.439063 0.4125 0.0239583 0.106481
1 0.564323 0.460185 0.0130208 0.0203704
