0 0.488281 0.411574 0.0244792 0.0490741
0 0.584375 0.359722 0.0104167 0.0416667
0 0.0320312 0.672685 0.0192708 0.0916667
0 0.56875 0.374074 0.009375 0.0296296
0 0.257552 0.610185 0.0234375 0.109259
4 0.714844 0.352315 0.0588542 0.037963
0 0.592708 0.375463 0.00625 0.0194444
0 0.678646 0.361111 0.009375 0.0481481
0 0.433333 0.375463 0.009375 0.0361111
0 0.658594 0.363889 0.00989583 0.0351852
4 0.815625 0.35463 0.135417 0.0814815
6 0.689323 0.369444 0.0109375 0.0425926
0 0.689062 0.369907 0.0114583 0.0435185
0 0.947656 0.413889 0.0421875 0.196296
0 0.54349 0.381019 0.00885417 0.0398148
0 0.728906 0.391667 0.0140625 0.0537037
0 0.56875 0.3875 0.0114583 0.0435185
0 0.131771 0.489352 0.028125 0.115741
0 0.751562 0.3875 0.0114583 0.0546296
0 0.25651 0.467593 0.0223958 0.101852
0 0.486719 0.389815 0.0276042 0.0981481
0 0.707812 0.395833 0.0302083 0.075
0 0.620573 0.381019 0.0140625 0.0527778
0 0.654688 0.405556 0.0260417 0.0685185
