4 0.455469 0.36713 0.155729 0.0898148
0 0.619792 0.387963 0.00833333 0.0314815
0 0.546354 0.45463 0.0114583 0.05
0 0.03125 0.481019 0.0114583 0.0490741
0 0.32474 0.4125 0.0140625 0.0490741
0 0.614583 0.389815 0.009375 0.0314815
0 0.284375 0.425463 0.0125 0.0472222
0 0.0716146 0.472685 0.00989583 0.037963
0 0.0145833 0.471759 0.0104167 0.0416667
0 0.173438 0.443519 0.0125 0.05
0 0.0539063 0.477315 0.0109375 0.0398148
0 0.623698 0.389352 0.0078125 0.0287037
0 0.382812 0.416667 0.0145833 0.0518519
0 0.589063 0.416667 0.0125 0.0481481
0 0.589063 0.387037 0.0104167 0.0351852
0 0.480729 0.399537 0.0135417 0.0472222
0 0.454167 0.405556 0.009375 0.0407407
0 0.828125 0.444444 0.0270833 0.0944444
0 0.573958 0.389352 0.009375 0.0361111
0 0.140104 0.488889 0.0145833 0.0722222
0 0.657031 0.397222 0.0109375 0.0407407
0 0.35599 0.455556 0.0151042 0.062963
0 0.634896 0.390741 0.009375 0.037037
0 0.42474 0.469907 0.0265625 0.0972222
0 0.340625 0.458333 0.0145833 0.0592593
0 0.541146 0.421296 0.025 0.112963
0 0.598958 0.427778 0.01875 0.0611111
0 0.745313 0.426852 0.0229167 0.0851852
1 0.438802 0.505093 0.0130208 0.025
1 0.0377604 0.496296 0.00677083 0.012963
