0 0.688281 0.367593 0.0130208 0.0462963
0 0.593229 0.376389 0.00625 0.0194444
0 0.610937 0.374537 0.0135417 0.0324074
6 0.689062 0.368519 0.0145833 0.0481481
0 0.660156 0.363889 0.0078125 0.0314815
0 0.45026 0.369444 0.00885417 0.0333333
0 0.471094 0.414815 0.0203125 0.0462963
0 0.947656 0.413426 0.0421875 0.199074
0 0.128125 0.49213 0.025 0.108333
0 0.694271 0.40463 0.01875 0.0666667
0 0.241146 0.468056 0.0197917 0.0953704
0 0.471615 0.391204 0.0223958 0.0916667
0 0.713802 0.387963 0.0130208 0.05
0 0.544531 0.381481 0.0109375 0.0407407
0 0.566406 0.388889 0.00989583 0.0407407
0 0.734896 0.390741 0.0135417 0.0574074
0 0.613021 0.406944 0.0302083 0.075
1 0.7125 0.431944 0.0114583 0.0212963
