0 0.490625 0.412037 0.01875 0.0462963
6 0.736198 0.361111 0.0119792 0.0444444
4 0.710938 0.347685 0.0666667 0.0453704
0 0.747396 0.360648 0.0135417 0.0490741
0 0.257812 0.6125 0.025 0.110185
0 0.761458 0.365278 0.009375 0.0342593
0 0.159115 0.419444 0.0119792 0.0462963
0 0.584375 0.3625 0.0125 0.0453704
0 0.592188 0.375926 0.00625 0.0203704
0 0.677865 0.356481 0.00989583 0.0481481
0 0.658073 0.363426 0.0078125 0.0342593
4 0.813802 0.34537 0.134896 0.0648148
0 0.424219 0.37037 0.0078125 0.0314815
0 0.689323 0.369907 0.0119792 0.0435185
6 0.689323 0.369907 0.0119792 0.0435185
0 0.946875 0.413426 0.0416667 0.197222
0 0.734635 0.391204 0.0140625 0.0546296
0 0.542708 0.380556 0.009375 0.0407407
0 0.490625 0.388426 0.0208333 0.0935185
0 0.13099 0.490278 0.0255208 0.112037
0 0.759115 0.387963 0.0171875 0.0537037
0 0.567708 0.385185 0.0125 0.0462963
0 0.719271 0.399537 0.021875 0.0768519
0 0.670313 0.397222 0.025 0.0759259
0 0.623177 0.381019 0.0130208 0.0490741
0 0.267188 0.469907 0.025 0.102778
1 0.710156 0.413426 0.00677083 0.012037
1 0.694531 0.389815 0.00572917 0.00925926
1 0.692708 0.389352 0.00625 0.0101852
