0 0.478385 0.387037 0.00989583 0.0407407
0 0.176042 0.434259 0.0135417 0.0555556
4 0.938542 0.371759 0.122917 0.087963
0 0.727865 0.400926 0.0151042 0.0537037
0 0.733594 0.399537 0.0078125 0.0305556
0 0.215885 0.416204 0.0119792 0.0472222
0 0.553125 0.379167 0.0114583 0.0472222
0 0.807292 0.381019 0.0125 0.0435185
0 0.272396 0.541667 0.0135417 0.0555556
0 0.381771 0.441667 0.021875 0.0833333
0 0.520312 0.385648 0.0114583 0.0435185
0 0.151302 0.449074 0.0140625 0.05
0 0.533854 0.400926 0.0135417 0.0425926
0 0.728125 0.419444 0.0125 0.0462963
0 0.366146 0.458333 0.0229167 0.0981481
0 0.096875 0.504167 0.0208333 0.112037
0 0.763802 0.413889 0.0140625 0.0574074
0 0.539323 0.430556 0.0192708 0.0796296
0 0.438542 0.414815 0.028125 0.107407
0 0.56849 0.428241 0.0286458 0.0768519
1 0.558854 0.463889 0.0135417 0.0222222
