0 0.688281 0.575463 0.0223958 0.102778
0 0.30599 0.389352 0.0109375 0.0416667
0 0.818229 0.350463 0.009375 0.037963
0 0.641406 0.352778 0.00989583 0.0425926
0 0.728125 0.360648 0.009375 0.037963
0 0.664583 0.370833 0.0104167 0.0416667
0 0.7125 0.355093 0.009375 0.0472222
6 0.664844 0.369907 0.0109375 0.0435185
0 0.909375 0.413426 0.04375 0.202778
0 0.0955729 0.497222 0.0255208 0.116667
4 0.779167 0.344907 0.129167 0.0638889
0 0.695312 0.384722 0.0104167 0.0490741
0 0.633333 0.375463 0.0125 0.0472222
0 0.517187 0.382407 0.0229167 0.0888889
0 0.536458 0.381481 0.0125 0.0407407
0 0.780208 0.381019 0.0166667 0.0527778
0 0.707552 0.384722 0.0130208 0.0601852
0 0.55625 0.382407 0.0104167 0.0407407
0 0.327083 0.461111 0.0291667 0.111111
0 0.752083 0.391204 0.015625 0.0712963
1 0.849219 0.397222 0.0078125 0.012963
