0 0.546875 0.403704 0.01875 0.0666667
0 0.0408854 0.477778 0.00989583 0.0388889
0 0.0567708 0.475463 0.00833333 0.0342593
0 0.647917 0.388889 0.0125 0.0444444
0 0.883594 0.44213 0.0203125 0.0990741
0 0.525781 0.395833 0.0119792 0.0453704
0 0.608073 0.417593 0.0109375 0.0462963
0 0.544271 0.456944 0.034375 0.108333
0 0.165365 0.487963 0.0171875 0.0796296
0 0.327865 0.468056 0.0171875 0.075
0 0.615625 0.428704 0.0166667 0.0592593
0 0.858854 0.441667 0.028125 0.0907407
0 0.346354 0.462037 0.0197917 0.0759259
0 0.75026 0.429167 0.0265625 0.0824074
1 0.559115 0.497222 0.0140625 0.0240741
