0 0.451823 0.390741 0.0119792 0.0518519
0 0.420833 0.388426 0.009375 0.0361111
0 0.394792 0.410185 0.009375 0.0296296
0 0.16276 0.443519 0.0130208 0.0537037
0 0.814062 0.38287 0.0125 0.0416667
0 0.271354 0.713426 0.0135417 0.0509259
0 0.545313 0.377778 0.0104167 0.037037
0 0.365885 0.393981 0.00989583 0.0398148
0 0.595052 0.377778 0.0109375 0.0407407
0 0.714063 0.368981 0.0104167 0.0435185
0 0.348177 0.439352 0.0119792 0.0435185
0 0.528906 0.39537 0.0130208 0.0425926
0 0.348437 0.474537 0.0208333 0.0731481
0 0.0861979 0.506019 0.0223958 0.106481
0 0.335156 0.465741 0.0203125 0.0944444
0 0.49375 0.387037 0.0114583 0.0444444
0 0.57474 0.422685 0.0286458 0.0824074
0 0.524479 0.4375 0.021875 0.0731481
0 0.733594 0.411574 0.0151042 0.0657407
0 0.435417 0.413889 0.0229167 0.109259
0 0.764063 0.411111 0.0166667 0.0703704
1 0.539062 0.461111 0.0114583 0.0185185
1 0.108073 0.412037 0.0078125 0.0148148
