0 0.0945313 0.446759 0.0151042 0.0601852
0 0.115365 0.775 0.0140625 0.0592593
0 0.596094 0.389352 0.0109375 0.0453704
6 0.676562 0.381944 0.0104167 0.037963
0 0.676562 0.382407 0.0104167 0.037037
0 0.660156 0.3875 0.00989583 0.0416667
0 0.553125 0.388426 0.009375 0.0342593
0 0.573438 0.414352 0.0145833 0.0416667
0 0.579167 0.411111 0.0125 0.0388889
0 0.446354 0.400463 0.0125 0.0490741
0 0.577344 0.431019 0.0171875 0.0546296
0 0.622656 0.394444 0.00989583 0.0407407
0 0.290365 0.476389 0.0171875 0.075
0 0.128385 0.492593 0.0171875 0.0907407
0 0.30599 0.464815 0.0203125 0.087037
0 0.842969 0.431019 0.0203125 0.0953704
0 0.7 0.425463 0.0166667 0.0805556
0 0.821875 0.434722 0.0270833 0.087963
0 0.503646 0.422685 0.028125 0.108333
0 0.538542 0.450926 0.0229167 0.103704
1 0.55651 0.4875 0.0140625 0.025
1 0.0408854 0.492593 0.0078125 0.012963
