0 0.817708 0.38287 0.0125 0.0416667
4 0.94375 0.360185 0.110417 0.0592593
0 0.508854 0.705093 0.01875 0.0601852
0 0.525781 0.391667 0.0109375 0.0388889
0 0.16901 0.442593 0.0151042 0.0555556
0 0.209115 0.550926 0.0213542 0.0944444
0 0.369271 0.391667 0.00833333 0.0333333
0 0.00520833 0.466204 0.0104167 0.0435185
0 0.45625 0.3875 0.0104167 0.0453704
0 0.726302 0.394444 0.0119792 0.037037
0 0.50026 0.386111 0.00989583 0.0444444
0 0.320052 0.466667 0.0369792 0.107407
0 0.078125 0.50787 0.021875 0.10463
0 0.431771 0.418519 0.021875 0.101852
0 0.734635 0.412963 0.0213542 0.0722222
0 0.763021 0.413426 0.0177083 0.0675926
0 0.517969 0.439352 0.0234375 0.0842593
0 0.578125 0.423611 0.0302083 0.0787037
1 0.532812 0.465278 0.0125 0.0212963
