0 0.44401 0.615741 0.0223958 0.0981481
0 0.713281 0.377778 0.00885417 0.0333333
0 0.592708 0.375926 0.00625 0.0203704
0 0.563281 0.364815 0.0078125 0.0296296
0 0.601823 0.365278 0.0109375 0.0398148
0 0.358594 0.57963 0.0171875 0.0703704
0 0.477344 0.416667 0.0078125 0.0388889
0 0.748438 0.354167 0.0114583 0.0453704
0 0.0328125 0.674074 0.0208333 0.1
0 0.585156 0.362037 0.0109375 0.0425926
0 0.678646 0.363889 0.009375 0.0425926
0 0.439583 0.370833 0.009375 0.0305556
4 0.815365 0.355093 0.138021 0.0824074
0 0.719271 0.386111 0.009375 0.0388889
0 0.485938 0.413889 0.009375 0.0425926
0 0.689062 0.369444 0.0114583 0.0425926
6 0.689062 0.369907 0.0114583 0.0435185
0 0.659375 0.364352 0.00833333 0.0324074
0 0.947656 0.413889 0.0421875 0.196296
0 0.13125 0.488889 0.0291667 0.118519
0 0.725 0.39537 0.0125 0.0462963
0 0.54375 0.381019 0.009375 0.0398148
0 0.56901 0.3875 0.0109375 0.0398148
0 0.61849 0.386111 0.00989583 0.0444444
0 0.481771 0.388426 0.0197917 0.0935185
0 0.704167 0.399537 0.015625 0.0675926
0 0.248698 0.465741 0.0244792 0.101852
0 0.745052 0.389352 0.0130208 0.0564815
0 0.642969 0.405093 0.0296875 0.075
