0 0.497135 0.387037 0.0078125 0.0296296
0 0.226302 0.433333 0.0109375 0.0444444
0 0.504687 0.387037 0.00833333 0.0314815
0 0.901563 0.392593 0.0135417 0.0462963
0 0.60651 0.386111 0.0109375 0.0407407
0 0.388802 0.400926 0.0130208 0.0481481
0 0.0447917 0.460648 0.015625 0.062037
0 0.547135 0.406019 0.0140625 0.0564815
0 0.580469 0.390278 0.0109375 0.0416667
0 0.277865 0.471296 0.0223958 0.087037
0 0.0940104 0.500463 0.0192708 0.0972222
0 0.26224 0.480093 0.0182292 0.0805556
0 0.46849 0.418519 0.0223958 0.109259
0 0.542188 0.421296 0.0197917 0.0611111
0 0.655469 0.419907 0.0223958 0.0861111
0 0.805208 0.428241 0.0177083 0.0731481
0 0.785417 0.425 0.0208333 0.0814815
0 0.515885 0.44537 0.0223958 0.101852
1 0.536198 0.481481 0.0130208 0.0222222
1 0.753906 0.399074 0.00677083 0.012963
