0 0.548698 0.360185 0.0078125 0.0296296
0 0.184896 0.414352 0.0177083 0.0564815
0 0.654167 0.35463 0.009375 0.0407407
0 0.723437 0.359259 0.0125 0.0555556
0 0.579687 0.359722 0.009375 0.0398148
0 0.636198 0.366204 0.0078125 0.0324074
0 0.0570313 0.449537 0.0130208 0.0527778
4 0.789844 0.343519 0.132812 0.0592593
6 0.671615 0.369907 0.0109375 0.0435185
0 0.671875 0.370833 0.0104167 0.0435185
0 0.923437 0.40787 0.04375 0.210185
0 0.108073 0.493056 0.0244792 0.115741
0 0.532031 0.381019 0.0140625 0.0435185
0 0.757552 0.3875 0.0130208 0.0509259
0 0.623438 0.378241 0.0145833 0.0509259
0 0.716146 0.390741 0.0114583 0.0462963
0 0.5 0.385648 0.0229167 0.0916667
0 0.554688 0.385648 0.0135417 0.0435185
0 0.697396 0.392593 0.0135417 0.062963
0 0.290625 0.465278 0.025 0.113889
0 0.739062 0.396296 0.0166667 0.0703704
1 0.814844 0.402778 0.0078125 0.012963
