0 0.538281 0.376852 0.0130208 0.0537037
0 0.229427 0.418519 0.0119792 0.0481481
0 0.717188 0.373611 0.0104167 0.0398148
0 0.565365 0.381944 0.00989583 0.0416667
4 0.845833 0.357407 0.13125 0.0814815
6 0.717448 0.373148 0.0109375 0.0407407
0 0.110677 0.492593 0.0192708 0.111111
0 0.526302 0.394907 0.0109375 0.0472222
0 0.679167 0.384259 0.0166667 0.0481481
0 0.510938 0.40787 0.015625 0.062037
0 0.558594 0.394907 0.0151042 0.0564815
0 0.730469 0.385185 0.0140625 0.0537037
0 0.977604 0.421759 0.040625 0.221296
0 0.5375 0.418981 0.0166667 0.0731481
0 0.444531 0.398148 0.0234375 0.0962963
0 0.291667 0.446296 0.0208333 0.0740741
1 0.549479 0.447685 0.0114583 0.0194444
