0 0.576042 0.359259 0.009375 0.0351852
0 0.651302 0.357407 0.0109375 0.0481481
0 0.235938 0.411111 0.0114583 0.0481481
0 0.542708 0.359722 0.00625 0.025
0 0.73125 0.363426 0.0104167 0.0453704
6 0.669531 0.37037 0.0119792 0.0444444
0 0.670052 0.37037 0.0119792 0.0444444
4 0.786719 0.34213 0.128646 0.0583333
0 0.735937 0.365278 0.00833333 0.037963
0 0.75625 0.386111 0.0125 0.0518519
0 0.720052 0.359722 0.0140625 0.0583333
0 0.104948 0.49537 0.0234375 0.112963
0 0.533854 0.38287 0.009375 0.0398148
0 0.921094 0.40787 0.0421875 0.210185
0 0.711979 0.384259 0.0125 0.0537037
0 0.555729 0.384259 0.0125 0.0462963
0 0.628646 0.376852 0.0135417 0.0518519
0 0.507031 0.38287 0.0171875 0.0898148
0 0.300521 0.461111 0.0302083 0.116667
0 0.70026 0.390278 0.0140625 0.0638889
0 0.741406 0.39537 0.0203125 0.0703704
1 0.828125 0.399537 0.00833333 0.012037
