3 0.508333 0.261574 0.15625 0.212037
6 0.722917 0.371759 0.0104167 0.0416667
0 0.965625 0.630093 0.01875 0.0731481
0 0.00703125 0.461574 0.0140625 0.0768519
0 0.275521 0.395833 0.00833333 0.0342593
0 0.401563 0.38287 0.00729167 0.0342593
0 0.723437 0.371759 0.00833333 0.0416667
0 0.0591146 0.444444 0.0130208 0.0537037
0 0.0164062 0.465278 0.0192708 0.0712963
0 0.98125 0.419444 0.0354167 0.227778
0 0.200781 0.425463 0.0130208 0.0509259
0 0.554427 0.381481 0.0109375 0.0481481
0 0.134115 0.497222 0.0223958 0.112963
0 0.677604 0.391204 0.0135417 0.0509259
0 0.714323 0.391204 0.0119792 0.0509259
0 0.524219 0.412963 0.0151042 0.0648148
0 0.540885 0.408333 0.0161458 0.0740741
0 0.504687 0.411111 0.0177083 0.0740741
0 0.419271 0.407407 0.0239583 0.1
0 0.304948 0.443519 0.0161458 0.0796296
