0 0.160417 0.419907 0.0114583 0.0490741
0 0.601042 0.360648 0.009375 0.0398148
0 0.763021 0.363426 0.009375 0.037963
0 0.66901 0.373611 0.0109375 0.0324074
4 0.711198 0.347685 0.0671875 0.0435185
6 0.746875 0.356019 0.0104167 0.0472222
0 0.583594 0.361111 0.0119792 0.0444444
6 0.734115 0.387963 0.0140625 0.0555556
0 0.747656 0.358796 0.0119792 0.0509259
6 0.733854 0.360648 0.0125 0.0453704
0 0.676562 0.357407 0.0114583 0.0481481
0 0.592188 0.375926 0.00625 0.0203704
0 0.426042 0.369907 0.009375 0.0324074
4 0.815104 0.347222 0.134375 0.0685185
0 0.689323 0.369907 0.0119792 0.0435185
0 0.658594 0.363889 0.0078125 0.0333333
6 0.689323 0.369907 0.0119792 0.0435185
0 0.733594 0.388889 0.0151042 0.0574074
0 0.946875 0.413426 0.04375 0.197222
0 0.757812 0.387037 0.0166667 0.0555556
0 0.542708 0.380556 0.009375 0.0407407
0 0.667708 0.399074 0.0229167 0.0796296
0 0.13125 0.491204 0.0260417 0.110185
0 0.716927 0.402315 0.0255208 0.0768519
0 0.567969 0.385648 0.0119792 0.0435185
0 0.490104 0.388889 0.021875 0.0925926
0 0.622656 0.380556 0.0140625 0.05
0 0.265365 0.469444 0.0255208 0.105556
