0 0.595573 0.411111 0.0140625 0.0333333
0 0.195573 0.436574 0.0130208 0.0472222
0 0.719531 0.4 0.0171875 0.05
0 0.00286458 0.485648 0.00572917 0.0435185
0 0.709115 0.535648 0.0109375 0.0287037
0 0.34401 0.42037 0.0140625 0.0574074
0 0.0148437 0.483333 0.00885417 0.0351852
0 0.471875 0.394907 0.0104167 0.037963
6 0.700521 0.383333 0.009375 0.037037
0 0.57526 0.389815 0.00885417 0.0333333
0 0.58724 0.419444 0.0140625 0.0388889
0 0.70026 0.383333 0.00885417 0.037037
0 0.686198 0.387037 0.0119792 0.0444444
0 0.641406 0.393056 0.0109375 0.0416667
0 0.8375 0.43287 0.0229167 0.0935185
0 0.303646 0.474537 0.0208333 0.075
0 0.321094 0.463426 0.0171875 0.0787037
0 0.719792 0.428704 0.0166667 0.0740741
0 0.144271 0.492593 0.0197917 0.0833333
0 0.594271 0.429167 0.021875 0.0583333
0 0.859896 0.438426 0.021875 0.0935185
0 0.520573 0.421296 0.0244792 0.105556
0 0.548437 0.45463 0.025 0.105556
1 0.564062 0.491667 0.0135417 0.0259259
