0 0.576042 0.356944 0.0104167 0.037963
0 0.0497396 0.449074 0.0140625 0.0555556
6 0.720833 0.359722 0.0125 0.0527778
0 0.720573 0.360185 0.0119792 0.0518519
0 0.651563 0.355093 0.0104167 0.0453704
6 0.66901 0.370833 0.0109375 0.0416667
4 0.786719 0.352315 0.130729 0.0768519
0 0.66901 0.370833 0.0109375 0.0416667
0 0.920833 0.408796 0.04375 0.206481
0 0.501823 0.383796 0.0192708 0.0916667
0 0.753906 0.386574 0.0130208 0.0509259
0 0.105208 0.493519 0.0239583 0.114815
0 0.62526 0.378241 0.0109375 0.0472222
0 0.53125 0.381019 0.0125 0.0453704
0 0.713281 0.389815 0.0109375 0.0481481
0 0.553125 0.385648 0.015625 0.0435185
0 0.738542 0.395833 0.01875 0.0675926
0 0.697656 0.392593 0.0130208 0.0611111
0 0.29375 0.461574 0.025 0.121296
1 0.821094 0.399074 0.0078125 0.012963
