4 0.829427 0.353241 0.141146 0.075
6 0.700521 0.372222 0.0125 0.0444444
0 0.521615 0.364815 0.00989583 0.0407407
0 0.551302 0.388426 0.0109375 0.0509259
0 0.561719 0.396296 0.0119792 0.05
0 0.960417 0.41713 0.04375 0.219444
0 0.534115 0.36713 0.00885417 0.0361111
0 0.715625 0.384722 0.0104167 0.0509259
0 0.674219 0.381481 0.0119792 0.0462963
0 0.553906 0.424074 0.0244792 0.0777778
0 0.100521 0.501389 0.025 0.110185
0 0.438021 0.398148 0.01875 0.0925926
0 0.266406 0.451852 0.0171875 0.0740741
0 0.521615 0.39537 0.00989583 0.0462963
0 0.508333 0.408333 0.01875 0.0685185
1 0.572396 0.449537 0.0125 0.0212963
