0 0.429688 0.387037 0.00729167 0.0333333
0 0.453906 0.386111 0.0109375 0.0388889
8 0.652344 0.359259 0.00677083 0.0222222
0 0.265625 0.421759 0.0135417 0.0509259
0 0.590104 0.393519 0.0135417 0.037037
0 0.192969 0.436111 0.0161458 0.0611111
0 0.394271 0.412037 0.009375 0.0314815
0 0.6875 0.372222 0.0135417 0.0518519
0 0.251563 0.459722 0.01875 0.0564815
0 0.728385 0.404167 0.0109375 0.037963
0 0.492708 0.425 0.015625 0.0518519
0 0.529688 0.386574 0.0104167 0.037963
0 0.552865 0.378704 0.00885417 0.0351852
0 0.165104 0.427778 0.0104167 0.0407407
0 0.523438 0.388889 0.00833333 0.037037
0 0.235677 0.481944 0.0317708 0.0935185
0 0.483594 0.444444 0.0276042 0.0925926
0 0.0434896 0.513889 0.0203125 0.0981481
0 0.500521 0.403241 0.0125 0.0490741
0 0.751823 0.418981 0.0192708 0.0712963
0 0.5875 0.423148 0.0260417 0.0777778
0 0.732552 0.419444 0.0192708 0.0666667
0 0.416667 0.420833 0.0291667 0.106481
1 0.501302 0.475 0.0130208 0.0240741
