0 0.575521 0.375463 0.00729167 0.025
0 0.733594 0.364815 0.0078125 0.0333333
6 0.915625 0.414352 0.0458333 0.200926
0 0.763542 0.377315 0.0104167 0.0416667
0 0.328906 0.386574 0.00885417 0.0398148
0 0.0393229 0.591667 0.0307292 0.101852
0 0.716667 0.359722 0.0125 0.0527778
6 0.66849 0.369444 0.0109375 0.0425926
0 0.66849 0.369444 0.0109375 0.0425926
0 0.647917 0.35463 0.0104167 0.0444444
0 0.915625 0.412963 0.0458333 0.2
4 0.783854 0.353704 0.129167 0.0777778
0 0.102083 0.495833 0.0239583 0.113889
0 0.748438 0.396296 0.0135417 0.062963
0 0.63151 0.376852 0.0140625 0.05
0 0.511458 0.384259 0.0208333 0.0907407
0 0.535677 0.382407 0.0109375 0.0388889
0 0.704687 0.388426 0.0135417 0.062037
0 0.557813 0.383796 0.0104167 0.0416667
0 0.311458 0.456944 0.0260417 0.125
1 0.690885 0.400463 0.0046875 0.00648148
1 0.839063 0.4 0.00729167 0.0148148
