0 0.678906 0.369444 0.00989583 0.0314815
0 0.0807292 0.569907 0.0135417 0.0509259
6 0.5875 0.361574 0.0104167 0.0416667
0 0.223958 0.724074 0.0145833 0.0592593
0 0.19349 0.587037 0.0130208 0.0425926
0 0.5875 0.361574 0.0104167 0.0416667
0 0.476562 0.374074 0.0135417 0.0444444
0 0.928125 0.623148 0.0166667 0.0592593
4 0.821354 0.356944 0.128125 0.0824074
0 0.50026 0.365741 0.00885417 0.037037
0 0.532812 0.368519 0.00729167 0.0314815
0 0.692187 0.371296 0.0104167 0.0425926
6 0.692187 0.371759 0.0104167 0.0416667
0 0.951563 0.414815 0.040625 0.207407
0 0.568229 0.388889 0.0114583 0.0518519
0 0.523958 0.392593 0.0104167 0.0462963
0 0.51276 0.410185 0.0171875 0.0703704
0 0.67474 0.386574 0.0161458 0.0472222
0 0.546094 0.382407 0.00989583 0.0407407
0 0.251042 0.452315 0.0177083 0.0787037
0 0.1 0.494907 0.021875 0.117593
0 0.578125 0.415278 0.0239583 0.0916667
0 0.438021 0.399537 0.025 0.0916667
0 0.710417 0.386574 0.0125 0.0527778
1 0.591667 0.45 0.0125 0.0222222
1 0.511198 0.323611 0.00677083 0.012037
