0 0.236719 0.410648 0.0119792 0.0472222
0 0.642708 0.355093 0.0104167 0.0435185
0 0.665365 0.369444 0.0109375 0.0425926
0 0.729167 0.361111 0.009375 0.037037
6 0.665625 0.369444 0.0114583 0.0444444
0 0.0971354 0.496759 0.0255208 0.117593
0 0.910937 0.413426 0.04375 0.20463
0 0.713802 0.356944 0.0109375 0.0509259
4 0.78125 0.347222 0.129167 0.0648148
0 0.697135 0.385185 0.00989583 0.0462963
0 0.777344 0.383333 0.0161458 0.0518519
0 0.536719 0.381481 0.0119792 0.0407407
0 0.516667 0.380556 0.01875 0.0851852
0 0.55651 0.384722 0.00989583 0.0398148
0 0.707292 0.388426 0.0125 0.0546296
0 0.633854 0.376389 0.0114583 0.0472222
0 0.325 0.460185 0.0291667 0.112963
0 0.752604 0.39213 0.015625 0.0712963
1 0.847656 0.397685 0.0078125 0.012037
