0 0.558073 0.40463 0.0109375 0.0592593
0 0.0346354 0.481481 0.00989583 0.0388889
0 0.460677 0.398148 0.0109375 0.0444444
0 0.0046875 0.486574 0.009375 0.0509259
0 0.369531 0.414815 0.0109375 0.0444444
0 0.55 0.447222 0.015625 0.0648148
0 0.570573 0.389815 0.0109375 0.0425926
0 0.373177 0.409722 0.00989583 0.037963
0 0.0559896 0.476389 0.00989583 0.0398148
0 0.851562 0.439815 0.025 0.0796296
0 0.267448 0.42963 0.0140625 0.05
0 0.0726563 0.474537 0.00989583 0.0342593
0 0.34974 0.461574 0.0140625 0.0675926
0 0.873438 0.443981 0.021875 0.10463
0 0.605208 0.419444 0.0125 0.0444444
0 0.163802 0.490741 0.0161458 0.0777778
0 0.550781 0.425 0.0223958 0.109259
0 0.619531 0.431019 0.0130208 0.0564815
0 0.759115 0.428241 0.0171875 0.0842593
0 0.505208 0.462037 0.025 0.103704
0 0.335938 0.466667 0.0145833 0.0648148
1 0.51875 0.502315 0.015625 0.0268519
