0 0.604427 0.376852 0.0130208 0.0444444
4 0.94375 0.363889 0.110417 0.0648148
0 0.00833333 0.464352 0.0114583 0.0398148
0 0.53099 0.381944 0.0078125 0.0342593
0 0.502344 0.421759 0.0151042 0.0416667
0 0.738542 0.395833 0.009375 0.037963
0 0.435937 0.388889 0.0125 0.0462963
0 0.554167 0.383796 0.009375 0.0398148
0 0.154427 0.549074 0.0130208 0.0407407
0 0.173438 0.441667 0.0145833 0.0611111
0 0.525 0.386111 0.00833333 0.037037
0 0.516406 0.398611 0.00989583 0.0416667
0 0.81875 0.383796 0.0125 0.0398148
0 0.458854 0.389352 0.0125 0.0472222
0 0.173438 0.423148 0.009375 0.037037
0 0.209375 0.553704 0.021875 0.0925926
0 0.53724 0.379167 0.00885417 0.0342593
0 0.370573 0.391667 0.00989583 0.0351852
0 0.729167 0.400926 0.00833333 0.0388889
0 0.0664062 0.50787 0.0223958 0.106481
0 0.0476562 0.454167 0.0119792 0.0453704
0 0.296354 0.470833 0.028125 0.102778
0 0.735937 0.418056 0.0135417 0.0601852
0 0.507812 0.441204 0.0260417 0.0805556
0 0.576563 0.423611 0.0291667 0.0805556
0 0.427604 0.420833 0.028125 0.102778
0 0.759375 0.415741 0.0166667 0.0685185
1 0.523958 0.467593 0.0125 0.0222222
1 0.113281 0.411574 0.00989583 0.0157407
