8 0.511198 0.361574 0.00677083 0.0231481
0 0.0966146 0.568981 0.0161458 0.0509259
0 0.4125 0.379167 0.00833333 0.0361111
0 0.0229167 0.244907 0.0145833 0.0527778
0 0.256771 0.416667 0.0125 0.05
0 0.6 0.361574 0.00833333 0.0361111
0 0.738542 0.384722 0.0125 0.0546296
0 0.535156 0.393981 0.00989583 0.0398148
0 0.988021 0.423148 0.021875 0.231481
0 0.32474 0.439815 0.0161458 0.0703704
0 0.538802 0.418981 0.0171875 0.0564815
0 0.546354 0.400926 0.009375 0.0425926
0 0.584375 0.384259 0.00833333 0.037037
0 0.45625 0.398148 0.0197917 0.0962963
0 0.688802 0.386111 0.0171875 0.0462963
0 0.140104 0.494907 0.0239583 0.106481
0 0.570052 0.394444 0.0140625 0.0611111
1 0.539844 0.440278 0.0078125 0.012037
1 0.539323 0.438889 0.0109375 0.0185185
1 0.0205729 0.425 0.00989583 0.0166667
