0 0.552344 0.927778 0.00885417 0.0407407
0 0.11224 0.434722 0.0130208 0.0527778
0 0.257812 0.630093 0.0197917 0.0675926
0 0.41875 0.374074 0.00833333 0.0333333
0 0.42474 0.37037 0.0078125 0.0314815
0 0.739844 0.364352 0.0130208 0.0546296
4 0.814062 0.351852 0.136458 0.0777778
0 0.658073 0.362037 0.0078125 0.0314815
0 0.745052 0.360648 0.0140625 0.0583333
0 0.735937 0.393056 0.0135417 0.0583333
0 0.690104 0.369444 0.0114583 0.0444444
6 0.690365 0.369444 0.0109375 0.0425926
0 0.591667 0.376852 0.00625 0.0203704
0 0.946875 0.4125 0.0416667 0.206481
0 0.542188 0.381944 0.009375 0.037963
0 0.494271 0.385648 0.0177083 0.0916667
0 0.677083 0.39537 0.0291667 0.0722222
0 0.727344 0.397222 0.0192708 0.0740741
0 0.7625 0.384722 0.0166667 0.0583333
0 0.270833 0.469444 0.0208333 0.101852
0 0.13125 0.491667 0.0229167 0.109259
0 0.623958 0.380556 0.0125 0.05
0 0.566927 0.385185 0.0109375 0.0425926
1 0.71849 0.401852 0.0046875 0.00740741
1 0.772656 0.398148 0.00677083 0.012963
