0 0.653646 0.355556 0.009375 0.0407407
0 0.0546875 0.449537 0.0125 0.0509259
0 0.636198 0.366204 0.0078125 0.0324074
0 0.578646 0.360648 0.009375 0.0398148
0 0.722656 0.359259 0.0119792 0.0518519
6 0.671094 0.369907 0.0119792 0.0435185
0 0.671094 0.371296 0.00989583 0.0425926
4 0.790104 0.347685 0.130208 0.0657407
0 0.922917 0.40787 0.04375 0.210185
0 0.107552 0.493056 0.0244792 0.115741
0 0.531771 0.381481 0.0135417 0.0444444
0 0.623698 0.378241 0.0130208 0.0490741
0 0.5 0.385648 0.021875 0.0916667
0 0.755729 0.385185 0.0135417 0.0518519
0 0.554688 0.385648 0.0145833 0.0435185
0 0.714583 0.388426 0.0125 0.0509259
0 0.697135 0.391667 0.0140625 0.0648148
0 0.290885 0.4625 0.0244792 0.115741
0 0.738281 0.394907 0.0161458 0.0712963
1 0.816406 0.400926 0.0078125 0.012963
