0 0.592708 0.375926 0.00625 0.0203704
0 0.584375 0.360185 0.0104167 0.0425926
0 0.43151 0.376852 0.0109375 0.0407407
4 0.815625 0.35463 0.1375 0.0814815
6 0.689062 0.368981 0.0114583 0.0435185
0 0.689062 0.369444 0.0114583 0.0425926
0 0.947656 0.412963 0.0421875 0.198148
0 0.543229 0.381019 0.009375 0.0398148
0 0.707812 0.4 0.0322917 0.0777778
0 0.56875 0.386111 0.0104167 0.0444444
0 0.730469 0.393981 0.0130208 0.0509259
0 0.131771 0.488889 0.028125 0.118519
0 0.658594 0.403704 0.0171875 0.0703704
0 0.753125 0.387963 0.0114583 0.0537037
0 0.258594 0.468981 0.0213542 0.100926
0 0.486719 0.389352 0.0265625 0.0953704
0 0.621094 0.381019 0.0151042 0.0527778
