0 0.564062 0.39537 0.0114583 0.0425926
0 0.561198 0.386574 0.0109375 0.037963
0 0.555469 0.408333 0.00989583 0.0481481
0 0.448438 0.425 0.0166667 0.0518519
0 0.547396 0.390741 0.009375 0.0407407
0 0.422656 0.377778 0.0078125 0.0296296
0 0.735156 0.371296 0.0119792 0.0425926
6 0.734896 0.371296 0.0114583 0.0425926
0 0.554688 0.389352 0.009375 0.0398148
0 0.988021 0.423611 0.021875 0.234259
0 0.149479 0.49213 0.0229167 0.112037
0 0.719271 0.386111 0.0114583 0.0481481
0 0.582812 0.384259 0.0104167 0.0388889
0 0.447656 0.400463 0.0223958 0.100926
0 0.684896 0.389352 0.0114583 0.0416667
0 0.563802 0.408796 0.0171875 0.0546296
0 0.541406 0.405556 0.0151042 0.0592593
0 0.321354 0.438426 0.015625 0.0712963
1 0.691927 0.890278 0.0046875 0.00833333
1 0.532031 0.436574 0.00989583 0.0157407
1 0.0203125 0.424074 0.009375 0.0148148
