0 0.760417 0.361111 0.0104167 0.037037
0 0.541146 0.374074 0.009375 0.037037
0 0.726562 0.377778 0.009375 0.0388889
0 0.654688 0.362037 0.00729167 0.0314815
0 0.685417 0.369907 0.0104167 0.0435185
0 0.0973958 0.438426 0.0145833 0.0546296
0 0.596875 0.359722 0.0104167 0.0416667
0 0.671094 0.356944 0.0109375 0.0453704
4 0.810938 0.346296 0.136458 0.0666667
0 0.742188 0.350926 0.0114583 0.0388889
0 0.943229 0.411574 0.040625 0.206481
0 0.769792 0.387037 0.0125 0.0555556
0 0.539844 0.387037 0.00885417 0.0314815
0 0.128385 0.493519 0.0213542 0.105556
0 0.745573 0.400926 0.0244792 0.0685185
0 0.729948 0.389815 0.0130208 0.0574074
0 0.694271 0.394907 0.0177083 0.0712963
0 0.50026 0.386574 0.0223958 0.0953704
0 0.627865 0.381019 0.0171875 0.0509259
0 0.564323 0.384722 0.0109375 0.0435185
0 0.28151 0.466204 0.0286458 0.110185
1 0.795833 0.39213 0.00833333 0.0138889
