0 0.190625 0.587037 0.0135417 0.0407407
0 0.510156 0.388889 0.0171875 0.0333333
0 0.984375 0.211111 0.015625 0.0518519
0 0.471875 0.373148 0.0114583 0.0388889
0 0.0786458 0.569907 0.0145833 0.0527778
0 0.660937 0.364352 0.00729167 0.0287037
0 0.496354 0.365741 0.009375 0.0351852
4 0.81875 0.356944 0.129167 0.0842593
0 0.690625 0.371296 0.0104167 0.0425926
6 0.690625 0.371759 0.0104167 0.0435185
0 0.949479 0.417593 0.040625 0.201852
0 0.4375 0.421296 0.0229167 0.05
0 0.56875 0.390741 0.015625 0.0537037
0 0.514063 0.411111 0.0208333 0.0740741
0 0.52474 0.39213 0.00989583 0.0453704
0 0.100521 0.49537 0.021875 0.114815
0 0.544792 0.381944 0.0104167 0.0416667
0 0.582812 0.417593 0.0239583 0.0925926
0 0.675521 0.385648 0.0114583 0.0472222
0 0.247656 0.456019 0.0182292 0.0805556
0 0.708594 0.388426 0.0119792 0.0472222
1 0.595573 0.452315 0.0130208 0.0231481
