0 0.285677 0.396759 0.00989583 0.0342593
0 0.296354 0.646296 0.015625 0.0574074
0 0.0463542 0.443981 0.0125 0.0453704
0 0.0195312 0.464815 0.0130208 0.0481481
0 0.211458 0.423148 0.0125 0.0518519
0 0.19375 0.431019 0.0135417 0.0453704
0 0.73724 0.377315 0.00989583 0.0398148
0 0.9875 0.425926 0.025 0.240741
0 0.707812 0.369907 0.00729167 0.0305556
0 0.426562 0.382407 0.0104167 0.0388889
0 0.184115 0.415741 0.0109375 0.0425926
6 0.73724 0.376852 0.0109375 0.0425926
0 0.0481771 0.459259 0.0171875 0.0703704
0 0.367708 0.393056 0.0125 0.0472222
0 0.539062 0.433796 0.0333333 0.0861111
0 0.10651 0.501389 0.0234375 0.112037
0 0.686979 0.399537 0.015625 0.0527778
0 0.455208 0.436111 0.0208333 0.087037
0 0.323438 0.448148 0.0177083 0.0777778
0 0.728906 0.399537 0.0171875 0.0527778
0 0.41276 0.408796 0.0203125 0.100926
0 0.588281 0.423148 0.0328125 0.0962963
1 0.528125 0.468056 0.009375 0.012037
1 0.534115 0.458796 0.0140625 0.0231481
1 0.01875 0.424537 0.00833333 0.0157407
