0 0.556771 0.375926 0.00729167 0.0314815
0 0.820312 0.383333 0.0114583 0.0425926
0 0.73776 0.393056 0.00885417 0.0398148
0 0.726042 0.396296 0.009375 0.0407407
4 0.944531 0.358333 0.107813 0.0537037
0 0.273438 0.473148 0.021875 0.0944444
0 0.0151042 0.464815 0.0135417 0.0481481
0 0.209115 0.55463 0.0223958 0.0925926
0 0.541146 0.377778 0.009375 0.037037
0 0.521875 0.387963 0.009375 0.0388889
0 0.507292 0.403241 0.0125 0.0546296
0 0.261979 0.475463 0.0364583 0.10463
0 0.0523437 0.513426 0.0244792 0.100926
0 0.733854 0.414352 0.015625 0.0712963
0 0.419531 0.418056 0.0234375 0.110185
0 0.495573 0.443519 0.0192708 0.0814815
0 0.577344 0.420833 0.0213542 0.0824074
0 0.753125 0.413426 0.0166667 0.075
1 0.511979 0.469907 0.0135417 0.0231481
