0 0.578906 0.57963 0.0182292 0.0685185
0 0.710417 0.3875 0.0104167 0.0416667
0 0.821354 0.614352 0.015625 0.0509259
0 0.823438 0.376389 0.009375 0.0305556
0 0.409115 0.408796 0.0140625 0.0546296
0 0.603125 0.414815 0.0145833 0.0518519
0 0.365885 0.418981 0.0140625 0.0527778
0 0.33776 0.461111 0.0213542 0.0851852
0 0.738281 0.423148 0.0182292 0.0851852
0 0.608073 0.425 0.0182292 0.0666667
0 0.853125 0.440278 0.0229167 0.0842593
0 0.49974 0.398148 0.0140625 0.0481481
0 0.876562 0.441204 0.025 0.0898148
0 0.158854 0.489815 0.0177083 0.0814815
0 0.536979 0.418056 0.021875 0.108333
0 0.553906 0.453241 0.0286458 0.106481
0 0.317969 0.472685 0.0223958 0.075
1 0.567448 0.493519 0.0140625 0.0240741
