0 0.633594 0.387963 0.00989583 0.0407407
0 0.227604 0.433796 0.0125 0.0472222
0 0.284635 0.690278 0.0151042 0.0638889
0 0.664323 0.396296 0.0109375 0.0425926
0 0.372135 0.422222 0.0140625 0.0518519
0 0.603125 0.416667 0.0166667 0.0518519
0 0.540625 0.419907 0.021875 0.102778
0 0.163281 0.485648 0.0171875 0.0898148
0 0.340885 0.459259 0.0192708 0.0814815
0 0.85625 0.441667 0.021875 0.087037
0 0.879687 0.442593 0.0260417 0.0981481
0 0.611198 0.426852 0.0182292 0.0611111
0 0.508854 0.398148 0.0135417 0.0481481
0 0.551562 0.455556 0.0291667 0.111111
0 0.74375 0.425 0.0208333 0.087037
0 0.321875 0.469907 0.0208333 0.0787037
1 0.567708 0.493981 0.0125 0.0231481
