0 0.513542 0.373611 0.0125 0.0546296
0 0.278646 0.395833 0.00833333 0.0361111
0 0.534896 0.401389 0.0114583 0.0527778
0 0.498437 0.374074 0.00729167 0.0314815
0 0.469531 0.475 0.0109375 0.0388889
0 0.0127604 0.469444 0.0213542 0.0666667
0 0.72526 0.371296 0.00989583 0.0425926
6 0.536198 0.4125 0.0119792 0.0564815
0 0.461979 0.376852 0.0114583 0.05
0 0.399479 0.383333 0.009375 0.037037
0 0.538281 0.410648 0.0119792 0.0546296
0 0.138802 0.496296 0.0223958 0.118519
0 0.567187 0.384722 0.0114583 0.0416667
0 0.545833 0.404167 0.0125 0.0583333
0 0.679688 0.391204 0.0114583 0.0435185
0 0.709375 0.388889 0.0114583 0.0481481
0 0.520833 0.409259 0.01875 0.0703704
0 0.982813 0.418519 0.0322917 0.225926
0 0.429427 0.402778 0.0192708 0.1
0 0.307292 0.441667 0.015625 0.0759259
1 0.525781 0.436574 0.00989583 0.0194444
