0 0.432813 0.377315 0.00833333 0.0324074
0 0.517708 0.394907 0.0125 0.0324074
0 0.565104 0.406481 0.0135417 0.05
0 0.700781 0.36713 0.0078125 0.0342593
0 0.0588542 0.448611 0.0177083 0.0657407
0 0.53099 0.393519 0.0109375 0.0462963
0 0.00546875 0.47037 0.00989583 0.0444444
0 0.536979 0.393981 0.009375 0.0472222
0 0.0317708 0.464352 0.0197917 0.0675926
0 0.982813 0.421296 0.034375 0.225926
0 0.13151 0.500926 0.0296875 0.112963
0 0.730469 0.397685 0.0171875 0.0546296
0 0.524219 0.425 0.0182292 0.0796296
0 0.570052 0.420833 0.0203125 0.075
0 0.680469 0.394907 0.0130208 0.0546296
0 0.310417 0.446759 0.015625 0.0768519
0 0.475521 0.431481 0.021875 0.0777778
0 0.409896 0.406481 0.0197917 0.105556
