0 0.651042 0.381019 0.00625 0.0194444
0 0.0328125 0.243056 0.0135417 0.0472222
0 0.135417 0.429167 0.015625 0.0527778
0 0.294271 0.395833 0.009375 0.0342593
0 0.183594 0.415741 0.0109375 0.0462963
0 0.991146 0.426852 0.015625 0.218519
0 0.744792 0.377315 0.0104167 0.0416667
0 0.0635417 0.456019 0.0166667 0.0675926
0 0.386719 0.392593 0.0119792 0.0462963
0 0.51875 0.394444 0.0125 0.0425926
0 0.0953125 0.50463 0.0260417 0.111111
0 0.5875 0.422685 0.0322917 0.0898148
0 0.438281 0.433796 0.0265625 0.0916667
0 0.532552 0.4 0.0130208 0.05
0 0.556771 0.43287 0.025 0.0824074
0 0.686979 0.403241 0.0197917 0.0564815
0 0.728646 0.403704 0.0125 0.0481481
0 0.414062 0.408796 0.0239583 0.100926
0 0.336979 0.442593 0.0260417 0.0888889
1 0.554167 0.4625 0.0125 0.0212963
1 0.542448 0.455093 0.0078125 0.012037
