0 0.00494792 0.471296 0.00885417 0.0462963
0 0.0565104 0.450463 0.0171875 0.0657407
0 0.0830729 0.443519 0.0203125 0.0703704
0 0.43125 0.377778 0.0104167 0.0333333
0 0.276563 0.396759 0.0104167 0.0342593
0 0.19375 0.425463 0.0145833 0.0546296
0 0.559896 0.402315 0.0135417 0.0416667
0 0.986458 0.886111 0.0125 0.0462963
0 0.516667 0.397685 0.009375 0.0305556
0 0.529688 0.39213 0.0114583 0.0453704
0 0.0307292 0.465278 0.0208333 0.0675926
0 0.98125 0.420833 0.0354167 0.226852
0 0.13151 0.501389 0.0265625 0.110185
0 0.538281 0.3875 0.00989583 0.0490741
0 0.565104 0.42037 0.0239583 0.0759259
0 0.728646 0.393519 0.015625 0.0611111
0 0.680208 0.394444 0.0145833 0.0555556
0 0.523177 0.422222 0.0182292 0.0777778
0 0.409635 0.405556 0.0203125 0.105556
0 0.309635 0.446296 0.0161458 0.0777778
0 0.478646 0.427778 0.025 0.0814815
