0 0.327083 0.390278 0.0104167 0.0398148
0 0.608073 0.359259 0.0109375 0.0407407
4 0.825781 0.352315 0.135937 0.075
0 0.564844 0.381944 0.00989583 0.037963
0 0.592708 0.360185 0.009375 0.037037
6 0.954167 0.417593 0.04375 0.212963
0 0.354167 0.383796 0.00833333 0.0305556
0 0.929688 0.613889 0.0197917 0.0925926
0 0.486719 0.372222 0.00989583 0.0407407
0 0.510417 0.365278 0.009375 0.0342593
0 0.696094 0.372685 0.0109375 0.0416667
6 0.696094 0.372685 0.0109375 0.0416667
0 0.954687 0.416667 0.0427083 0.214815
0 0.533073 0.369907 0.0078125 0.0342593
0 0.510417 0.410185 0.015625 0.0666667
0 0.0997396 0.5 0.0223958 0.111111
0 0.521875 0.394444 0.0104167 0.0444444
0 0.67526 0.386111 0.0171875 0.0444444
0 0.713281 0.390741 0.00989583 0.0407407
0 0.56875 0.419907 0.0229167 0.0898148
0 0.547917 0.38287 0.0104167 0.037963
0 0.258073 0.449074 0.0171875 0.0814815
0 0.439323 0.401389 0.0244792 0.0898148
1 0.582812 0.45 0.0125 0.0222222
1 0.727344 0.402315 0.0046875 0.00833333
