0 0.529427 0.390278 0.0171875 0.0453704
0 0.128646 0.429167 0.009375 0.0361111
0 0.986458 0.426852 0.025 0.237037
0 0.465885 0.378241 0.0140625 0.0509259
0 0.0713542 0.440278 0.0135417 0.0546296
0 0.707031 0.37037 0.00677083 0.0314815
0 0.0445312 0.445833 0.0119792 0.0472222
0 0.365625 0.393519 0.0145833 0.0462963
6 0.735937 0.377315 0.0104167 0.0398148
0 0.0460938 0.46713 0.0151042 0.0546296
0 0.42474 0.38287 0.00989583 0.0398148
0 0.19349 0.431481 0.0140625 0.0462963
0 0.0174479 0.467593 0.0119792 0.0462963
0 0.184115 0.415278 0.0109375 0.0435185
0 0.211198 0.421759 0.0130208 0.0527778
0 0.736458 0.376852 0.009375 0.0388889
0 0.111198 0.431019 0.0119792 0.0453704
0 0.107813 0.504167 0.025 0.110185
0 0.534896 0.433333 0.0302083 0.087037
0 0.4125 0.408796 0.0208333 0.100926
0 0.685938 0.399537 0.0135417 0.0509259
0 0.728906 0.398148 0.0151042 0.0537037
0 0.45599 0.434722 0.0213542 0.0861111
0 0.322135 0.448611 0.0182292 0.0731481
0 0.5875 0.422222 0.03125 0.0944444
1 0.534375 0.460185 0.0104167 0.0185185
1 0.0177083 0.424074 0.00833333 0.0148148
