0 0.575 0.361574 0.009375 0.037963
0 0.54401 0.393519 0.0151042 0.0388889
0 0.486458 0.368519 0.00833333 0.037037
0 0.542969 0.372685 0.0109375 0.037963
0 0.198698 0.6 0.0182292 0.0833333
4 0.858073 0.355093 0.135937 0.075
0 0.275521 0.39537 0.0104167 0.0425926
0 0.725781 0.372685 0.00989583 0.0398148
0 0.529688 0.4 0.009375 0.0444444
0 0.810938 0.575 0.015625 0.0555556
0 0.533073 0.395833 0.0119792 0.0472222
6 0.725781 0.372222 0.00989583 0.0407407
0 0.574479 0.383333 0.009375 0.0388889
0 0.121354 0.496759 0.0197917 0.110185
0 0.683854 0.387037 0.009375 0.037037
0 0.539844 0.415741 0.0223958 0.0722222
0 0.30651 0.44213 0.0192708 0.0731481
0 0.983333 0.418056 0.03125 0.225
0 0.450521 0.399074 0.0197917 0.0944444
0 0.563542 0.396759 0.0125 0.0583333
0 0.735937 0.386574 0.0114583 0.0453704
0 0.518229 0.406481 0.0135417 0.0574074
1 0.541406 0.44537 0.0119792 0.0185185
1 0.00703125 0.427778 0.00989583 0.0185185
