0 0.16875 0.796296 0.0260417 0.122222
0 0.747917 0.355556 0.0104167 0.0444444
0 0.585417 0.364352 0.0145833 0.0472222
4 0.660677 0.365741 0.0171875 0.0444444
0 0.684896 0.365741 0.009375 0.0425926
0 0.583594 0.389815 0.00989583 0.0314815
0 0.151302 0.430093 0.0119792 0.0472222
0 0.659375 0.364815 0.00833333 0.037037
0 0.678125 0.361111 0.0104167 0.0462963
0 0.689323 0.371296 0.0109375 0.0462963
6 0.689844 0.371296 0.0109375 0.0462963
0 0.947656 0.412963 0.0421875 0.211111
0 0.660156 0.409259 0.0223958 0.0777778
0 0.556771 0.3875 0.0135417 0.0435185
0 0.606771 0.384722 0.0135417 0.0546296
0 0.698698 0.39213 0.0130208 0.0453704
0 0.544271 0.381019 0.009375 0.0416667
0 0.235938 0.465278 0.01875 0.0916667
0 0.463281 0.391667 0.0182292 0.0944444
0 0.123958 0.492593 0.025 0.111111
0 0.720833 0.394907 0.0208333 0.0509259
0 0.579427 0.410185 0.0265625 0.0740741
1 0.686458 0.4375 0.0125 0.0231481
1 0.647396 0.419907 0.009375 0.0175926
