3 0.499219 0.269907 0.174479 0.239815
0 0.250521 0.65787 0.0145833 0.0601852
0 0.160417 0.428241 0.0145833 0.0527778
0 0.689583 0.365278 0.0104167 0.0342593
4 0.505729 0.281944 0.142708 0.19537
0 0.747917 0.356481 0.0104167 0.0444444
0 0.678906 0.361111 0.0109375 0.0444444
0 0.659635 0.363889 0.0078125 0.0333333
0 0.735677 0.360185 0.0109375 0.0444444
6 0.689323 0.364815 0.0119792 0.0351852
0 0.584635 0.361111 0.00989583 0.0388889
4 0.816927 0.35463 0.131771 0.0796296
0 0.983854 0.210648 0.015625 0.0601852
0 0.5625 0.389352 0.009375 0.037963
0 0.472656 0.369907 0.00989583 0.037963
0 0.948438 0.412963 0.0427083 0.2
0 0.11875 0.492593 0.0239583 0.112963
0 0.554167 0.413426 0.025 0.0768519
0 0.599479 0.386574 0.0135417 0.0527778
0 0.544792 0.387963 0.0125 0.0481481
0 0.691667 0.387963 0.0125 0.0518519
0 0.236979 0.4625 0.0177083 0.0916667
0 0.636198 0.414352 0.0203125 0.0787037
0 0.454167 0.394444 0.025 0.0981481
0 0.715625 0.388426 0.0208333 0.0601852
1 0.663542 0.438426 0.0125 0.0212963
