4 0.966667 0.376389 0.0666667 0.0805556
0 0.229948 0.433796 0.0140625 0.0564815
0 0.469792 0.3875 0.009375 0.0361111
0 0.195312 0.593982 0.0145833 0.0657407
0 0.566146 0.386111 0.009375 0.0388889
0 0.728385 0.368519 0.0109375 0.0407407
0 0.863281 0.387037 0.0140625 0.0462963
0 0.513281 0.415741 0.0119792 0.0537037
0 0.347135 0.406019 0.0151042 0.0527778
0 0.5875 0.381944 0.009375 0.037963
0 0.245312 0.478241 0.0291667 0.0953704
0 0.520833 0.404167 0.0104167 0.0453704
0 0.260417 0.471296 0.0197917 0.0814815
0 0.55026 0.389352 0.00989583 0.0398148
0 0.0666667 0.507407 0.021875 0.0962963
0 0.758073 0.415278 0.0182292 0.087963
0 0.775521 0.417593 0.01875 0.087037
0 0.497135 0.442593 0.0203125 0.0962963
0 0.621354 0.419907 0.021875 0.0805556
0 0.441146 0.418981 0.0260417 0.108333
1 0.0742188 0.494444 0.00572917 0.00925926
1 0.516146 0.478241 0.0135417 0.025
