0 0.548958 0.376389 0.009375 0.037963
0 0.816406 0.38287 0.0140625 0.0435185
0 0.00338542 0.467593 0.00677083 0.0425926
0 0.21276 0.41713 0.0130208 0.0472222
0 0.267448 0.41713 0.0151042 0.0564815
0 0.166667 0.443056 0.0145833 0.0583333
0 0.335417 0.44537 0.0135417 0.0518519
0 0.114063 0.243056 0.0135417 0.0472222
0 0.367969 0.392593 0.00989583 0.037037
0 0.724219 0.391667 0.0119792 0.037037
0 0.455208 0.388889 0.0104167 0.0462963
0 0.205208 0.556944 0.0197917 0.087963
0 0.324219 0.464352 0.0171875 0.087963
0 0.333073 0.472685 0.0192708 0.0842593
0 0.0815104 0.509259 0.0203125 0.101852
0 0.498437 0.386574 0.0114583 0.0453704
0 0.733854 0.412037 0.0197917 0.0685185
0 0.434115 0.415278 0.0223958 0.106481
0 0.763542 0.4125 0.0166667 0.0675926
0 0.521875 0.437963 0.0270833 0.0814815
0 0.578125 0.422685 0.0322917 0.0805556
1 0.535937 0.464352 0.0114583 0.0212963
1 0.5125 0.464815 0.00833333 0.0166667
