0 0.59974 0.396296 0.0151042 0.0407407
6 0.568229 0.381019 0.009375 0.0361111
0 0.210156 0.436111 0.0151042 0.0555556
0 0.278385 0.420833 0.0140625 0.0509259
0 0.739583 0.406019 0.0104167 0.0398148
0 0.451042 0.386574 0.0104167 0.0361111
6 0.84375 0.386111 0.015625 0.0462963
8 0.667448 0.360648 0.00677083 0.0212963
4 0.958594 0.361574 0.0828125 0.0564815
0 0.60599 0.393981 0.0109375 0.037963
0 0.40651 0.411574 0.0109375 0.0361111
0 0.469531 0.385648 0.00989583 0.037963
0 0.84375 0.386111 0.0145833 0.0444444
0 0.568229 0.381019 0.009375 0.0342593
0 0.545833 0.385185 0.0104167 0.0407407
0 0.238281 0.481944 0.0265625 0.0916667
0 0.32474 0.406481 0.0140625 0.0518519
0 0.0528646 0.508796 0.0203125 0.0990741
0 0.248698 0.476389 0.0255208 0.0916667
0 0.534896 0.388889 0.009375 0.0388889
0 0.761198 0.414352 0.0182292 0.0824074
0 0.74401 0.42037 0.0203125 0.0703704
0 0.498958 0.415741 0.0125 0.0574074
0 0.509115 0.40463 0.0109375 0.05
0 0.602865 0.423148 0.0234375 0.0759259
0 0.486979 0.444444 0.0197917 0.0888889
0 0.427344 0.419907 0.0286458 0.108333
1 0.506771 0.476389 0.0135417 0.025
