0 0.0536458 0.477315 0.0104167 0.0398148
0 0.383594 0.41713 0.0140625 0.0564815
0 0.586719 0.409722 0.00989583 0.037963
0 0.624479 0.387963 0.00729167 0.0277778
0 0.815625 0.419907 0.0125 0.0435185
0 0.0710938 0.475 0.00885417 0.0333333
0 0.421094 0.4125 0.0140625 0.0564815
0 0.289583 0.422685 0.0145833 0.0527778
0 0.48724 0.394444 0.0109375 0.0425926
0 0.614844 0.390741 0.00885417 0.0277778
0 0.830729 0.688426 0.015625 0.0675926
0 0.461719 0.402778 0.00989583 0.0407407
0 0.829687 0.44213 0.01875 0.0898148
0 0.64974 0.394907 0.00989583 0.0398148
0 0.574479 0.387963 0.009375 0.0351852
0 0.815625 0.444444 0.0208333 0.0851852
0 0.60026 0.390278 0.00989583 0.0416667
0 0.635417 0.390278 0.00833333 0.0361111
0 0.133333 0.489815 0.0177083 0.0722222
0 0.346354 0.458796 0.0135417 0.0564815
0 0.538802 0.422222 0.0255208 0.114815
0 0.4 0.468519 0.0260417 0.0925926
0 0.359115 0.452778 0.0161458 0.0592593
0 0.591146 0.428241 0.0177083 0.0601852
0 0.741667 0.424537 0.01875 0.0842593
1 0.416406 0.50463 0.0140625 0.0240741
