0 0.738021 0.393519 0.009375 0.0388889
0 0.55599 0.376852 0.00885417 0.0351852
0 0.511458 0.382407 0.0104167 0.0425926
4 0.944271 0.361574 0.109375 0.0601852
0 0.820312 0.383796 0.0125 0.0416667
0 0.370833 0.39213 0.009375 0.0361111
0 0.0151042 0.465741 0.015625 0.05
0 0.208854 0.552315 0.0197917 0.087963
0 0.726562 0.398148 0.00833333 0.037037
0 0.540104 0.377315 0.009375 0.0361111
0 0.522135 0.387037 0.00885417 0.037037
0 0.508333 0.404167 0.0125 0.0490741
0 0.269531 0.476852 0.0338542 0.0944444
0 0.734375 0.416204 0.0166667 0.0731481
0 0.0549479 0.514352 0.0255208 0.100926
0 0.497656 0.443056 0.0203125 0.0805556
0 0.421094 0.418981 0.0223958 0.10463
0 0.753646 0.4125 0.015625 0.075
0 0.577344 0.420833 0.0223958 0.0824074
1 0.514323 0.47037 0.0140625 0.0240741
1 0.113281 0.412037 0.00989583 0.0166667
