0 0.283854 0.402778 0.0125 0.0537037
0 0.648438 0.363426 0.009375 0.0342593
0 0.370573 0.389815 0.0130208 0.0462963
0 0.445312 0.380556 0.00833333 0.0333333
0 0.655208 0.381481 0.00625 0.0185185
0 0.0695312 0.452778 0.0151042 0.0648148
0 0.563281 0.406944 0.00885417 0.0342593
0 0.299219 0.395833 0.00989583 0.0342593
0 0.14401 0.42963 0.0140625 0.0518519
0 0.748438 0.377315 0.0114583 0.0453704
0 0.185677 0.417593 0.0109375 0.0425926
0 0.435417 0.42037 0.0145833 0.0611111
0 0.472396 0.386111 0.0125 0.0462963
0 0.519792 0.393981 0.0145833 0.0435185
0 0.392708 0.391204 0.0125 0.0490741
0 0.434115 0.443056 0.0213542 0.0787037
0 0.0963542 0.504167 0.0239583 0.115741
0 0.730469 0.399074 0.0130208 0.0574074
0 0.58776 0.421759 0.0286458 0.0898148
0 0.559375 0.43287 0.025 0.0768519
0 0.532812 0.400926 0.0114583 0.05
0 0.689583 0.402315 0.0208333 0.0583333
0 0.344271 0.443981 0.0239583 0.087963
0 0.414844 0.408333 0.0223958 0.1
1 0.561458 0.462037 0.0125 0.0203704
