0 0.475781 0.399537 0.0119792 0.0472222
0 0.454688 0.506019 0.0135417 0.0305556
0 0.280208 0.425463 0.0125 0.0527778
0 0.58151 0.393056 0.0109375 0.0416667
0 0.0330729 0.480556 0.0109375 0.0462963
0 0.0466146 0.472222 0.0119792 0.05
0 0.00260417 0.489815 0.00520833 0.0481481
0 0.422396 0.414352 0.0135417 0.0546296
0 0.0114583 0.471296 0.0104167 0.0388889
0 0.246094 0.595833 0.0161458 0.075
0 0.0546875 0.476852 0.0114583 0.0407407
0 0.0726563 0.475 0.00885417 0.0333333
0 0.152865 0.612963 0.0151042 0.0555556
0 0.634375 0.390741 0.009375 0.037037
0 0.573958 0.390741 0.009375 0.037037
0 0.378906 0.417593 0.00989583 0.0388889
0 0.838281 0.44213 0.0265625 0.100926
0 0.445312 0.467593 0.0229167 0.1
0 0.336979 0.463426 0.0135417 0.0583333
0 0.592708 0.419907 0.0125 0.0527778
0 0.146354 0.487037 0.015625 0.0759259
0 0.353385 0.456019 0.0151042 0.0638889
0 0.604688 0.430093 0.0135417 0.0583333
0 0.748698 0.425463 0.0182292 0.0824074
0 0.542969 0.423611 0.0265625 0.115741
1 0.454688 0.50463 0.0125 0.0259259
1 0.0377604 0.495833 0.00677083 0.012037
