0 0.745052 0.366667 0.0078125 0.0333333
0 0.592708 0.375 0.00625 0.0203704
0 0.435417 0.372222 0.00833333 0.0314815
0 0.678125 0.361574 0.009375 0.0453704
4 0.815625 0.356944 0.135417 0.0861111
0 0.689062 0.369907 0.0114583 0.0435185
6 0.689062 0.369444 0.0114583 0.0444444
0 0.659375 0.366204 0.00833333 0.0342593
0 0.947917 0.412963 0.04375 0.2
0 0.13151 0.4875 0.0296875 0.119444
0 0.726562 0.392593 0.0135417 0.0518519
0 0.569271 0.3875 0.0114583 0.0416667
0 0.54375 0.381481 0.009375 0.0388889
0 0.619531 0.382407 0.0119792 0.05
0 0.748177 0.388889 0.0119792 0.0537037
0 0.252865 0.467593 0.0223958 0.101852
0 0.70625 0.394444 0.0208333 0.0703704
0 0.484375 0.388889 0.0229167 0.0944444
0 0.648698 0.405093 0.0317708 0.0712963
