0 0.740104 0.357407 0.009375 0.0444444
0 0.583594 0.362037 0.0119792 0.0444444
0 0.675781 0.356481 0.0130208 0.05
0 0.158073 0.419444 0.0130208 0.0481481
0 0.746875 0.359722 0.0125 0.0509259
0 0.658073 0.363426 0.0078125 0.0324074
0 0.491667 0.412963 0.0166667 0.0444444
0 0.591927 0.376389 0.00677083 0.0194444
4 0.813021 0.348611 0.134375 0.0712963
0 0.689583 0.369907 0.0125 0.0453704
0 0.422917 0.372222 0.009375 0.0351852
6 0.689844 0.37037 0.0119792 0.0444444
0 0.734635 0.391667 0.0140625 0.0555556
0 0.946875 0.4125 0.04375 0.199074
0 0.491927 0.3875 0.0203125 0.0935185
0 0.13151 0.491667 0.0244792 0.109259
0 0.542708 0.381019 0.009375 0.0398148
0 0.760938 0.386111 0.0177083 0.0574074
0 0.722656 0.398611 0.0213542 0.0768519
0 0.26875 0.470833 0.0239583 0.102778
0 0.567448 0.385185 0.0109375 0.0444444
0 0.623177 0.380093 0.0130208 0.0490741
0 0.672656 0.394907 0.0255208 0.0731481
1 0.714844 0.42037 0.00677083 0.0148148
