0 0.748958 0.361111 0.0145833 0.0518519
4 0.71276 0.356944 0.0703125 0.0490741
0 0.676302 0.356481 0.0109375 0.0462963
0 0.764063 0.358796 0.009375 0.0361111
0 0.0322917 0.679167 0.01875 0.0953704
0 0.592448 0.376389 0.00677083 0.0194444
0 0.583854 0.360648 0.0114583 0.0435185
0 0.658594 0.363889 0.00885417 0.0351852
4 0.815625 0.353704 0.134375 0.0796296
6 0.689323 0.369444 0.0109375 0.0425926
0 0.429427 0.375926 0.0109375 0.0407407
0 0.663802 0.381944 0.0109375 0.0361111
0 0.689323 0.369907 0.0109375 0.0435185
0 0.663542 0.40463 0.01875 0.0703704
0 0.732813 0.394907 0.0145833 0.0509259
0 0.947917 0.411574 0.04375 0.202778
0 0.755469 0.388426 0.0151042 0.0509259
0 0.13151 0.488889 0.0276042 0.116667
0 0.488021 0.388426 0.0239583 0.0935185
0 0.543229 0.381019 0.009375 0.0398148
0 0.568229 0.386111 0.0114583 0.0425926
0 0.714063 0.402315 0.0322917 0.0787037
0 0.261458 0.466204 0.0229167 0.106481
0 0.622396 0.381481 0.015625 0.0518519
