0 0.548177 0.393981 0.0109375 0.0453704
0 0.180208 0.418519 0.009375 0.0333333
0 0.542708 0.3875 0.0104167 0.0342593
0 0.285417 0.399537 0.0125 0.0435185
0 0.707031 0.366204 0.0078125 0.0287037
4 0.865625 0.359259 0.141667 0.0851852
0 0.986458 0.421759 0.025 0.239815
0 0.146615 0.498611 0.0234375 0.113889
0 0.0135417 0.469444 0.021875 0.0666667
0 0.558594 0.406944 0.0192708 0.0564815
0 0.440885 0.403704 0.0203125 0.0962963
0 0.73099 0.372222 0.0109375 0.0425926
0 0.576563 0.381019 0.0104167 0.0453704
0 0.682813 0.389815 0.0125 0.0462963
0 0.7125 0.387037 0.0145833 0.0481481
0 0.535156 0.407407 0.0182292 0.0666667
0 0.315625 0.4375 0.0145833 0.0768519
1 0.528906 0.436574 0.00989583 0.0175926
