0 0.735677 0.365278 0.0078125 0.0342593
0 0.776563 0.349537 0.00729167 0.0305556
0 0.565104 0.376852 0.00625 0.0222222
0 0.7625 0.373611 0.0104167 0.0416667
0 0.0367187 0.451852 0.0130208 0.0574074
0 0.71849 0.359722 0.0140625 0.0564815
0 0.710156 0.3875 0.0119792 0.0583333
0 0.575781 0.375926 0.00677083 0.0259259
0 0.669271 0.369907 0.0114583 0.0435185
0 0.713802 0.364352 0.0130208 0.0564815
6 0.669271 0.369444 0.0114583 0.0444444
0 0.917708 0.410648 0.04375 0.210185
0 0.64974 0.355556 0.00989583 0.0462963
0 0.758854 0.384259 0.0114583 0.05
4 0.784375 0.352778 0.129167 0.0740741
0 0.103646 0.494907 0.0239583 0.117593
0 0.557292 0.384259 0.00833333 0.0407407
0 0.629687 0.377315 0.0177083 0.0527778
0 0.535677 0.383333 0.0109375 0.0388889
0 0.305469 0.462963 0.0307292 0.112963
0 0.509896 0.384259 0.021875 0.0907407
0 0.745833 0.395833 0.015625 0.0657407
0 0.702865 0.387037 0.0151042 0.0666667
1 0.833594 0.400463 0.0078125 0.0138889
1 0.692448 0.400463 0.00572917 0.0101852
