3 0.507292 0.265278 0.166667 0.219444
4 0.50625 0.282407 0.145833 0.194444
6 0.689323 0.366204 0.0119792 0.037963
0 0.560677 0.3875 0.0109375 0.0398148
0 0.660156 0.363889 0.00885417 0.0351852
0 0.678385 0.361111 0.00989583 0.0462963
0 0.983594 0.211111 0.0171875 0.0611111
4 0.817708 0.355093 0.13125 0.0805556
0 0.584635 0.361111 0.00989583 0.0388889
0 0.473958 0.370833 0.009375 0.0398148
0 0.948438 0.413889 0.0427083 0.2
0 0.117448 0.491204 0.0223958 0.115741
0 0.598437 0.3875 0.0135417 0.0527778
0 0.690104 0.387963 0.0125 0.05
0 0.544271 0.385648 0.0114583 0.0509259
0 0.2375 0.460648 0.01875 0.0916667
0 0.632552 0.414352 0.0203125 0.0787037
0 0.715104 0.387963 0.0177083 0.0574074
0 0.453646 0.393981 0.0260417 0.0972222
0 0.553385 0.409259 0.0234375 0.0759259
1 0.660677 0.438426 0.0119792 0.0194444
