0 0.335938 0.407407 0.0114583 0.0444444
0 0.289583 0.648148 0.0145833 0.0555556
0 0.0148437 0.24537 0.0151042 0.0518519
6 0.730729 0.372222 0.0125 0.0333333
0 0.0898438 0.440278 0.0161458 0.0583333
0 0.763021 0.593056 0.0239583 0.0916667
0 0.532031 0.394444 0.0119792 0.0462963
0 0.434375 0.377315 0.00833333 0.0305556
0 0.0596354 0.443981 0.0161458 0.0601852
0 0.347656 0.398611 0.0130208 0.0490741
0 0.569271 0.406944 0.0114583 0.0416667
0 0.00677083 0.469907 0.0114583 0.0453704
0 0.536458 0.393519 0.009375 0.0462963
0 0.0333333 0.463889 0.01875 0.0666667
0 0.982813 0.422685 0.034375 0.230556
0 0.731771 0.396759 0.0197917 0.0583333
0 0.31224 0.445833 0.0161458 0.0787037
0 0.577344 0.427778 0.0223958 0.0740741
0 0.68125 0.395833 0.0135417 0.0527778
0 0.128646 0.500463 0.0302083 0.113889
0 0.523438 0.425463 0.0239583 0.0842593
0 0.472396 0.432407 0.021875 0.0833333
0 0.410677 0.406481 0.0203125 0.103704
