0 0.63724 0.394907 0.00989583 0.0416667
0 0.196094 0.435185 0.0119792 0.0462963
0 0.817969 0.427315 0.0171875 0.0694444
0 0.884375 0.558796 0.021875 0.0842593
0 0.0244792 0.479167 0.015625 0.0583333
0 0.615625 0.390741 0.0114583 0.0462963
0 0.0513021 0.478704 0.0109375 0.0407407
0 0.495313 0.395833 0.0125 0.0453704
0 0.0684896 0.475926 0.00885417 0.0333333
0 0.12474 0.485185 0.0140625 0.0703704
0 0.808854 0.446296 0.028125 0.0925926
0 0.586198 0.418981 0.0109375 0.0509259
0 0.349219 0.452315 0.0130208 0.0583333
0 0.578646 0.426852 0.0114583 0.0555556
0 0.366406 0.468519 0.0234375 0.0962963
0 0.536979 0.422685 0.0239583 0.115741
0 0.739844 0.423148 0.0182292 0.0833333
1 0.386979 0.50463 0.0135417 0.0240741
