0 0.132552 0.425 0.00885417 0.0314815
0 0.733073 0.399537 0.0078125 0.0287037
0 0.71849 0.396296 0.00885417 0.0277778
0 0.148958 0.427315 0.0104167 0.037963
6 0.103125 0.243056 0.015625 0.0509259
0 0.805469 0.380556 0.0140625 0.0462963
0 0.356771 0.393056 0.0114583 0.0435185
0 0.269792 0.542593 0.0125 0.0518519
0 0.216406 0.416204 0.0119792 0.0472222
4 0.938542 0.374074 0.122917 0.0944444
0 0.15026 0.448148 0.0130208 0.0518519
0 0.727083 0.415741 0.015625 0.0518519
0 0.385677 0.446759 0.0255208 0.0935185
0 0.535156 0.405093 0.0130208 0.0509259
0 0.0986979 0.504167 0.0223958 0.110185
0 0.365885 0.456481 0.0234375 0.101852
0 0.763281 0.414352 0.0140625 0.0564815
0 0.541667 0.430093 0.021875 0.0768519
0 0.439063 0.413426 0.0260417 0.106481
0 0.569531 0.428241 0.0296875 0.0768519
1 0.561458 0.462963 0.0125 0.0203704
