0 0.623698 0.390278 0.0078125 0.0287037
0 0.441667 0.402315 0.0104167 0.037963
0 0.245052 0.591204 0.0151042 0.0583333
4 0.454948 0.368981 0.157813 0.087963
0 0.0700521 0.650926 0.0213542 0.087037
0 0.00520833 0.480093 0.0104167 0.0601852
0 0.0565104 0.475 0.0109375 0.0425926
0 0.0486979 0.473611 0.0130208 0.0472222
0 0.56875 0.392593 0.0104167 0.0444444
0 0.0734375 0.473611 0.00833333 0.0324074
0 0.375 0.4125 0.0114583 0.0490741
0 0.419531 0.413426 0.0130208 0.0527778
0 0.633854 0.390741 0.009375 0.037037
0 0.157292 0.484722 0.0145833 0.0787037
0 0.847656 0.438889 0.0234375 0.0925926
0 0.351042 0.459722 0.0135417 0.0657407
0 0.860156 0.445833 0.0234375 0.0953704
0 0.336458 0.465741 0.0145833 0.0592593
0 0.600781 0.418056 0.0130208 0.0472222
0 0.547396 0.423148 0.0239583 0.111111
0 0.75625 0.426852 0.0208333 0.087037
0 0.479167 0.461111 0.028125 0.103704
0 0.615365 0.428704 0.0171875 0.0574074
1 0.49974 0.502778 0.0140625 0.0240741
1 0.32474 0.390741 0.00885417 0.0166667
