0 0.376302 0.413426 0.0119792 0.0490741
4 0.455729 0.367593 0.157292 0.0833333
0 0.0476562 0.474537 0.0119792 0.0490741
0 0.201823 0.526389 0.0078125 0.0268519
0 0.444271 0.405093 0.009375 0.037963
0 0.420312 0.410185 0.0135417 0.0537037
0 0.623698 0.390741 0.00677083 0.0277778
0 0.05625 0.476389 0.0104167 0.0398148
0 0.0729167 0.474537 0.00833333 0.0324074
0 0.853125 0.444907 0.0291667 0.0990741
0 0.633594 0.391667 0.00885417 0.0351852
0 0.572656 0.390741 0.00989583 0.0407407
0 0.153646 0.4875 0.015625 0.0768519
0 0.351562 0.45787 0.015625 0.0657407
0 0.598437 0.42037 0.0114583 0.0425926
0 0.335156 0.465278 0.0171875 0.062037
0 0.46901 0.463426 0.0223958 0.100926
0 0.754167 0.426389 0.0229167 0.0898148
0 0.546094 0.422685 0.0265625 0.113889
0 0.613021 0.430556 0.01875 0.0555556
1 0.486719 0.504167 0.0140625 0.025
1 0.127865 0.477778 0.00677083 0.012963
