0 0.0229167 0.24537 0.0135417 0.0518519
6 0.9875 0.422685 0.025 0.223148
0 0.516406 0.368519 0.0119792 0.0425926
0 0.688802 0.379167 0.00677083 0.0287037
0 0.0390625 0.452315 0.01875 0.062037
0 0.9875 0.422685 0.0229167 0.236111
0 0.732813 0.371759 0.0114583 0.0416667
0 0.0143229 0.471296 0.0192708 0.062963
0 0.148958 0.49537 0.0229167 0.112963
0 0.554427 0.410648 0.0119792 0.0490741
0 0.58099 0.383333 0.0109375 0.0388889
0 0.561719 0.405556 0.0140625 0.0574074
0 0.445312 0.406019 0.0197917 0.087963
0 0.539583 0.406019 0.015625 0.062037
0 0.683854 0.3875 0.0114583 0.0453704
0 0.715625 0.388889 0.0125 0.0444444
0 0.31901 0.438889 0.0161458 0.0722222
1 0.53099 0.436111 0.0109375 0.0185185
