0 0.291667 0.422222 0.0135417 0.0481481
0 0.814583 0.42037 0.0125 0.0407407
0 0.171354 0.580556 0.015625 0.0722222
0 0.624479 0.389815 0.00729167 0.0277778
0 0.329688 0.410648 0.0125 0.0490741
0 0.382292 0.418981 0.0135417 0.0546296
0 0.48776 0.394907 0.00989583 0.0416667
4 0.459635 0.361574 0.152604 0.0824074
0 0.0536458 0.477778 0.0104167 0.0407407
0 0.420052 0.412963 0.0130208 0.0555556
0 0.614844 0.389815 0.00885417 0.0277778
0 0.4625 0.402315 0.0104167 0.0435185
0 0.0705729 0.475 0.00885417 0.0333333
0 0.648438 0.394444 0.009375 0.037037
0 0.574479 0.387963 0.009375 0.0388889
0 0.815104 0.444907 0.021875 0.0824074
0 0.635417 0.389352 0.00833333 0.0361111
0 0.826563 0.442593 0.0197917 0.0925926
0 0.602083 0.389352 0.0104167 0.0398148
0 0.347135 0.456481 0.0140625 0.0592593
0 0.132031 0.489815 0.0161458 0.0685185
0 0.359375 0.452315 0.0166667 0.0583333
0 0.538542 0.422222 0.025 0.114815
0 0.397135 0.469444 0.0265625 0.0925926
0 0.741667 0.425 0.01875 0.0851852
0 0.589583 0.428241 0.01875 0.062037
1 0.414062 0.50463 0.0135417 0.0240741
