0 0.0242187 0.247685 0.0151042 0.0546296
0 0.60599 0.359722 0.00885417 0.0342593
0 0.710156 0.366667 0.00885417 0.0314815
0 0.988021 0.421296 0.021875 0.233333
0 0.53776 0.393519 0.00989583 0.0425926
0 0.54349 0.413889 0.0223958 0.0611111
0 0.584635 0.384722 0.00885417 0.037963
0 0.688021 0.383333 0.015625 0.0518519
0 0.325521 0.438889 0.0166667 0.0759259
0 0.455469 0.398148 0.0192708 0.0962963
0 0.736979 0.382407 0.015625 0.0555556
0 0.56849 0.398611 0.0171875 0.0657407
0 0.14401 0.493981 0.0255208 0.108333
1 0.533073 0.437037 0.0119792 0.0185185
1 0.0208333 0.424537 0.0104167 0.0175926
