0 0.530729 0.374074 0.009375 0.0351852
0 0.616146 0.362963 0.009375 0.037037
0 0.0276042 0.456019 0.0145833 0.0564815
0 0.736979 0.373611 0.009375 0.0416667
0 0.554948 0.408333 0.0140625 0.0574074
6 0.73724 0.372222 0.00989583 0.0407407
0 0.988281 0.423148 0.0234375 0.235185
0 0.584375 0.383796 0.0104167 0.0398148
0 0.727865 0.388889 0.0109375 0.0407407
0 0.542969 0.407407 0.0140625 0.0592593
0 0.686719 0.390278 0.00989583 0.0398148
0 0.452865 0.399074 0.0213542 0.1
0 0.148698 0.495833 0.0234375 0.108333
0 0.32474 0.441667 0.0161458 0.0666667
0 0.564844 0.4 0.0130208 0.0611111
1 0.532812 0.437037 0.0104167 0.0166667
1 0.0210938 0.424074 0.00885417 0.0148148
