0 0.529688 0.372222 0.00729167 0.0296296
0 0.617448 0.362037 0.0078125 0.0351852
0 0.736719 0.373611 0.00989583 0.0416667
0 0.988281 0.424074 0.0234375 0.22963
0 0.554688 0.408333 0.0135417 0.0574074
6 0.73724 0.372222 0.00989583 0.0425926
0 0.452344 0.399537 0.0213542 0.100926
0 0.584375 0.383796 0.0104167 0.0398148
0 0.727604 0.388426 0.0135417 0.0416667
0 0.686458 0.389815 0.0104167 0.0407407
0 0.564844 0.4 0.0151042 0.062963
0 0.148958 0.494444 0.0239583 0.112963
0 0.324219 0.441204 0.0161458 0.0675926
0 0.542969 0.406944 0.0130208 0.0601852
1 0.532292 0.437037 0.0104167 0.0166667
1 0.0213542 0.424074 0.0104167 0.0166667
