0 0.279167 0.394444 0.0114583 0.0407407
4 0.81875 0.355093 0.133333 0.0805556
0 0.983854 0.210648 0.015625 0.0583333
0 0.660156 0.363426 0.0078125 0.0324074
0 0.690625 0.370833 0.0104167 0.0416667
0 0.482031 0.366204 0.0109375 0.0342593
0 0.428646 0.371296 0.009375 0.0407407
0 0.538281 0.391667 0.0109375 0.0388889
6 0.690365 0.370833 0.0109375 0.0435185
0 0.545833 0.383796 0.0104167 0.0398148
0 0.533594 0.416667 0.0265625 0.0703704
0 0.948438 0.414815 0.040625 0.201852
0 0.684896 0.389352 0.0125 0.0453704
0 0.71224 0.389815 0.0109375 0.05
0 0.617188 0.419907 0.0239583 0.0805556
0 0.240625 0.460648 0.01875 0.0861111
0 0.58776 0.385185 0.0171875 0.0611111
0 0.448698 0.394444 0.0244792 0.0962963
0 0.113021 0.493981 0.025 0.115741
1 0.0791667 0.991667 0.00625 0.0111111
1 0.638021 0.444907 0.0125 0.0212963
1 0.582292 0.411111 0.00625 0.00925926
