0 0.585938 0.3625 0.0104167 0.0416667
0 0.743229 0.37037 0.009375 0.0296296
0 0.477083 0.413889 0.015625 0.0481481
0 0.765104 0.359722 0.009375 0.037963
0 0.679167 0.364815 0.0104167 0.0444444
4 0.7125 0.361111 0.0677083 0.0518519
4 0.816406 0.346759 0.132812 0.0675926
0 0.560938 0.365278 0.00833333 0.0342593
0 0.0330729 0.672222 0.0213542 0.118519
0 0.748177 0.358333 0.0119792 0.0518519
0 0.689844 0.370833 0.0119792 0.0490741
0 0.659635 0.363889 0.0078125 0.0314815
0 0.445052 0.370833 0.0078125 0.0305556
0 0.947656 0.412963 0.0421875 0.196296
6 0.689844 0.371296 0.0119792 0.05
0 0.632292 0.390741 0.0104167 0.0333333
0 0.627604 0.413889 0.0197917 0.0648148
0 0.476823 0.390278 0.0192708 0.0935185
0 0.701823 0.406944 0.0192708 0.0657407
0 0.719271 0.391667 0.0114583 0.0425926
0 0.616406 0.388426 0.00989583 0.0416667
0 0.56875 0.3875 0.0104167 0.0416667
0 0.54401 0.381944 0.00989583 0.0416667
0 0.130729 0.488426 0.0291667 0.117593
0 0.739844 0.390278 0.0171875 0.0546296
0 0.245052 0.462037 0.0234375 0.105556
1 0.715885 0.416667 0.00885417 0.0148148
1 0.720833 0.410648 0.00833333 0.0175926
