0 0.59375 0.359722 0.0104167 0.0416667
0 0.244271 0.413426 0.0104167 0.0453704
4 0.798437 0.341667 0.115625 0.05
0 0.939062 0.410648 0.040625 0.212037
6 0.738021 0.3625 0.015625 0.062037
0 0.0893229 0.443519 0.0130208 0.05
0 0.685417 0.371296 0.0104167 0.0407407
0 0.73776 0.362037 0.0151042 0.0611111
6 0.685156 0.369907 0.0109375 0.0416667
0 0.769271 0.383333 0.0135417 0.0592593
0 0.501562 0.386111 0.01875 0.0907407
0 0.538542 0.384722 0.009375 0.0342593
0 0.284896 0.463889 0.0229167 0.114815
0 0.12474 0.492593 0.0223958 0.111111
0 0.749219 0.401852 0.0182292 0.062963
0 0.561979 0.385648 0.0114583 0.0416667
0 0.697396 0.397685 0.015625 0.0657407
0 0.728646 0.390741 0.0135417 0.0555556
0 0.628125 0.381019 0.0145833 0.0490741
1 0.801562 0.397222 0.00729167 0.012963
