0 0.705469 0.368056 0.00677083 0.0287037
0 0.422135 0.385185 0.00885417 0.0351852
0 0.108333 0.432407 0.0145833 0.05
4 0.867188 0.361111 0.142708 0.0814815
0 0.361458 0.393981 0.0104167 0.0416667
0 0.532812 0.39213 0.0145833 0.0509259
0 0.0429688 0.463889 0.0151042 0.0611111
0 0.06875 0.438889 0.0125 0.0518519
0 0.985937 0.422685 0.0260417 0.247222
0 0.111979 0.50463 0.0260417 0.109259
0 0.53125 0.433333 0.0239583 0.087037
0 0.729948 0.398611 0.0140625 0.0546296
0 0.584896 0.421759 0.0302083 0.0935185
0 0.4125 0.408333 0.0208333 0.103704
0 0.684635 0.399074 0.0140625 0.0518519
0 0.457812 0.435185 0.0197917 0.0814815
0 0.321094 0.447222 0.0171875 0.0722222
1 0.530729 0.460185 0.0135417 0.0259259
