0 0.720312 0.36713 0.0104167 0.0398148
0 0.463021 0.387037 0.009375 0.0351852
0 0.178646 0.436574 0.0104167 0.0398148
0 0.48151 0.386111 0.00989583 0.0388889
4 0.964583 0.362963 0.06875 0.0555556
0 0.339323 0.405093 0.0151042 0.0527778
6 0.856771 0.387037 0.015625 0.0481481
0 0.857031 0.387037 0.0140625 0.0462963
0 0.222917 0.432407 0.0145833 0.0592593
0 0.580729 0.380556 0.009375 0.0351852
0 0.558854 0.386111 0.009375 0.0407407
0 0.24349 0.47963 0.0328125 0.0925926
0 0.507812 0.411574 0.0114583 0.0490741
0 0.544792 0.389352 0.0104167 0.0398148
0 0.255729 0.475 0.025 0.087037
0 0.0614583 0.507407 0.021875 0.0981481
0 0.516667 0.40463 0.0104167 0.0425926
0 0.752604 0.418056 0.0177083 0.0768519
0 0.770573 0.418981 0.0171875 0.0805556
0 0.492969 0.442593 0.0192708 0.0944444
0 0.614583 0.419907 0.0229167 0.0805556
0 0.436458 0.419444 0.028125 0.109259
1 0.5125 0.476852 0.0145833 0.0240741
