0 0.610156 0.364815 0.0078125 0.0333333
0 0.685677 0.377315 0.0130208 0.0361111
0 0.554688 0.399537 0.0104167 0.0472222
0 0.421094 0.377778 0.0078125 0.0296296
0 0.451562 0.42037 0.0145833 0.0518519
0 0.548437 0.391667 0.009375 0.0425926
0 0.735677 0.373148 0.0109375 0.0407407
0 0.622656 0.358333 0.00885417 0.0333333
0 0.5625 0.385185 0.0125 0.0388889
0 0.557292 0.389815 0.0104167 0.0425926
0 0.988281 0.423148 0.0234375 0.22963
6 0.735677 0.371759 0.0119792 0.0435185
0 0.14974 0.493056 0.0244792 0.113889
0 0.722656 0.384259 0.00989583 0.05
0 0.685677 0.393056 0.0109375 0.0361111
0 0.45026 0.398611 0.0213542 0.100926
0 0.583854 0.383796 0.009375 0.037963
0 0.563802 0.410185 0.0182292 0.0537037
0 0.542969 0.404167 0.0130208 0.0583333
0 0.321875 0.437963 0.0145833 0.0740741
1 0.532292 0.436574 0.0104167 0.0175926
1 0.0208333 0.424537 0.009375 0.0157407
