0 0.682292 0.381944 0.009375 0.0361111
0 0.100521 0.446296 0.0145833 0.0592593
0 0.626042 0.392593 0.009375 0.0425926
0 0.558854 0.390278 0.009375 0.0361111
0 0.584375 0.411111 0.0104167 0.0333333
0 0.576042 0.413426 0.0125 0.037963
0 0.132292 0.492593 0.0166667 0.0888889
0 0.452604 0.4 0.0125 0.05
0 0.580729 0.42963 0.0197917 0.0574074
0 0.826042 0.43287 0.025 0.0916667
0 0.846875 0.43287 0.01875 0.0916667
0 0.294531 0.475926 0.0182292 0.0740741
0 0.704427 0.425926 0.0171875 0.0814815
0 0.310156 0.465741 0.0203125 0.0833333
0 0.507812 0.423148 0.028125 0.107407
0 0.541406 0.452315 0.0223958 0.102778
1 0.0458333 0.491667 0.00729167 0.0111111
1 0.558333 0.488889 0.0145833 0.0259259
