6 0.484115 0.378241 0.0109375 0.037963
0 0.414844 0.379167 0.00885417 0.0324074
0 0.986979 0.373148 0.021875 0.105556
0 0.484115 0.377778 0.00989583 0.037037
0 0.604688 0.361574 0.00833333 0.0342593
0 0.54974 0.395833 0.0109375 0.037963
0 0.988021 0.420833 0.021875 0.234259
0 0.53724 0.394444 0.00989583 0.0425926
0 0.542188 0.414815 0.0197917 0.0574074
0 0.584635 0.385185 0.00885417 0.0351852
0 0.32526 0.439352 0.0161458 0.0731481
0 0.688542 0.383796 0.015625 0.0490741
0 0.736979 0.38287 0.0135417 0.0546296
0 0.455469 0.397685 0.0192708 0.0972222
0 0.56901 0.397222 0.0171875 0.0648148
0 0.143229 0.494907 0.025 0.106481
1 0.534115 0.436111 0.0109375 0.0166667
1 0.0208333 0.424537 0.0104167 0.0175926
