0 0.544531 0.393056 0.0130208 0.037963
4 0.858854 0.354167 0.138542 0.0731481
0 0.54375 0.372222 0.0104167 0.0388889
0 0.257031 0.411574 0.0151042 0.0546296
0 0.535156 0.393056 0.0119792 0.0453704
0 0.276823 0.396296 0.0109375 0.0407407
0 0.727344 0.373148 0.00989583 0.0407407
6 0.575521 0.384722 0.009375 0.0361111
6 0.727344 0.372222 0.0109375 0.0407407
0 0.578125 0.364352 0.009375 0.0398148
0 0.575521 0.383796 0.009375 0.037963
0 0.984375 0.418519 0.0291667 0.224074
0 0.684375 0.38287 0.0114583 0.0490741
0 0.123438 0.49537 0.0208333 0.109259
0 0.521354 0.408333 0.0125 0.0555556
0 0.736719 0.387963 0.0119792 0.0425926
0 0.541146 0.415741 0.0197917 0.0722222
0 0.451562 0.4 0.0197917 0.0925926
0 0.564583 0.397222 0.0125 0.0574074
0 0.309115 0.441204 0.0171875 0.075
1 0.542448 0.444907 0.0109375 0.0157407
1 0.00911458 0.426389 0.00989583 0.0194444
