0 0.544792 0.393056 0.00833333 0.0324074
4 0.861719 0.356944 0.142188 0.0824074
0 0.635938 0.360185 0.0104167 0.0388889
0 0.213542 0.423148 0.0125 0.0518519
0 0.548958 0.386111 0.009375 0.0314815
0 0.461719 0.376389 0.0119792 0.0472222
0 0.279427 0.395833 0.00885417 0.0361111
0 0.754687 0.59213 0.025 0.0916667
0 0.232031 0.412037 0.0140625 0.0574074
0 0.0125 0.470833 0.01875 0.0694444
0 0.399219 0.38287 0.00885417 0.0361111
0 0.501562 0.374074 0.00833333 0.0333333
0 0.541406 0.411574 0.00989583 0.0490741
0 0.726562 0.370833 0.0104167 0.0435185
0 0.535156 0.393056 0.00989583 0.0398148
0 0.140885 0.49537 0.0223958 0.112963
0 0.570312 0.384259 0.0104167 0.0407407
0 0.984375 0.417593 0.0291667 0.231481
0 0.547396 0.410185 0.0114583 0.05
0 0.709375 0.3875 0.0135417 0.0509259
0 0.679948 0.388889 0.0119792 0.0481481
0 0.525521 0.410648 0.015625 0.0638889
0 0.433073 0.402315 0.0192708 0.0990741
0 0.310156 0.44213 0.0151042 0.0712963
1 0.526563 0.436111 0.009375 0.0166667
