0 0.302604 0.515278 0.0145833 0.0527778
4 0.829687 0.35463 0.140625 0.0796296
0 0.597135 0.359259 0.0109375 0.037037
6 0.701042 0.371759 0.0125 0.0435185
0 0.551042 0.38287 0.0104167 0.0453704
0 0.500521 0.371296 0.009375 0.0388889
0 0.522917 0.365278 0.009375 0.0398148
0 0.560156 0.399074 0.0109375 0.05
0 0.533854 0.366667 0.009375 0.037037
0 0.673698 0.381481 0.0109375 0.0481481
0 0.551562 0.421759 0.0239583 0.0824074
0 0.961458 0.418056 0.04375 0.217593
0 0.716406 0.387037 0.0109375 0.0481481
0 0.101042 0.501852 0.025 0.111111
0 0.438021 0.398148 0.0197917 0.0925926
0 0.521094 0.39537 0.0109375 0.0481481
0 0.508594 0.40787 0.0161458 0.0657407
0 0.267969 0.451389 0.0171875 0.0731481
1 0.570052 0.449074 0.0119792 0.0203704
