0 0.776302 0.632407 0.0203125 0.0851852
0 0.589063 0.408333 0.0104167 0.0351852
0 0.152344 0.444907 0.0109375 0.0472222
0 0.57526 0.3875 0.00989583 0.0361111
0 0.0523437 0.478241 0.00989583 0.0398148
0 0.0692708 0.475463 0.00833333 0.0324074
0 0.492708 0.396759 0.0125 0.0435185
0 0.611198 0.390278 0.0119792 0.0453704
0 0.128125 0.488889 0.0145833 0.0703704
0 0.5375 0.422222 0.0239583 0.114815
0 0.814062 0.438426 0.028125 0.100926
0 0.379427 0.468981 0.0213542 0.087963
0 0.740625 0.424074 0.0177083 0.087037
0 0.361198 0.452315 0.0130208 0.0564815
0 0.348437 0.454167 0.0125 0.0583333
0 0.584375 0.428704 0.0208333 0.062963
1 0.513281 0.530556 0.00885417 0.012963
1 0.397917 0.50463 0.0145833 0.0240741
