0 0.635938 0.388889 0.0104167 0.0277778
0 0.0322917 0.676852 0.021875 0.103704
0 0.585156 0.362037 0.0109375 0.0425926
4 0.659375 0.365741 0.0125 0.037037
0 0.720312 0.387037 0.0114583 0.0425926
0 0.748438 0.354167 0.0114583 0.0453704
0 0.678646 0.363889 0.009375 0.0444444
4 0.814583 0.355556 0.1375 0.0833333
0 0.488542 0.413889 0.00833333 0.0388889
6 0.689062 0.369444 0.0114583 0.0444444
0 0.689062 0.369907 0.0114583 0.0435185
0 0.659635 0.365278 0.00885417 0.0342593
0 0.947656 0.412963 0.0421875 0.2
0 0.13151 0.488426 0.0296875 0.119444
0 0.61875 0.384259 0.0104167 0.05
0 0.569271 0.387963 0.0114583 0.0407407
0 0.54375 0.381481 0.009375 0.0388889
0 0.725781 0.393519 0.0140625 0.05
0 0.482552 0.387963 0.0203125 0.0925926
0 0.251042 0.466667 0.0229167 0.101852
0 0.746354 0.389352 0.0125 0.0546296
0 0.70599 0.394907 0.0161458 0.0638889
0 0.646094 0.404167 0.0317708 0.0731481
