4 0.50599 0.283333 0.142188 0.194444
0 0.545833 0.389815 0.009375 0.0388889
0 0.983594 0.211111 0.0171875 0.0611111
0 0.584635 0.361574 0.00989583 0.0398148
0 0.54974 0.389352 0.0109375 0.037963
6 0.689323 0.366204 0.0119792 0.037963
0 0.678125 0.362037 0.0104167 0.05
4 0.817708 0.35463 0.13125 0.0796296
0 0.660156 0.363889 0.00885417 0.0333333
0 0.476042 0.368519 0.00833333 0.0351852
0 0.553906 0.391667 0.0109375 0.0388889
0 0.948438 0.413889 0.0427083 0.2
0 0.548437 0.409722 0.0197917 0.0657407
0 0.688542 0.387963 0.0125 0.0481481
0 0.594792 0.387963 0.0145833 0.05
0 0.541406 0.389815 0.0119792 0.0444444
0 0.238542 0.458796 0.01875 0.0898148
0 0.628906 0.416667 0.0276042 0.0851852
0 0.115885 0.493981 0.0213542 0.106481
0 0.451823 0.394444 0.0265625 0.0962963
0 0.713542 0.387963 0.0145833 0.0555556
1 0.0786458 0.991667 0.00625 0.0111111
1 0.652604 0.442593 0.0125 0.0222222
