0 0.146615 0.640278 0.0171875 0.0694444
0 0.365625 0.408796 0.009375 0.037963
0 0.0666667 0.474074 0.00833333 0.0314815
0 0.164062 0.488889 0.0208333 0.0777778
0 0.33151 0.470833 0.0151042 0.062037
0 0.88125 0.444907 0.025 0.0953704
0 0.60599 0.416667 0.0151042 0.05
0 0.857292 0.443981 0.025 0.0898148
0 0.347917 0.4625 0.0166667 0.0712963
0 0.619531 0.428704 0.0192708 0.0611111
0 0.550521 0.425463 0.0260417 0.102778
0 0.525 0.459259 0.0208333 0.103704
0 0.757031 0.428241 0.0234375 0.0861111
1 0.540365 0.499074 0.0140625 0.0259259
