0 0.452083 0.382407 0.0125 0.0481481
0 0.698698 0.36713 0.0078125 0.0305556
0 0.025 0.468056 0.0166667 0.0657407
0 0.529688 0.394444 0.0114583 0.0481481
0 0.275521 0.395833 0.009375 0.0342593
0 0.197396 0.423148 0.0166667 0.0574074
0 0.540625 0.389815 0.0114583 0.0462963
0 0.980208 0.423148 0.0375 0.224074
0 0.678906 0.395833 0.0171875 0.0527778
0 0.55625 0.417593 0.0270833 0.0759259
0 0.486198 0.422685 0.0234375 0.0824074
0 0.72474 0.392593 0.0151042 0.0555556
0 0.306771 0.446296 0.0145833 0.0777778
0 0.13151 0.498611 0.0255208 0.113889
0 0.410677 0.405093 0.0213542 0.102778
0 0.522396 0.422222 0.0177083 0.0759259
