4 0.505729 0.28287 0.142708 0.191667
0 0.224219 0.41713 0.0109375 0.0490741
0 0.689323 0.366204 0.0119792 0.0398148
0 0.983854 0.209722 0.015625 0.0601852
0 0.640625 0.400463 0.0125 0.0435185
0 0.678385 0.360648 0.00989583 0.0472222
0 0.584635 0.361111 0.00989583 0.0388889
0 0.660156 0.363889 0.00885417 0.0351852
4 0.81875 0.354167 0.133333 0.0787037
0 0.55651 0.389815 0.0109375 0.037037
0 0.475 0.370833 0.0104167 0.0398148
0 0.948438 0.4125 0.0427083 0.202778
0 0.542188 0.388426 0.0114583 0.0472222
0 0.551042 0.409722 0.0229167 0.0712963
0 0.597135 0.387037 0.0140625 0.0518519
0 0.689062 0.388426 0.0125 0.0490741
0 0.23776 0.458796 0.0182292 0.0916667
0 0.116406 0.491204 0.0213542 0.112037
0 0.629427 0.416204 0.0244792 0.0805556
0 0.452344 0.394444 0.0265625 0.0962963
0 0.714583 0.387037 0.015625 0.0574074
1 0.0789063 0.991667 0.00677083 0.0111111
1 0.657292 0.441667 0.0125 0.0203704
