6 0.733594 0.372222 0.0109375 0.0407407
0 0.733854 0.374074 0.009375 0.0388889
0 0.0223958 0.246759 0.0145833 0.0490741
0 0.240365 0.559722 0.0182292 0.0657407
0 0.595312 0.362037 0.009375 0.037037
0 0.9875 0.421759 0.0229167 0.230556
0 0.740625 0.387963 0.0125 0.0462963
0 0.548437 0.400463 0.0114583 0.0398148
0 0.583594 0.384259 0.00885417 0.0388889
0 0.13724 0.493519 0.0255208 0.112963
0 0.530208 0.408333 0.0125 0.0611111
0 0.45625 0.398611 0.0197917 0.0953704
0 0.68776 0.386111 0.0171875 0.0462963
0 0.540365 0.416667 0.0171875 0.0611111
0 0.570312 0.397685 0.0125 0.0564815
0 0.323177 0.441667 0.0182292 0.0722222
1 0.542969 0.439815 0.00989583 0.0166667
