0 0.621615 0.522222 0.00885417 0.0296296
0 0.560677 0.388889 0.00677083 0.0277778
0 0.69401 0.381944 0.00885417 0.0361111
0 0.0911458 0.600463 0.0135417 0.0638889
0 0.151302 0.60463 0.00989583 0.0425926
0 0.00859375 0.483796 0.00885417 0.0361111
0 0.239583 0.589352 0.0135417 0.062037
0 0.592448 0.416667 0.0130208 0.0407407
0 0.569531 0.389815 0.00885417 0.0314815
0 0.111458 0.444907 0.0145833 0.0583333
0 0.585156 0.412963 0.00989583 0.0333333
0 0.679427 0.3875 0.0109375 0.0416667
0 0.635938 0.393981 0.0114583 0.0435185
0 0.466146 0.399537 0.0125 0.0472222
0 0.316927 0.464352 0.0182292 0.0805556
0 0.298958 0.474537 0.021875 0.0787037
0 0.139844 0.49213 0.0192708 0.087963
0 0.832812 0.43287 0.025 0.0935185
0 0.714063 0.425463 0.0177083 0.0842593
0 0.590365 0.429167 0.0203125 0.0564815
0 0.855208 0.437963 0.01875 0.087037
0 0.547917 0.453241 0.025 0.106481
0 0.516406 0.422222 0.0255208 0.109259
1 0.561719 0.490741 0.0130208 0.0259259
