0 0.667969 0.361574 0.00885417 0.0398148
0 0.65651 0.353704 0.00989583 0.0407407
0 0.639583 0.364815 0.00833333 0.0351852
6 0.674219 0.371296 0.00989583 0.0425926
0 0.0643229 0.445833 0.0151042 0.0527778
4 0.793229 0.346296 0.129167 0.0648148
0 0.726042 0.362037 0.0125 0.0574074
0 0.674219 0.370833 0.00989583 0.0416667
0 0.926562 0.409722 0.04375 0.212037
0 0.111719 0.493056 0.0244792 0.113889
0 0.718229 0.389352 0.0135417 0.0546296
0 0.533073 0.381481 0.0130208 0.0425926
0 0.760417 0.388426 0.0125 0.0490741
0 0.62474 0.380093 0.0171875 0.0546296
0 0.696875 0.39537 0.0145833 0.0648148
0 0.288802 0.464352 0.0286458 0.115741
0 0.555469 0.384259 0.00989583 0.0425926
0 0.500521 0.387037 0.0260417 0.0925926
0 0.740625 0.398148 0.015625 0.0666667
1 0.811719 0.398148 0.0078125 0.012963
