0 0.673437 0.357407 0.009375 0.0388889
0 0.58776 0.358333 0.00989583 0.0388889
0 0.504687 0.409259 0.00833333 0.0425926
0 0.596094 0.590278 0.0140625 0.0435185
0 0.763281 0.372222 0.00989583 0.037037
0 0.644531 0.364352 0.0078125 0.0324074
4 0.798698 0.347222 0.130729 0.0666667
0 0.679167 0.371296 0.0104167 0.0425926
0 0.0770833 0.444907 0.0135417 0.0509259
0 0.932813 0.40787 0.0447917 0.219444
0 0.732031 0.361111 0.0130208 0.0592593
6 0.679427 0.370833 0.0109375 0.0435185
0 0.766667 0.389815 0.0125 0.0462963
0 0.535156 0.382407 0.00989583 0.0407407
0 0.118229 0.492593 0.0229167 0.109259
0 0.500521 0.385185 0.01875 0.0925926
0 0.626562 0.378704 0.0114583 0.05
0 0.557813 0.385648 0.0114583 0.0416667
0 0.286458 0.464815 0.025 0.12037
0 0.723958 0.390278 0.0125 0.0564815
0 0.745313 0.398148 0.0145833 0.0648148
0 0.697135 0.39213 0.0161458 0.0712963
1 0.80625 0.4 0.00833333 0.012963
