0 0.43125 0.44537 0.0104167 0.0444444
0 0.161719 0.425463 0.00989583 0.037963
0 0.544531 0.375463 0.00989583 0.037963
4 0.940625 0.375 0.11875 0.087037
0 0.364844 0.393056 0.00989583 0.0361111
0 0.528906 0.419444 0.0130208 0.0388889
0 0.214844 0.416204 0.0119792 0.0416667
0 0.713281 0.368981 0.00989583 0.0435185
0 0.738281 0.606481 0.0161458 0.0481481
0 0.593229 0.379167 0.0114583 0.0416667
0 0.813542 0.381944 0.0125 0.0435185
0 0.725521 0.39537 0.009375 0.037037
0 0.394531 0.411111 0.00885417 0.0277778
0 0.560677 0.377778 0.0119792 0.0444444
0 0.14375 0.430556 0.009375 0.0388889
0 0.353125 0.434722 0.0125 0.0453704
0 0.161979 0.446296 0.0125 0.0481481
0 0.527604 0.401852 0.0135417 0.0444444
0 0.0872396 0.50787 0.0244792 0.110185
0 0.492188 0.388889 0.0114583 0.0388889
0 0.733073 0.415278 0.0140625 0.0583333
0 0.344792 0.462963 0.0354167 0.101852
0 0.526302 0.439352 0.0255208 0.0712963
0 0.436198 0.414352 0.0244792 0.108333
0 0.764063 0.411574 0.015625 0.0657407
0 0.572917 0.421759 0.0270833 0.0824074
1 0.540365 0.460648 0.0109375 0.0194444
1 0.107292 0.412037 0.00833333 0.0148148
