0 0.147656 0.427778 0.0140625 0.0555556
0 0.190365 0.591667 0.0161458 0.0648148
0 0.659115 0.363426 0.00885417 0.0361111
0 0.400521 0.384259 0.0114583 0.0462963
0 0.585156 0.360185 0.0109375 0.0407407
6 0.689844 0.368981 0.0109375 0.0453704
0 0.947656 0.413889 0.0421875 0.194444
0 0.544271 0.380556 0.009375 0.0407407
0 0.586719 0.4125 0.0286458 0.075
0 0.609375 0.383333 0.0125 0.0537037
0 0.12526 0.490278 0.0234375 0.113889
0 0.702344 0.393519 0.0171875 0.05
0 0.236458 0.462037 0.0197917 0.0981481
0 0.560417 0.387963 0.0145833 0.0425926
0 0.66875 0.406944 0.0229167 0.0824074
0 0.72474 0.393981 0.0171875 0.0509259
0 0.467187 0.393056 0.0239583 0.0953704
1 0.696094 0.434722 0.0109375 0.0194444
