0 0.747917 0.356944 0.0104167 0.0453704
4 0.653646 0.36713 0.046875 0.0472222
0 0.735937 0.360648 0.0114583 0.0453704
0 0.659896 0.366667 0.009375 0.037037
0 0.584635 0.360185 0.00989583 0.0388889
4 0.817187 0.353704 0.13125 0.0777778
0 0.678125 0.3625 0.0104167 0.0472222
0 0.457552 0.418056 0.0171875 0.0472222
0 0.689062 0.37037 0.0114583 0.0444444
0 0.651563 0.393981 0.0114583 0.0398148
0 0.46875 0.37037 0.0104167 0.0425926
6 0.689323 0.369444 0.0119792 0.0444444
0 0.544271 0.381019 0.009375 0.0416667
0 0.564844 0.426389 0.0203125 0.0564815
0 0.948438 0.412963 0.0427083 0.211111
0 0.458073 0.396296 0.0203125 0.0888889
0 0.643229 0.414352 0.028125 0.075
0 0.567969 0.394907 0.0109375 0.0398148
0 0.695052 0.393056 0.0119792 0.0472222
0 0.236458 0.464352 0.0177083 0.0916667
0 0.121875 0.493056 0.025 0.112037
0 0.603125 0.384722 0.0166667 0.0583333
0 0.550521 0.391667 0.009375 0.0425926
0 0.717188 0.393056 0.021875 0.0527778
1 0.674219 0.437963 0.0119792 0.0222222
