0 0.0325521 0.675463 0.0255208 0.121296
0 0.689062 0.371296 0.0114583 0.0462963
4 0.816146 0.350463 0.134375 0.0731481
0 0.601562 0.39213 0.009375 0.0305556
0 0.455729 0.37037 0.009375 0.0388889
0 0.711458 0.365741 0.009375 0.0407407
0 0.659375 0.364352 0.00833333 0.0305556
0 0.145833 0.428704 0.0145833 0.0537037
6 0.689583 0.370833 0.0125 0.0472222
0 0.947656 0.412037 0.0421875 0.198148
0 0.611979 0.383333 0.0135417 0.0537037
0 0.126042 0.491667 0.0229167 0.105556
0 0.23776 0.462037 0.0213542 0.1
0 0.597656 0.415278 0.0223958 0.0731481
0 0.56276 0.3875 0.0140625 0.0435185
0 0.705469 0.393056 0.0161458 0.0509259
0 0.677604 0.406019 0.021875 0.0675926
0 0.54401 0.381481 0.00989583 0.0407407
0 0.469271 0.393056 0.025 0.0935185
0 0.728125 0.390278 0.0145833 0.0564815
1 0.701823 0.434722 0.0119792 0.0194444
