0 0.283333 0.398148 0.0104167 0.0407407
0 0.70599 0.368056 0.00885417 0.0324074
4 0.985417 0.414815 0.0291667 0.222222
0 0.510938 0.375 0.00833333 0.0333333
0 0.145573 0.480556 0.0130208 0.062963
0 0.985937 0.420833 0.0260417 0.241667
0 0.145573 0.499074 0.0213542 0.109259
0 0.558333 0.407407 0.01875 0.0574074
0 0.0135417 0.468981 0.021875 0.0694444
0 0.729688 0.371296 0.0114583 0.0425926
0 0.439323 0.403704 0.0192708 0.0944444
0 0.57526 0.37963 0.00989583 0.0462963
0 0.682552 0.389352 0.0130208 0.0472222
0 0.71224 0.387037 0.0140625 0.0481481
0 0.533594 0.406944 0.0161458 0.0657407
0 0.314844 0.4375 0.0151042 0.075
1 0.528385 0.436574 0.0109375 0.0175926
