0 0.711198 0.373611 0.0109375 0.0398148
0 0.0473958 0.448148 0.0135417 0.0537037
0 0.57526 0.358333 0.00989583 0.0388889
0 0.669271 0.37037 0.0114583 0.0444444
0 0.651563 0.356019 0.0114583 0.0472222
0 0.720312 0.360185 0.0135417 0.0555556
4 0.786458 0.344907 0.129167 0.0638889
6 0.669271 0.37037 0.0114583 0.0444444
0 0.754167 0.3875 0.0125 0.0490741
0 0.920313 0.408796 0.04375 0.20463
0 0.105208 0.493981 0.0239583 0.115741
0 0.626562 0.378704 0.0114583 0.0481481
0 0.503646 0.383333 0.0197917 0.0925926
0 0.71276 0.390741 0.00989583 0.0425926
0 0.532031 0.381944 0.0119792 0.0416667
0 0.553385 0.386111 0.0151042 0.0444444
0 0.698438 0.392593 0.0135417 0.0611111
0 0.739323 0.39537 0.0203125 0.0685185
0 0.295052 0.459722 0.0255208 0.123148
1 0.822656 0.4 0.0078125 0.012963
