0 0.595052 0.929167 0.0078125 0.0361111
0 0.517187 0.369907 0.0114583 0.0435185
0 0.0145833 0.472222 0.0166667 0.0592593
0 0.733594 0.372222 0.0109375 0.0425926
0 0.9875 0.422685 0.0229167 0.234259
0 0.149219 0.49537 0.0234375 0.112963
0 0.553906 0.408333 0.0109375 0.05
0 0.58125 0.383796 0.0104167 0.0398148
0 0.5625 0.405093 0.0145833 0.0601852
0 0.716667 0.389352 0.0125 0.0416667
0 0.684375 0.387037 0.0114583 0.0462963
0 0.446094 0.404167 0.0203125 0.0916667
0 0.540104 0.406481 0.015625 0.0611111
0 0.319531 0.437963 0.0161458 0.0740741
1 0.53099 0.436111 0.0109375 0.0185185
