0 0.247656 0.42963 0.0119792 0.0425926
0 0.138021 0.628704 0.0125 0.0555556
0 0.12526 0.450926 0.0119792 0.0481481
0 0.585417 0.494444 0.0125 0.0388889
0 0.314323 0.239815 0.0130208 0.0462963
0 0.0440104 0.477778 0.00989583 0.0388889
0 0.530729 0.397222 0.0125 0.05
0 0.053125 0.601852 0.0166667 0.0777778
0 0.55026 0.425463 0.0223958 0.0935185
0 0.0604167 0.475 0.00833333 0.0333333
0 0.607813 0.415278 0.0114583 0.0435185
0 0.882812 0.44213 0.0197917 0.0990741
0 0.165104 0.4875 0.015625 0.0824074
0 0.858594 0.441667 0.0265625 0.0907407
0 0.536198 0.45463 0.0244792 0.103704
0 0.329167 0.467593 0.0166667 0.0722222
0 0.346875 0.461111 0.0208333 0.0759259
0 0.616146 0.429167 0.021875 0.0601852
0 0.753125 0.428704 0.0260417 0.0833333
1 0.554688 0.497685 0.0135417 0.025
1 0.558594 0.474074 0.0078125 0.0111111
