0 0.592969 0.360185 0.00989583 0.0407407
0 0.454948 0.258796 0.00677083 0.025
0 0.247135 0.612037 0.0244792 0.112963
4 0.784115 0.340741 0.0859375 0.0444444
0 0.0869792 0.441667 0.0125 0.0537037
0 0.583333 0.376389 0.00625 0.0194444
4 0.804688 0.346296 0.134375 0.062963
0 0.649219 0.365741 0.00677083 0.0277778
0 0.24349 0.413426 0.0109375 0.0472222
0 0.684635 0.370833 0.00989583 0.0416667
0 0.9375 0.412963 0.0458333 0.209259
0 0.736198 0.359722 0.0130208 0.0601852
6 0.684375 0.368981 0.0104167 0.0416667
0 0.76849 0.383333 0.0151042 0.0592593
0 0.123958 0.49213 0.0229167 0.112037
0 0.502083 0.386111 0.01875 0.0907407
0 0.53776 0.384259 0.00989583 0.037037
0 0.561198 0.385185 0.0119792 0.0425926
0 0.284635 0.4625 0.0213542 0.110185
0 0.627865 0.380556 0.0151042 0.05
0 0.697917 0.39537 0.015625 0.0703704
0 0.727865 0.389352 0.0140625 0.0583333
0 0.748958 0.401852 0.01875 0.0648148
1 0.802344 0.399074 0.0078125 0.012963
