0 0.0330729 0.676852 0.0244792 0.118519
4 0.815885 0.350926 0.136979 0.0740741
0 0.454167 0.369907 0.00833333 0.0324074
0 0.145052 0.430093 0.0161458 0.0564815
0 0.659635 0.363889 0.0078125 0.0314815
6 0.690365 0.368981 0.0109375 0.0453704
0 0.947917 0.4125 0.04375 0.199074
0 0.6125 0.382407 0.0135417 0.0537037
0 0.126823 0.492593 0.0234375 0.105556
0 0.707292 0.39213 0.015625 0.0490741
0 0.238281 0.463889 0.0213542 0.1
0 0.682031 0.405093 0.0213542 0.0583333
0 0.729688 0.389815 0.0145833 0.0592593
0 0.602604 0.412963 0.028125 0.0777778
0 0.54401 0.381019 0.00989583 0.0416667
0 0.469792 0.393056 0.025 0.0935185
0 0.564062 0.388426 0.0135417 0.0435185
1 0.705208 0.433333 0.0104167 0.0185185
