0 0.357031 0.390278 0.0119792 0.0435185
0 0.363542 0.523148 0.0125 0.0462963
0 0.681771 0.382407 0.009375 0.037037
0 0.183594 0.417593 0.0109375 0.0425926
0 0.288802 0.395833 0.00989583 0.0361111
0 0.21276 0.424074 0.0130208 0.0537037
0 0.375 0.393056 0.0104167 0.0453704
0 0.340104 0.40463 0.0104167 0.0425926
0 0.473177 0.378241 0.0140625 0.0509259
0 0.0236979 0.462963 0.0109375 0.0444444
0 0.414844 0.431481 0.0161458 0.0555556
0 0.711198 0.368981 0.00677083 0.0287037
6 0.521615 0.390278 0.0151042 0.0490741
0 0.43151 0.38287 0.0109375 0.037963
6 0.43151 0.383333 0.0109375 0.037037
6 0.740104 0.376852 0.0114583 0.0425926
0 0.740365 0.376852 0.0109375 0.0425926
0 0.988021 0.426389 0.021875 0.232407
0 0.0546875 0.456944 0.0197917 0.0694444
0 0.10026 0.506944 0.0234375 0.106481
0 0.45 0.435185 0.021875 0.0777778
0 0.521615 0.391204 0.0151042 0.0472222
0 0.686979 0.398148 0.0125 0.0537037
0 0.413802 0.410185 0.0203125 0.0981481
0 0.533594 0.399537 0.0130208 0.0453704
0 0.592188 0.42963 0.0354167 0.0888889
0 0.327865 0.446759 0.0203125 0.0805556
0 0.729688 0.405556 0.0239583 0.0481481
0 0.550781 0.436111 0.0255208 0.0777778
1 0.540365 0.462037 0.00885417 0.0166667
