0 0.629687 0.386574 0.0104167 0.0416667
0 0.0244792 0.468056 0.0135417 0.0546296
0 0.139062 0.444907 0.0114583 0.0453704
0 0.647917 0.382407 0.00833333 0.0314815
0 0.0671875 0.455556 0.015625 0.0611111
0 0.925 0.396296 0.015625 0.05
0 0.109896 0.499074 0.0197917 0.0888889
0 0.414583 0.4 0.0145833 0.05
0 0.277083 0.475926 0.0166667 0.0814815
0 0.291927 0.466667 0.0203125 0.0833333
0 0.59974 0.391667 0.0109375 0.0425926
0 0.824219 0.431019 0.0203125 0.0824074
0 0.483333 0.421759 0.025 0.108333
0 0.675521 0.421759 0.0177083 0.0824074
0 0.559115 0.421296 0.0171875 0.062963
0 0.803125 0.431481 0.0229167 0.0796296
0 0.528646 0.448148 0.021875 0.101852
1 0.547135 0.48287 0.0140625 0.0231481
