0 0.703906 0.617593 0.0223958 0.087037
4 0.939062 0.373611 0.121875 0.0898148
0 0.522135 0.388889 0.00989583 0.0388889
0 0.378646 0.438889 0.0208333 0.0648148
0 0.215885 0.416204 0.0109375 0.0435185
0 0.359375 0.395833 0.0125 0.0490741
0 0.136458 0.428704 0.009375 0.037037
0 0.553906 0.380093 0.0109375 0.0453704
0 0.153125 0.445833 0.015625 0.0583333
0 0.733594 0.4 0.0078125 0.0296296
0 0.808594 0.382407 0.0140625 0.0425926
0 0.377604 0.453241 0.0302083 0.10463
0 0.721094 0.398611 0.0078125 0.0287037
0 0.364062 0.455556 0.021875 0.0981481
0 0.533333 0.401852 0.0125 0.0407407
0 0.480208 0.3875 0.009375 0.0416667
0 0.0958333 0.50463 0.021875 0.118519
0 0.728906 0.421296 0.0109375 0.0425926
0 0.536719 0.432407 0.0213542 0.0759259
0 0.764063 0.413889 0.0135417 0.0574074
0 0.438281 0.416204 0.0286458 0.106481
0 0.569271 0.426852 0.0322917 0.0777778
1 0.55625 0.463889 0.0125 0.0222222
