0 0.160156 0.428241 0.0161458 0.0564815
0 0.454948 0.418056 0.0203125 0.0472222
0 0.250521 0.656018 0.015625 0.062037
0 0.983854 0.209259 0.015625 0.0592593
0 0.22526 0.418519 0.0109375 0.0444444
4 0.50625 0.281944 0.145833 0.197222
0 0.747917 0.357407 0.0104167 0.0462963
6 0.640365 0.414352 0.0234375 0.0768519
0 0.659635 0.364352 0.0078125 0.0324074
0 0.735937 0.361111 0.0114583 0.0462963
0 0.689062 0.367593 0.0104167 0.0388889
0 0.679688 0.362037 0.0104167 0.0444444
6 0.689062 0.366204 0.0114583 0.037963
4 0.817187 0.355093 0.132292 0.0805556
0 0.584635 0.360185 0.00989583 0.0388889
0 0.55651 0.397222 0.00885417 0.0314815
0 0.54375 0.383796 0.009375 0.0416667
0 0.470833 0.370833 0.0104167 0.0398148
0 0.558333 0.416667 0.01875 0.0703704
0 0.948438 0.4125 0.0427083 0.200926
0 0.640365 0.414815 0.0223958 0.0777778
0 0.56224 0.393519 0.0109375 0.0407407
0 0.692187 0.388889 0.0125 0.0518519
0 0.119531 0.491667 0.0255208 0.112963
0 0.60026 0.384259 0.0140625 0.0537037
0 0.236979 0.4625 0.0177083 0.0916667
0 0.454948 0.394907 0.0234375 0.0953704
0 0.547135 0.390278 0.00989583 0.0435185
0 0.716146 0.390278 0.021875 0.0583333
1 0.667708 0.438426 0.0125 0.0212963
