0 0.0476562 0.474074 0.0130208 0.0481481
0 0.276563 0.424537 0.0125 0.0490741
0 0.421875 0.411111 0.0145833 0.0518519
0 0.623698 0.390278 0.00677083 0.0268519
0 0.463542 0.441667 0.0145833 0.0537037
0 0.471875 0.399537 0.0114583 0.0472222
0 0.0557292 0.476389 0.0104167 0.0398148
0 0.0729167 0.475 0.00833333 0.0314815
0 0.634115 0.391667 0.00885417 0.0351852
0 0.574479 0.392593 0.0125 0.0462963
0 0.46224 0.468056 0.0203125 0.0916667
0 0.846354 0.444444 0.028125 0.1
0 0.596875 0.419444 0.0104167 0.0425926
0 0.151302 0.488426 0.0182292 0.0768519
0 0.335417 0.466667 0.0145833 0.0592593
0 0.351562 0.456944 0.0166667 0.0638889
0 0.753125 0.425463 0.021875 0.0898148
0 0.545052 0.423148 0.0265625 0.114815
0 0.610417 0.430556 0.0145833 0.0537037
1 0.477344 0.504167 0.0140625 0.025
1 0.128125 0.478241 0.00625 0.012037
