0 0.186458 0.4125 0.015625 0.0601852
0 0.638281 0.364352 0.00885417 0.037963
0 0.665885 0.359722 0.0078125 0.037963
0 0.65625 0.355093 0.0104167 0.0416667
0 0.725781 0.362037 0.0119792 0.0574074
0 0.0617188 0.449074 0.0140625 0.05
4 0.792188 0.343056 0.126042 0.0564815
6 0.673437 0.37037 0.0114583 0.0425926
0 0.673437 0.371296 0.0104167 0.0425926
0 0.925 0.410185 0.04375 0.211111
0 0.110677 0.493981 0.0244792 0.113889
0 0.533073 0.381481 0.0140625 0.0425926
0 0.623698 0.379167 0.0171875 0.0527778
0 0.758854 0.386574 0.0135417 0.0509259
0 0.717448 0.388426 0.0130208 0.0564815
0 0.5 0.386574 0.0260417 0.0916667
0 0.696875 0.393981 0.0145833 0.0638889
0 0.554948 0.384259 0.0109375 0.0425926
0 0.289323 0.464352 0.0286458 0.117593
0 0.740104 0.397685 0.015625 0.0675926
1 0.8125 0.4 0.00833333 0.012963
