0 0.624479 0.387963 0.00729167 0.0277778
0 0.188542 0.578241 0.021875 0.106481
0 0.0695312 0.474074 0.0078125 0.0296296
0 0.294271 0.423148 0.0135417 0.05
0 0.0528646 0.477778 0.00989583 0.0388889
0 0.614844 0.391204 0.00885417 0.0342593
0 0.575 0.387963 0.0104167 0.0388889
0 0.635938 0.389815 0.00833333 0.0351852
0 0.646354 0.393981 0.009375 0.037963
0 0.386198 0.451852 0.0130208 0.0555556
0 0.60599 0.388889 0.0109375 0.0425926
0 0.8125 0.446296 0.0229167 0.0888889
0 0.130729 0.4875 0.015625 0.075
0 0.823958 0.438426 0.01875 0.0972222
0 0.389583 0.477778 0.01875 0.0740741
0 0.538021 0.422222 0.0239583 0.116667
0 0.347656 0.455093 0.0130208 0.0564815
0 0.359375 0.45 0.015625 0.0592593
0 0.741146 0.424074 0.0177083 0.0851852
0 0.586719 0.428241 0.0213542 0.062037
1 0.405469 0.505093 0.0130208 0.0231481
