0 0.417708 0.405556 0.01875 0.0944444
0 0.674219 0.363426 0.00989583 0.0416667
0 0.160156 0.428241 0.0130208 0.0509259
0 0.457031 0.381944 0.0078125 0.0324074
0 0.405729 0.391204 0.0114583 0.0472222
0 0.295052 0.624537 0.0140625 0.0527778
0 0.788802 0.619444 0.0140625 0.0518519
0 0.382031 0.389352 0.0109375 0.0435185
0 0.564062 0.420833 0.0177083 0.0694444
0 0.757292 0.377778 0.0125 0.0425926
0 0.524219 0.395833 0.0119792 0.0435185
0 0.0966146 0.508796 0.0244792 0.108333
0 0.696354 0.403704 0.0197917 0.0574074
0 0.35599 0.446759 0.0213542 0.0842593
0 0.535417 0.401852 0.0125 0.0481481
0 0.428125 0.440741 0.0229167 0.0888889
0 0.588021 0.418056 0.028125 0.0898148
0 0.733594 0.403241 0.0161458 0.0583333
