0 0.480208 0.389352 0.0104167 0.0342593
0 0.320573 0.41713 0.0140625 0.0509259
0 0.489844 0.3875 0.0078125 0.0287037
0 0.298438 0.416204 0.0135417 0.0509259
0 0.0364583 0.460648 0.0166667 0.0638889
0 0.894271 0.39213 0.015625 0.0453704
0 0.497917 0.3875 0.00833333 0.0342593
0 0.541927 0.406944 0.0119792 0.0509259
0 0.379948 0.401389 0.0130208 0.0490741
0 0.57474 0.390741 0.0109375 0.0407407
0 0.273958 0.471759 0.01875 0.0842593
0 0.0880208 0.502315 0.0197917 0.0953704
0 0.4625 0.418519 0.0229167 0.107407
0 0.535677 0.421759 0.0171875 0.0583333
0 0.779427 0.422222 0.0203125 0.0833333
0 0.79974 0.426852 0.0192708 0.0796296
0 0.257812 0.481019 0.021875 0.0805556
0 0.648438 0.418981 0.0208333 0.0842593
0 0.51224 0.441667 0.0234375 0.105556
1 0.532552 0.481481 0.0130208 0.0222222
