0 0.678385 0.358333 0.00989583 0.0462963
0 0.584635 0.360648 0.00989583 0.037963
0 0.983594 0.210185 0.0171875 0.0592593
0 0.660156 0.363426 0.00885417 0.0342593
4 0.817708 0.355556 0.13125 0.0814815
0 0.477865 0.368981 0.00989583 0.0361111
0 0.55026 0.39213 0.00989583 0.0398148
0 0.948438 0.413426 0.040625 0.199074
0 0.545313 0.414815 0.0197917 0.0703704
0 0.6875 0.388426 0.0125 0.0490741
0 0.540625 0.388889 0.0125 0.0462963
0 0.592969 0.385648 0.0182292 0.0564815
0 0.713542 0.390278 0.0125 0.0509259
0 0.114844 0.494444 0.0213542 0.107407
0 0.238802 0.457407 0.0182292 0.0907407
0 0.626562 0.415741 0.0260417 0.087037
0 0.451562 0.39537 0.0260417 0.0944444
1 0.0783854 0.991667 0.00677083 0.0111111
1 0.649479 0.443981 0.0135417 0.0212963
