6 0.709635 0.371759 0.00989583 0.0416667
0 0.698438 0.358333 0.0104167 0.0444444
4 0.838021 0.349074 0.133333 0.0685185
0 0.540885 0.363889 0.0109375 0.037037
0 0.167969 0.548148 0.0182292 0.0740741
0 0.54375 0.393981 0.0145833 0.0435185
0 0.68099 0.365741 0.00885417 0.0314815
0 0.464063 0.370833 0.0104167 0.0416667
0 0.709896 0.373148 0.009375 0.0407407
0 0.970312 0.418056 0.046875 0.221296
0 0.10599 0.495833 0.0234375 0.112037
0 0.539844 0.42037 0.0223958 0.0666667
0 0.67474 0.386574 0.0171875 0.0453704
0 0.557813 0.392593 0.0135417 0.0555556
0 0.522656 0.395833 0.00989583 0.0453704
0 0.723437 0.387037 0.0114583 0.0481481
0 0.279687 0.446759 0.015625 0.075
0 0.507812 0.407407 0.015625 0.0648148
0 0.439323 0.399537 0.0234375 0.0953704
1 0.557552 0.447685 0.0109375 0.0194444
