0 0.0247396 0.4625 0.0119792 0.0453704
0 0.075 0.440278 0.0125 0.0453704
0 0.21276 0.423611 0.0130208 0.0546296
0 0.183073 0.418519 0.0109375 0.0425926
0 0.340365 0.4 0.0109375 0.05
0 0.126042 0.43287 0.015625 0.0546296
6 0.432031 0.382407 0.00989583 0.0388889
0 0.711198 0.368981 0.00677083 0.0268519
0 0.375781 0.392593 0.00989583 0.0444444
0 0.432292 0.38287 0.0104167 0.037963
0 0.473958 0.377315 0.0125 0.0490741
0 0.358073 0.389815 0.0130208 0.0425926
0 0.740365 0.376389 0.00989583 0.0416667
0 0.0557292 0.457407 0.0177083 0.0685185
0 0.989062 0.426852 0.021875 0.231481
0 0.0986979 0.507407 0.0234375 0.107407
0 0.521094 0.391204 0.0140625 0.0472222
0 0.686198 0.398148 0.0130208 0.0574074
0 0.592188 0.42963 0.0354167 0.0888889
0 0.448438 0.436111 0.0322917 0.0851852
0 0.533073 0.4 0.0140625 0.0481481
0 0.729688 0.40463 0.021875 0.0481481
0 0.413021 0.409259 0.021875 0.0981481
0 0.551562 0.435185 0.0260417 0.0796296
0 0.328125 0.446759 0.025 0.0824074
1 0.542188 0.463426 0.0114583 0.0175926
1 0.0229167 0.423148 0.00729167 0.012963
