0 0.393229 0.545833 0.00833333 0.0268519
0 0.590365 0.390278 0.0109375 0.0453704
0 0.439583 0.4 0.0125 0.0481481
0 0.671094 0.382407 0.00989583 0.0388889
0 0.654167 0.389352 0.0104167 0.0416667
0 0.548177 0.391667 0.0109375 0.0407407
0 0.57474 0.409722 0.0109375 0.0361111
0 0.617969 0.393981 0.0109375 0.0416667
0 0.572656 0.430093 0.0161458 0.0546296
0 0.28724 0.472222 0.0203125 0.0814815
0 0.303385 0.467593 0.0203125 0.0814815
0 0.81875 0.433333 0.025 0.087037
0 0.124479 0.494444 0.0177083 0.0925926
0 0.695833 0.426852 0.0166667 0.0759259
0 0.839063 0.431944 0.01875 0.0953704
0 0.5 0.423611 0.0291667 0.108333
0 0.536979 0.45 0.0239583 0.103704
1 0.555469 0.487037 0.0151042 0.0259259
