0 0.323698 0.238426 0.0119792 0.0435185
0 0.407292 0.415278 0.0145833 0.0583333
0 0.0682292 0.473611 0.009375 0.0342593
0 0.367969 0.409722 0.0109375 0.0416667
0 0.855729 0.446296 0.021875 0.087037
0 0.566406 0.391667 0.00989583 0.0425926
0 0.879687 0.44537 0.021875 0.0944444
0 0.60625 0.418056 0.0135417 0.0490741
0 0.333854 0.465741 0.015625 0.0685185
0 0.348437 0.459722 0.015625 0.075
0 0.517448 0.462963 0.0265625 0.101852
0 0.757812 0.428241 0.0197917 0.0824074
0 0.619531 0.427778 0.0161458 0.0592593
0 0.164062 0.488426 0.0197917 0.0768519
0 0.55 0.422222 0.0239583 0.107407
1 0.533073 0.501389 0.0130208 0.025
