0 0.469271 0.373148 0.009375 0.0351852
0 0.983854 0.210648 0.015625 0.0527778
0 0.0776042 0.573148 0.015625 0.0592593
0 0.494271 0.366667 0.009375 0.037037
0 0.188802 0.615741 0.0140625 0.0574074
4 0.817969 0.356944 0.132812 0.0824074
0 0.690365 0.371759 0.00989583 0.0435185
6 0.690365 0.372685 0.0109375 0.0435185
0 0.43776 0.42037 0.0203125 0.0481481
0 0.948438 0.416204 0.0427083 0.210185
0 0.516146 0.412963 0.01875 0.0703704
0 0.525 0.391667 0.0104167 0.0425926
0 0.544531 0.382407 0.00989583 0.0388889
0 0.102083 0.495833 0.025 0.113889
0 0.570833 0.386574 0.015625 0.0546296
0 0.246875 0.458796 0.01875 0.075
0 0.585156 0.418519 0.0234375 0.0907407
0 0.67526 0.386111 0.0109375 0.0444444
0 0.708333 0.388889 0.0125 0.0481481
1 0.598177 0.452315 0.0119792 0.0212963
