0 0.229948 0.573148 0.0161458 0.0555556
0 0.203906 0.424537 0.0119792 0.0490741
0 0.00520833 0.462037 0.0104167 0.0722222
0 0.154427 0.423611 0.0078125 0.0287037
0 0.0127604 0.246296 0.0140625 0.0518519
0 0.276042 0.39537 0.00833333 0.0333333
0 0.463281 0.381481 0.00885417 0.0407407
0 0.0585938 0.45 0.0161458 0.0611111
0 0.133333 0.47963 0.0135417 0.0592593
0 0.724479 0.371759 0.009375 0.0416667
0 0.446875 0.377778 0.0135417 0.0518519
0 0.015625 0.468056 0.0208333 0.0712963
0 0.135417 0.494444 0.0208333 0.109259
0 0.982031 0.418519 0.0359375 0.22963
0 0.559375 0.383333 0.0104167 0.0481481
0 0.526823 0.408796 0.0140625 0.062037
0 0.711719 0.388889 0.0109375 0.0537037
0 0.507292 0.412037 0.0229167 0.0685185
0 0.678385 0.391667 0.0151042 0.0518519
0 0.542188 0.40463 0.0135417 0.0648148
0 0.421354 0.405556 0.025 0.1
0 0.305208 0.441667 0.0166667 0.0796296
