0 0.460417 0.390278 0.0125 0.0509259
0 0.176042 0.440278 0.0145833 0.0564815
0 0.288802 0.470833 0.0203125 0.0953704
0 0.154167 0.547222 0.0125 0.0351852
0 0.555208 0.378241 0.00833333 0.0361111
0 0.0145833 0.466667 0.015625 0.0481481
4 0.94375 0.3625 0.109375 0.0601852
0 0.152604 0.430093 0.0114583 0.0453704
0 0.439323 0.3875 0.0109375 0.0416667
0 0.209115 0.55463 0.0192708 0.0814815
0 0.583594 0.393519 0.0151042 0.0388889
0 0.819792 0.384259 0.0125 0.0407407
0 0.729167 0.404167 0.009375 0.0416667
0 0.370573 0.391204 0.00989583 0.0342593
0 0.523958 0.3875 0.009375 0.037963
0 0.059375 0.5125 0.0239583 0.102778
0 0.539062 0.377778 0.009375 0.0351852
0 0.511719 0.40463 0.0109375 0.05
0 0.277604 0.475926 0.034375 0.103704
0 0.75599 0.414352 0.0151042 0.0694444
0 0.5 0.441667 0.021875 0.0777778
0 0.735417 0.41713 0.015625 0.0657407
0 0.576563 0.421296 0.0260417 0.0796296
0 0.424219 0.419444 0.0255208 0.105556
1 0.517969 0.468981 0.0119792 0.0212963
1 0.113542 0.411574 0.009375 0.0157407
