0 0.747917 0.351389 0.00833333 0.0361111
0 0.466667 0.365278 0.009375 0.0305556
0 0.585156 0.360648 0.00989583 0.037963
6 0.655469 0.388889 0.00989583 0.0333333
0 0.65599 0.389815 0.00989583 0.0314815
4 0.647396 0.367593 0.046875 0.0481481
0 0.169531 0.796759 0.0255208 0.123148
0 0.735937 0.360185 0.0104167 0.0425926
0 0.660156 0.367593 0.0109375 0.0425926
0 0.678385 0.362963 0.00989583 0.0462963
4 0.816406 0.353704 0.131771 0.0777778
0 0.689062 0.369907 0.0114583 0.0453704
0 0.571875 0.393981 0.0125 0.0398148
6 0.689062 0.368981 0.0125 0.0453704
0 0.948438 0.413889 0.0427083 0.194444
0 0.544271 0.381944 0.009375 0.0416667
0 0.570312 0.415278 0.0229167 0.075
0 0.459375 0.394907 0.01875 0.0916667
0 0.695573 0.394907 0.0119792 0.0472222
0 0.647135 0.411111 0.0296875 0.0777778
0 0.236198 0.463426 0.0182292 0.0916667
0 0.122656 0.493981 0.0244792 0.112037
0 0.552083 0.388889 0.0104167 0.0444444
0 0.603646 0.384722 0.015625 0.0564815
0 0.717969 0.393981 0.0223958 0.0527778
1 0.677604 0.437037 0.0114583 0.0222222
