0 0.553646 0.653241 0.015625 0.0564815
0 0.623438 0.357407 0.00729167 0.0296296
0 0.451042 0.419907 0.015625 0.0509259
6 0.553385 0.420833 0.00885417 0.0361111
0 0.523438 0.373148 0.00729167 0.0314815
0 0.421615 0.377778 0.00885417 0.0296296
0 0.547917 0.391204 0.00833333 0.037963
0 0.685417 0.376389 0.0125 0.0361111
0 0.610937 0.362963 0.00833333 0.0314815
0 0.565625 0.384722 0.0104167 0.0324074
0 0.555208 0.390278 0.009375 0.0398148
0 0.735677 0.372222 0.0109375 0.0425926
0 0.988281 0.422685 0.0234375 0.230556
6 0.735677 0.372685 0.0119792 0.0435185
0 0.149479 0.49213 0.0239583 0.113889
0 0.685417 0.392593 0.0104167 0.0351852
0 0.583333 0.383796 0.0104167 0.037963
0 0.721615 0.385185 0.0109375 0.0481481
0 0.449479 0.398148 0.021875 0.101852
0 0.564062 0.410185 0.0177083 0.0537037
0 0.542448 0.403704 0.0140625 0.0574074
0 0.321615 0.4375 0.0151042 0.075
1 0.532552 0.436574 0.0109375 0.0175926
1 0.0205729 0.425 0.00989583 0.0166667
