0 0.422656 0.413889 0.0119792 0.05
0 0.661458 0.396296 0.009375 0.037037
0 0.379948 0.418519 0.00885417 0.037037
0 0.28125 0.426852 0.0125 0.05
0 0.477865 0.398611 0.0109375 0.0453704
0 0.00260417 0.489352 0.00520833 0.0527778
0 0.111198 0.452778 0.0119792 0.0462963
0 0.583854 0.39213 0.009375 0.0416667
0 0.0460938 0.472222 0.0109375 0.0481481
0 0.573958 0.390278 0.00833333 0.0361111
0 0.0127604 0.471759 0.00989583 0.0416667
0 0.634896 0.391204 0.009375 0.037963
0 0.0325521 0.481019 0.0109375 0.0453704
0 0.0544271 0.477778 0.0109375 0.0407407
0 0.0721354 0.475463 0.00885417 0.0342593
0 0.144271 0.486574 0.0166667 0.0787037
0 0.591146 0.418981 0.0135417 0.0490741
0 0.33776 0.462963 0.0140625 0.0574074
0 0.835938 0.443519 0.025 0.0962963
0 0.354167 0.456019 0.0145833 0.062037
0 0.4375 0.466204 0.0197917 0.0916667
0 0.602344 0.430093 0.0151042 0.0564815
0 0.542448 0.421759 0.0265625 0.115741
0 0.746875 0.425926 0.0208333 0.0833333
1 0.449219 0.504167 0.0130208 0.0231481
1 0.0377604 0.496296 0.00677083 0.0148148
