4 0.94375 0.35787 0.109375 0.0546296
0 0.602083 0.377315 0.0125 0.0435185
0 0.817708 0.384259 0.0125 0.0407407
0 0.523438 0.397222 0.0114583 0.037037
0 0.132031 0.445833 0.0119792 0.0435185
0 0.271354 0.415278 0.0145833 0.0564815
0 0.552604 0.376852 0.009375 0.0388889
0 0.726823 0.39537 0.0119792 0.0388889
0 0.369531 0.39213 0.00885417 0.0324074
0 0.170312 0.449074 0.0135417 0.0425926
0 0.45651 0.386574 0.0109375 0.0435185
0 0.00598958 0.468056 0.0109375 0.0490741
0 0.208073 0.551852 0.0213542 0.0981481
0 0.326823 0.461111 0.0244792 0.1
0 0.502083 0.388426 0.009375 0.0416667
0 0.31276 0.468519 0.0328125 0.103704
0 0.430469 0.417593 0.0244792 0.105556
0 0.0757812 0.506019 0.0255208 0.110185
0 0.735417 0.413426 0.0208333 0.075
0 0.516667 0.439815 0.025 0.0851852
0 0.761979 0.413426 0.01875 0.0694444
0 0.577865 0.424537 0.0296875 0.0768519
1 0.53125 0.465278 0.0125 0.0231481
