0 0.690625 0.366204 0.009375 0.0398148
0 0.429688 0.258333 0.00729167 0.0240741
0 0.673958 0.356019 0.0104167 0.0416667
0 0.0127604 0.45787 0.0171875 0.0601852
0 0.642187 0.354167 0.0104167 0.0416667
0 0.728385 0.361111 0.00885417 0.037037
0 0.664583 0.37037 0.0104167 0.0407407
0 0.713021 0.356944 0.009375 0.0490741
0 0.910156 0.4125 0.0453125 0.20463
6 0.665365 0.369907 0.0109375 0.0435185
0 0.0966146 0.497222 0.0255208 0.116667
4 0.779167 0.34537 0.129167 0.062963
0 0.778385 0.381944 0.0171875 0.0527778
0 0.696354 0.387037 0.009375 0.0425926
0 0.707292 0.386574 0.0125 0.0564815
0 0.517187 0.381019 0.0197917 0.0861111
0 0.633854 0.376389 0.0125 0.0472222
0 0.536979 0.381944 0.0125 0.0398148
0 0.325781 0.460648 0.0296875 0.112037
0 0.55651 0.383333 0.00989583 0.0407407
0 0.752083 0.391667 0.015625 0.0722222
1 0.848437 0.397685 0.00729167 0.012037
