3 0.571875 0.289815 0.121875 0.216667
0 0.189583 0.551389 0.0208333 0.0805556
0 0.455729 0.388426 0.009375 0.0435185
4 0.932031 0.37037 0.135937 0.0888889
0 0.131771 0.446759 0.015625 0.062037
0 0.215365 0.42037 0.0140625 0.05
6 0.499219 0.381019 0.00989583 0.0361111
0 0.345313 0.391667 0.009375 0.0351852
0 0.498958 0.381019 0.009375 0.0342593
0 0.515365 0.381944 0.00989583 0.0416667
0 0.793229 0.381019 0.0135417 0.0416667
0 0.560938 0.431019 0.01875 0.075
0 0.544271 0.408333 0.0125 0.05
0 0.536719 0.399537 0.0109375 0.0435185
0 0.10625 0.501389 0.025 0.115741
0 0.757812 0.406481 0.015625 0.0648148
0 0.719271 0.406019 0.0260417 0.0657407
0 0.408594 0.444444 0.0223958 0.0925926
0 0.382552 0.455556 0.0203125 0.0925926
0 0.439583 0.411574 0.0229167 0.102778
1 0.580208 0.462037 0.0125 0.0203704
