0 0.528906 0.394444 0.0119792 0.05
0 0.485938 0.396759 0.0135417 0.0361111
6 0.490104 0.375 0.0135417 0.0333333
0 0.551302 0.386111 0.0130208 0.0425926
0 0.466667 0.381481 0.0104167 0.0425926
0 0.447656 0.381481 0.0130208 0.0518519
0 0.275 0.395833 0.009375 0.0342593
0 0.724219 0.372222 0.0119792 0.0407407
0 0.698438 0.36713 0.009375 0.0342593
6 0.723958 0.371759 0.0125 0.0416667
0 0.980208 0.42037 0.0375 0.222222
0 0.678385 0.395833 0.0140625 0.0490741
0 0.546354 0.411111 0.0197917 0.0833333
0 0.130208 0.498611 0.0260417 0.113889
0 0.522917 0.413889 0.01875 0.0777778
0 0.720052 0.394907 0.0203125 0.0546296
0 0.305729 0.445833 0.015625 0.0805556
0 0.413021 0.40463 0.021875 0.1
0 0.492969 0.418519 0.0265625 0.0796296
