0 0.0244792 0.247685 0.0145833 0.0527778
0 0.607292 0.359722 0.00833333 0.0324074
0 0.415885 0.378241 0.00885417 0.0324074
0 0.710417 0.36713 0.00833333 0.0324074
0 0.988021 0.422222 0.021875 0.235185
0 0.542188 0.4125 0.021875 0.0638889
0 0.538281 0.392593 0.00989583 0.0425926
0 0.584635 0.385185 0.00885417 0.037037
0 0.68776 0.38287 0.0140625 0.0490741
0 0.325521 0.438889 0.0166667 0.0740741
0 0.455208 0.397685 0.01875 0.0972222
0 0.145052 0.493056 0.0255208 0.110185
0 0.567708 0.398148 0.01875 0.0648148
0 0.735677 0.384259 0.0192708 0.0574074
1 0.533594 0.436111 0.0109375 0.0166667
1 0.0210938 0.424074 0.00989583 0.0166667
