0 0.727865 0.359259 0.0109375 0.05
0 0.0226563 0.24537 0.0140625 0.0518519
0 0.988281 0.422685 0.0234375 0.232407
0 0.739062 0.383796 0.0135417 0.0564815
0 0.533333 0.394444 0.0104167 0.0407407
0 0.598958 0.361574 0.00833333 0.0361111
0 0.538802 0.41713 0.0171875 0.0601852
0 0.546875 0.401852 0.009375 0.0407407
0 0.584375 0.384259 0.00833333 0.037037
0 0.324479 0.439815 0.0177083 0.0740741
0 0.45625 0.397685 0.0197917 0.0972222
0 0.688802 0.387037 0.0171875 0.0444444
0 0.139323 0.49537 0.0244792 0.107407
0 0.570312 0.394444 0.0135417 0.0611111
1 0.540365 0.439815 0.0109375 0.0203704
