0 0.703385 0.368519 0.0078125 0.0296296
0 0.0382813 0.4625 0.0151042 0.0638889
0 0.0981771 0.433333 0.0109375 0.0425926
0 0.0651042 0.439815 0.0135417 0.05
0 0.578125 0.412037 0.0166667 0.0611111
0 0.573177 0.4 0.0109375 0.0333333
0 0.579687 0.404167 0.0125 0.037963
0 0.534896 0.394444 0.01875 0.0481481
0 0.118229 0.5 0.0208333 0.111111
0 0.584896 0.427778 0.021875 0.0740741
0 0.73099 0.394907 0.0140625 0.062037
0 0.983333 0.422222 0.03125 0.231481
0 0.682813 0.398611 0.0135417 0.0527778
0 0.411719 0.410648 0.0192708 0.0972222
0 0.525781 0.43287 0.0223958 0.0842593
0 0.463802 0.435648 0.0296875 0.0824074
0 0.317969 0.446759 0.0171875 0.0731481
