0 0.564062 0.38287 0.0104167 0.0416667
0 0.433333 0.387963 0.009375 0.0351852
0 0.188542 0.4375 0.015625 0.0583333
0 0.519531 0.3875 0.00885417 0.0342593
4 0.257031 0.375 0.156771 0.0907407
0 0.426042 0.3875 0.009375 0.0342593
0 0.222917 0.413426 0.0104167 0.0435185
0 0.373958 0.394907 0.0114583 0.0472222
4 0.364062 0.363426 0.148958 0.0861111
0 0.161198 0.428241 0.0109375 0.0398148
0 0.449219 0.386111 0.00989583 0.0388889
0 0.145052 0.44213 0.00989583 0.0398148
0 0.725 0.403704 0.0104167 0.037037
0 0.391406 0.411574 0.00885417 0.0305556
0 0.247135 0.476852 0.0307292 0.0981481
0 0.301042 0.407407 0.0125 0.0481481
0 0.234375 0.481019 0.034375 0.0953704
0 0.524219 0.387037 0.0109375 0.0407407
0 0.548698 0.37963 0.0078125 0.0333333
0 0.484375 0.443056 0.0270833 0.0935185
0 0.0414063 0.515741 0.0192708 0.0944444
0 0.498437 0.405093 0.0114583 0.0490741
0 0.582812 0.422222 0.0260417 0.0777778
0 0.748958 0.41713 0.01875 0.0731481
0 0.729688 0.418519 0.01875 0.0666667
0 0.414062 0.419907 0.0270833 0.108333
1 0.5 0.475 0.0135417 0.0240741
