0 0.585156 0.361111 0.00989583 0.0425926
6 0.676562 0.369907 0.0114583 0.0435185
0 0.729948 0.358333 0.0119792 0.0574074
0 0.676562 0.37037 0.0114583 0.0425926
0 0.642187 0.364815 0.00729167 0.0296296
4 0.796354 0.34537 0.130208 0.062963
0 0.071875 0.444444 0.015625 0.0537037
0 0.929688 0.409722 0.04375 0.208333
0 0.763542 0.388889 0.0125 0.0462963
0 0.115365 0.493056 0.0223958 0.112037
0 0.626042 0.377778 0.0125 0.05
0 0.534375 0.381944 0.0104167 0.0416667
0 0.501042 0.385648 0.0229167 0.0916667
0 0.557031 0.384722 0.0109375 0.0435185
0 0.721354 0.390741 0.0125 0.0537037
0 0.28724 0.462037 0.0276042 0.116667
0 0.743229 0.397685 0.015625 0.0657407
0 0.696875 0.393981 0.015625 0.0694444
1 0.808594 0.398611 0.0078125 0.0138889
