0 0.141667 0.581944 0.01875 0.0824074
0 0.190885 0.628241 0.0213542 0.0972222
0 0.709896 0.722685 0.015625 0.0694444
0 0.233333 0.418981 0.0114583 0.0453704
6 0.722135 0.373148 0.0109375 0.0407407
0 0.722135 0.373611 0.0109375 0.0398148
0 0.546875 0.36713 0.0114583 0.0453704
0 0.54401 0.394444 0.0109375 0.0444444
0 0.452344 0.424537 0.00989583 0.0398148
0 0.274219 0.397222 0.0109375 0.0444444
0 0.569792 0.382407 0.009375 0.0425926
0 0.733594 0.389815 0.00989583 0.0425926
0 0.68151 0.386574 0.0109375 0.037963
0 0.979688 0.419907 0.0375 0.219444
0 0.529688 0.393981 0.0114583 0.0472222
0 0.116667 0.493981 0.0197917 0.110185
0 0.3 0.443056 0.021875 0.075
0 0.446875 0.397222 0.0208333 0.0962963
0 0.53724 0.418056 0.0151042 0.0657407
0 0.514063 0.408796 0.0145833 0.062037
0 0.561198 0.393981 0.0130208 0.0601852
1 0.540885 0.446759 0.0109375 0.0194444
