0 0.155469 0.423611 0.00885417 0.0305556
6 0.401042 0.38287 0.00833333 0.0342593
0 0.0130208 0.244907 0.0135417 0.0490741
0 0.204948 0.424537 0.0119792 0.0472222
0 0.400781 0.382407 0.0078125 0.0333333
0 0.276042 0.395833 0.00833333 0.0342593
0 0.463281 0.380093 0.00989583 0.0435185
0 0.133594 0.480093 0.0130208 0.0564815
6 0.723698 0.371759 0.0109375 0.0435185
0 0.723958 0.371759 0.009375 0.0416667
0 0.446875 0.377778 0.0135417 0.0518519
0 0.560156 0.383796 0.00989583 0.0472222
0 0.0145833 0.468519 0.021875 0.0685185
0 0.136198 0.497685 0.0223958 0.112037
0 0.0572917 0.449537 0.0177083 0.062037
0 0.528906 0.405093 0.0140625 0.062037
0 0.981771 0.417593 0.034375 0.227778
0 0.678906 0.393056 0.0130208 0.0453704
0 0.711198 0.388426 0.0109375 0.0509259
0 0.509375 0.411574 0.021875 0.0675926
0 0.542188 0.404167 0.0135417 0.0638889
0 0.422396 0.406481 0.025 0.0962963
0 0.305208 0.441204 0.0166667 0.0787037
